   3.1888999842195491        3.1585172235452927        1.7315914409198763     
  -1.6188276909348163        3.4124137816393394        1.1461183146163920     
   1.5150839277576194        3.9108676238608386       0.91475513928731222     
  -3.4536278542137051       -3.3199789684911765       0.92326600788321067     
   3.6447039130390757        1.7397511633667959      -0.55651718271292494     
   2.8195040743523321        3.5271123826522786        6.6889654017414396E-002
  -3.9609085133081168        1.8202235462974279       -1.3578840102522425     
   2.1158597572302513        3.4063757618098500        1.7358779149425769     
  -2.2848641374967933        3.8313054268190947        1.9700094466373936     
  -2.9467595328472185        3.6001572424018335       0.37031311170903081     
   4.0057613368377902        3.3481744241571634        3.8621164105874670     
  -1.5484523363404425       -2.6626005216359410       0.13825436969657132     
  -2.4605702339933422        3.8486663425837526      -0.71756096994128338     
 -0.55431401114676748        1.5844496134686581       -1.1924415511421473     
  -2.9444461729067899        2.5194468065504494       -3.2754020108843611     
  -2.0599710889965599        2.4862148151310572        2.9049444845584578     
   1.9606580046892150        2.8756282937790050        3.0610621808277676     
  -1.6446449191418020       -1.7219002767768310        3.5631799409532539     
 -0.54023178483191625        2.0855798051670562        3.7391951379976804     
 -0.36603929948424452        1.7550228847204286        1.4153564861597767     
  0.12185154214244864        3.4814204146573569       -1.0081340381020640     
   8.7703471563804550E-002  -2.1908441834394359       -1.7574907898769030     
  -2.2358612940299247        2.9186394186591564       -1.3946884414705831     
 -0.43029680810757615       -3.9964380109070476        3.5807521709121319     
 -0.51808240954343476        2.5689752926554070        2.2876888661248573     
  0.75117716011335633       -3.9395668555437342        3.0771376270070516     
  0.33571597462924813        3.6079793638950441       0.92143568617826077     
  -1.3685029034111336       -3.6159346276188535       0.48192216512983088     
 -0.52066195001263083        2.8604020777636068        1.2408320885574375     
  -1.0935777463638641        3.5546071739819611       -1.2439764964168252     
  -1.6500831556874647       -3.7154672060362035      -0.84031967886043124     
  -2.3227059025715922       -3.2694810943949264       -3.9060673630749476     
   1.7103931575705749        4.0653919942576691        2.4313283513962660     
   1.9424519068028820       0.76721200515274501        2.5666834784006518     
  -1.2442470162941168        3.5515885772127196       -3.3775058376891245     
 -0.17295603990575453       -3.8135400894734217        1.4420014321742840     
  -2.4860805864019411       -2.9964022916695447       -2.7342310979436744     
  0.80722764735029184       -3.2442862962943448       -2.8975078016960589     
  -1.9051819444629228        1.9940019349959950      -0.97858888675808020     
  -1.1193164198991568       -3.5756021241143707       -3.5505932891908087     
   2.6331240992230440       -2.9614206153382594       0.73860946983141595     
 -0.10904500511862010       -2.6612536247075562        1.1197909782576096     
  0.33023100472655126       -3.1954563601195587        2.3150601694579680     
   1.6095493785674557       -3.2013787347302132       0.67814105844484474     
 -0.32047386559520452       -3.4122985101187764       0.38908201538135911     
  -3.1468848384570576        2.0592451955315068       -2.1337198505387973     
  0.34144615157343372        3.5066395388903437        3.5514258816235058     
   1.2126927574184301        4.1231830684523771       -2.2941162101737467     
   2.0921544590235497        3.1361832784316612       -4.0001095110114031     
   1.7384798216107160        2.1270377601669339        1.9902479627574028     
   3.2188405622307701       -2.5337616082066203        1.5466377063881636     
  -2.9004081775222010        1.8862736719779252       -1.1481681611963890     
   2.0049230278973456        4.1313208105674688       -1.0795630414247939     
   2.5552523625198891        3.2496406993265423      -0.98251658082458115     
   3.3692995256901019       -3.1500648382067538       -2.3078502020838458     
   4.0522395510656120        2.3386768071103630        3.2739316470922786     
   2.4114505202962691        2.2216368292823119        3.8987161664362295     
   2.9950799055943720       -4.0816715109879498        2.0022382817486730     
  -3.6122667201218133        3.4807161314413131        1.2324698287133471     
   2.6583150227937722       -3.1703630438122805        2.2563927537238579     
  -3.3097635773598717        1.0207268746669529      -0.72703921599570220     
  -3.3679988630362918       -2.6512738773070788       -3.1339890198906710     
   2.2100712905111055       -3.4583773264091797       -3.8573657867596447     
   3.5042208172036702        3.4755874978570773       -2.6086724017769249     
  -1.8591452501148154        1.1077998576741579        3.4407430927124358     
  -2.8984294273685505       -2.8746911895667808        1.8049426773524408     
  -2.7435312911750036        1.8458683508460845        3.7461342764740344     
   4.0017240390020792        3.7684671844281223        1.9833025018220281     
  -2.8247307110339532        2.8428878725165556      -0.57838252574714910     
  -3.9858451671396504       -3.0143014157806491       0.11117625956746510     
  -1.6723273845569515        1.9025890053412828       0.14674821892578144     
  -3.7389985571244195        2.8621363764296972        2.2565496679965400     
 -0.86762505014046543       -3.6886200848561157        2.7040501920696349     
  -1.4929092992392292        2.8802817477337443        2.0142409052490584     
  -1.5183437847984114        2.2973596512201535        1.0537075608801547     
  -2.6515393285427411       -3.4828795569613953        2.6631403352567551     
  -3.3077754262213608       -3.1899058907031894       -1.0257232668106839     
  -2.3799297006096154        1.6843592894793420       -2.9621401684266977     
 -0.80109397912582747        2.4993505010812034      -0.79917812721278625     
   2.5640649031220550        4.0618969654902504        3.7953863835276613     
  -2.3532939182935064        3.4331422401178786       -3.2153372140196121     
  -2.5368131865309849       -3.7898841266700223       0.90026301408650788     
  -2.5940439341902599        2.4212518345596972        2.0447989810657852     
  -1.2492399092278796       0.30135689352321893        1.3168395203908687     
  -2.2460474231343821       0.79542490537923660       -2.1292476236727738     
  0.32036039302310082        3.2675036069450192        1.9522556623712342     
   3.6395160505590889        2.7897414468329882       -1.0870114758259211     
   4.8015378557152287E-002  -3.5760497048795972       -3.7830880123863055     
 -0.80588883589072391        3.4648144730108705        2.9208488794564880     
  -1.9665889469036293        3.2341231128287555        3.6951687957620640     
 -0.64894440910441475        3.7683764056528908      -0.29260289663653993     
  -1.8969133944048968        4.0808587157061016        2.8804272652653138     
  -2.7409459374573144        1.9128270779861813       -7.2954677588578279E-002
   1.2887401289070641       0.68035258724426095      -0.59758364955324306     
  0.43322876361298568        1.2843134565331840      -0.61498235350375130     
 -0.57604692403241675        2.6391205682416454       -3.5183050287529434     
   1.8567859860087927       -2.9475213954959854       -3.0595110932831471     
 -0.88574398110573349       -3.0069923327564028        3.9026226075349477     
   4.0110238749550400E-002   3.0961455364444097        2.2494577051872827E-002
  0.95139650022559974        3.2315933343110030        2.7778944512538848     
 -0.52229955622136048       -3.8929491607339370       -2.6801978459982205     
  0.68378020892658586       -3.6217642671344903       0.79365521963998176     
   2.4468840089387842       -3.5329948147878603       -2.4943847529558330     
   2.0971178209479890        2.1217065214690178       -2.8087502667254860     
  0.77371613753157731        1.8254722732721809        3.9001381471189012     
   1.4372818903044100        1.9802476042601294       0.90210229694447652     
   2.6825332080882638       -2.0320959069486748       0.31007743812433886     
  -2.1070826489846293       0.13809642849240861       0.66724430895578912     
   3.2305867356064821       -4.0272663889216824      -0.78404481108082247     
 -0.69612794103367448       0.52495675039944911       -1.0488473378343921     
  0.20186124008547146        2.5654220004907042        3.0990079940789226     
  -1.3054014590621235        1.8840401691804529       -3.4871387627580712     
  0.65896958274999562        1.0620424900723735       -3.7203396623792004     
   3.0891481320336780        1.8734704921980523        2.9865722314557361     
   2.7976120789614902        2.3862123369781605      -0.44173126950635455     
   1.7901105089116736        3.5753263491972320      -0.10597591169535096     
  -4.0990251401043283       -3.8266805154863253      -0.52323609498510681     
   1.6186931234723174        2.5973862217436987      -0.49415108374141098     
  0.67186502958307359        2.4694667223040851       -1.2192720428268971     
   1.3153057412371141        2.6695950734173537        3.8229129955984971     
   3.8917945179905997      -0.12498203967370533       -3.7273916782571064     
  -3.3601992378973136       -3.6031055471935240       -3.5730117566383308     
   3.0252810442792319        1.6753442360753314       0.24879208419445145     
  0.15082009159622056       -2.5274263934554164        4.1224992618641148     
  -3.0751983762307407        1.3158944492710081        1.7461072507117492     
   3.3892862564391697        1.3655959916680365       -2.6353786410255235     
  -2.5672434414182890       -3.4637969352254356       -1.6798219182115295     
  -3.2550739374215465        2.2822442673083105        2.9891576478839559     
  -3.3002290733277975        4.1368705273386475       -1.5847759525033340     
   3.7988340400446075        3.3189622385291577      -0.24859173899022285     
  -2.2640693864937651       0.92245764241418371      -0.96495165594222321     
  -3.4278086389366322        1.5140668101029420       0.81576965513100341     
  -3.5374647229163925        2.2991648943217995        1.4482677910620114     
  -1.6920835335652671      -0.13056432991093025      -0.93137138817616638     
  -3.5956861284342172       0.15308660291140130       -1.4946209207949555     
  -4.1052071964523122        2.1916836118018201       -2.5251494906784999     
  -1.8114434939191226       -3.1743116512323821        2.2041292781911221     
   1.4373847030783711       -3.2555257972837564        2.4158314988259733     
  -3.9494740965272035      -0.27470783748699246        1.2847357197274227     
  0.43771022234181478       0.54800154771682175       0.10160846317298396     
   3.3732803368840627       0.38502801863518299       0.95436486852013969     
   4.0264413902991851        1.7571721484193423       -3.6284046099831784     
  -1.7630215538006178       0.29162541347370852        4.1416743044420761     
  -1.6487238988688349        3.4295254473996586       -2.3457282148015954     
   3.6204733752179434        3.1339554521673083        2.8169570425047108     
 -0.72401820796941663        1.9433499731746442       0.49282960378313223     
  -1.6882875939822575        1.8330509685797860        2.0300759773168964     
 -0.66279194611486503        3.9018161074835795       0.72966261999069315     
  0.69789269241941754        3.9154832848772099        4.0437983989088953E-002
  0.22122953621594324        1.3878493572880963       0.60091404625115463     
  0.14507463508606649       0.90363775990452311       -2.8652975762771455     
   1.3351682967651408        3.1463641308624499       -2.6933768189552021     
  -3.5570100139186134       -1.0318189266725930       -1.3183678000578773     
  -1.6883869164325620      -0.17385514417630080        2.5484468613814344     
  -1.5523564538325219       -2.2364854846074582        1.9282164348011857     
  0.10803524564792444        1.5795165501539719        2.8882126989933665     
  0.42945700327857889       0.38524367819417971       -1.3378480604032448     
 -0.26225529290186156       -3.8872620732380510       -1.1619603056414067     
 -0.67044315050604175        2.1628687606687107       -2.5468503242155851     
  -1.3501588039489327        1.0634646650317905       -2.8245715229531023     
  -1.0818894194758133       0.54405303757683376        3.0086538911953138     
  0.62546138384855987       0.13805166409350011        3.9233677529448197     
 -0.66210418920423686       0.10850216705213510       0.39102301113142818     
  -8.3525016229396062E-003   2.1159271789592324      -0.23104569511599168     
   1.3608394093882357       0.41691951355459789       -2.5049835689063253     
  -1.7870566315668457        2.5651907496957489       -2.9062626023029949     
   1.0190688739584024        1.9478383037568006       -2.4360034569451360E-002
 -0.58982535734247976        3.2919742931560205       -2.4844062417323456     
  -1.8871107392150702E-002   1.1546497058511451        3.8064937485558019     
   2.5860052175459818        1.9613644237850612        1.1244623647111405     
  0.62102508195544803        1.4786400270305673        1.5133835010595980     
  0.88034936493304317       0.82196460524785420        2.3414206024667119     
  0.35809377259138025       -3.4441163260660752      -0.42786337908999084     
  0.38070975006758490        2.7501719869728181       -2.6193652736802240     
  -1.0850492055675147        1.0904628381214669        4.1066601262612723     
   1.7727691011931341       -1.9194459999914397       -3.7602509231530368     
   2.0261458385143460        1.7286338106746313        2.9138057172981400     
   1.0318246938962672        2.9467671295444200       0.38815845692649753     
   2.5271271072999144       0.23151091767276791        1.8332884539007661     
   2.2293335456509431        2.2178130847692428       -1.4138201899566143     
  -3.2382277312558045        1.0746912052307067       -1.9578900927583911     
  -3.2309975717997261        1.4660413161279979       -3.5913272153532190     
   2.5164786809483832        3.2596270064416832       -2.8178849597085778     
   2.9847729997657448        2.9152138712259275       -1.8545169959987367     
   3.7146485918392176        2.2895169572447078        2.0827463723888924     
  -3.8140356067407097       0.10629624452323563        3.6514170673244197     
   2.6641870845517772        3.4524575475970263        2.6446666779211108     
  -3.5357196199646128       -2.0035909348671757       0.14977949487534070     
  -3.7317141759884134        2.4020481600878885      -0.56980155364077778     
   2.2226020613533093        1.1336879416011074       -2.9371388165119470     
   1.9460488416282316        3.3047066704609085       -1.8939407780091058     
   3.0684039567750201      -0.62974719938213675       -2.4018493967885286     
  -2.0751753505912305        1.3395075725803387       -3.8897083940114663     
  -3.5309989341497539      -0.15276586662862718        2.2315871760017107     
  -2.6578545148235722        3.1679665599357438        1.3116161540940117     
 -0.62012182528907833       -1.7330645389716388        3.5697080128831975     
   2.7787669820473901        1.3297339473625032        2.1316426182755972     
  -1.4847498281181652       0.42336909354566804      -0.11818205911891769     
  -2.1528900661276289        1.8941785298223768       -2.0072673271244730     
  -3.6653748079253252        2.3725669009841397        4.1156677699106305     
  -1.8627357139613581       -7.8798080419927558E-002  -2.8265645547195133     
  -3.9879571808884657       0.81994610811861923        1.3191390800257532     
  -1.6074531290087506       -1.8403205633117004       0.89608110603863100     
  -3.5787384903266131      -0.21775343065893615      -0.46724034021999239     
   3.7037196380969379        1.6251192622821811        1.1852138885252324     
  -3.3566159873646413       0.60489898701722311       0.39196841085530776     
  0.30676604041098116        1.8452748546705919       -1.9698482474079004     
  -3.7219678735048136        1.4444549476538997        3.4924364136724648     
  -3.5537893020977664        7.7450040421618280E-002  -3.1766469572620033     
  -3.7646672122713740       -2.0763035775297500        3.3805456870206845     
  -2.6078369052908026        1.6048772136005813        2.6281944679903022     
  -3.0418575600753339       0.30822011286240797        1.4674484593655972     
  -2.3034287684478434        1.1035040739420121       0.36759520792559752     
  -1.3498821989937890       0.22745618756273792       -1.8319275053683306     
 -0.42314846528743216      -0.16324497838534807       -1.9869094378171408     
  -3.6578696946297744        2.7769984061153759       -1.5626768227408872     
 -0.33703220786706345        3.6726899936251618       -3.8290547363871599     
  -1.0221075078455419      -0.90321179733367463        3.1476884207074809     
  -2.4335180044881866       0.52893481328093606        2.2578875409911325     
 -0.69279314501840894        1.0532853921604157      -0.17438986287441197     
  0.89344195672552562        4.1324399410696691       -1.0425012383979393     
  -2.6042457568353283       0.44524274398415414       -3.3013902213807724     
  -1.0576477734796805       -1.0199747906371566       -4.0916748929880900     
  0.82210461408024704       -4.0850412838986685        1.8733447901114526     
 -0.97655741063917378        3.0869797148104232        3.8597926338721495     
  0.60942530898660285        2.3059524453410849        2.0933744633373523     
   3.0911046317275283E-002 -0.80599736964627600        3.1072603697196914     
  0.43626409842959324      -0.38990681405873451       0.72279621174060327     
   1.4375711322403841        1.6835983222176933      -0.95078758440252387     
   2.8538211062557943      -0.37196732676137634       0.18843841841849199     
  -1.2059731712440791        2.5543018721258104       -1.7405382967178984     
 -0.73045787290650255       -8.8013700892249483E-002  -3.0439066949103730     
 -0.71336153751689413       -1.6502004114120956        2.5029874316382164     
  -1.1125822644955610        1.7456217227244932        2.9732941790694420     
   2.9117285260275314       0.48858574161340779        2.7905763493869467     
   1.3122531783061022      -0.24793540057984770       0.11341868559954828     
   3.2843829925499461        2.6300419533867561       0.86636887338275137     
   2.8391883303835193        1.2374850590866826       -1.0233049503086440     
   2.9931978570964759       0.24895087445398206      -0.95113737542361021     
 -0.23272248550201133        1.6391582637430167       -3.5167567399777755     
   3.2017502685061494        1.8911631802029765       -1.7775895012333360     
   4.0385379330654754        2.2716659681988336       0.29323851779295074     
   2.8189541225916255      -0.54335279653184643        3.4093858318246340     
   2.1196075919982689       0.30759834062072250      -0.11135012865137546     
  -1.4919201810378564        1.2507262942487585       -1.5511904198922832     
  0.40098247779448143        3.9646923454965619       -3.1409864798936566     
   1.0218004129649723        2.2982294281334283       -3.3608427424827689     
   1.0469198949568175        1.4481820610797502       -2.8171715217459687     
   1.7442437692298125        1.4103959895595461       -3.7708174826837175     
   3.4784211014974891       -1.5639077903091492        1.5658381897167781     
  -3.8281775642079912        1.6472316302064023        2.3981480209229851     
   3.6678990424589646        3.6085038800441369       0.93069172481722717     
  -3.3105150718497103        2.6032650039262526       0.50019927244674023     
  -2.5659392080275554       0.22584363762802143      -0.23218840177875821     
   3.9848253087347070      -0.22830584297096315       0.33075219371548148     
   1.7236979529806016       0.46165262378085264        3.6618443598424930     
  -3.9394551590789826       0.85643739549182185       -3.9520413266653343     
  -3.9052265025803981        1.1607035521836668       -2.8546259599074437     
   3.9717346032472802        1.0948159773970099       0.27400305002081654     
 -0.17090411695407978       0.61765351787616229        1.4566298156655695     
   3.8977160497460113       0.61806522576363931      -0.70045301285075556     
  -3.4339095412222695       -3.2064970318499628       -2.1591100236519254     
   2.5117536052620992        1.0898570262355842        3.5869907825270078     
   3.5570072312312813       -2.4575546046099817        3.8825793258992669     
   3.5597527248291216       -1.4169261680187355        2.9784471523008587     
  -1.1184106187539453        1.0066768117701455        2.1019345387322894     
   3.8065600537147271       0.99673403909656699        2.8290756368621754     
  -2.2592549916061029      -0.73563655689079999       -4.7850188466098238E-002
  -3.7887742725929172      -0.63917780277984559       -2.4396847842663365     
  -2.9273223206800210      -0.70025298585746398       -3.0275319286975257     
 -0.89877981399564422       -3.1470926977518654       -1.4473409064040896     
  -2.8956763677606756      -0.20889397131276483       -4.1317789557934752     
 -0.61393858784912658       -1.5742088160986838       -2.5840244842160507     
 -0.67070833422642795       -9.5553585265464425E-002   2.3368607427709063     
  -2.5648772682433876        2.0782255482552694       0.98088623701848987     
  -3.1068305266904810      -0.42058487399526967       0.47725972674975725     
 -0.16617925330051447        2.7586354449949857       -1.7274983595994731     
  -1.2132515893241662      -0.74507270373447010       -2.3433725297703312     
 -0.78313024408239096      -0.68258183071279299       -1.0574835797139379     
 -0.83821156280058484        2.4521254582940594E-002   3.8692509608844556     
  -2.0003290777438001      -0.67430174340666182        3.6193064147905512     
  0.98432746136453819       -3.9321493434440330E-002   2.9232247704926886     
 -0.46885006312550004      -0.41965703612410898        1.3655522113980092     
   1.0108945462578327       -2.5427937114971408       -2.1420023751457853     
   1.3139722898168080       0.95842574625351595       0.40118248492706099     
  0.56216391025557766        7.4400640703034454E-002  -3.2696473592320654     
  -2.9578534875537327E-002 -0.26627115615618641      -0.39473109164210857     
  -1.8154804276337202       -1.6250996251709553       -1.9517730822915702     
  -9.0719930484074868E-002 -0.61575241929299362       -3.8691840320632380     
  0.88588590425540181       0.95400676119528649        3.3570948018247879     
 -0.78600476086975180       -1.8851332033910049       -1.2571550698713601     
   1.2069509818646225      -0.89886666758293610        3.4123779909838241     
  0.73186561380293458       -1.1143353265506981       -1.8002975923612920E-002
 -0.30264212651985462       0.53734685665809323       -3.7289359158922228     
  -1.7915091350156176       -1.1391215383059428      -0.88995158363819615     
   1.1246982821643312        1.0506270728062286       -1.7103421553392346     
   1.1013427329698566        2.1102207742981700        2.9699686384202897     
   2.6033986868537111       -1.4677361099500745       -2.0163339815903303     
   3.7180082159337751       0.33816487938320677        1.9972815527889280     
  -2.4718048176031142       -1.7862044090443163        1.8168840295256676     
   2.8012369197182867        1.6515593700141074       -3.6611359633804148     
   2.1042200671489208        1.3037769238160761       -1.8735575271693172     
   3.0959399207029432      -0.53383489147529928        1.3959482852370790     
   3.4366808888307414       0.83276994034671170       -3.5038676949785468     
   3.2968218336160784       0.41995201982356006        3.7316526822441696     
   3.9768195128517672      -0.80531304591039032        2.0876988166497021     
   1.9790837222847997        2.9844458816530830       0.77196183515316430     
  -4.0563564317413530       -2.7834887016429910        1.5637398604427277     
   2.0033408583409806       -1.1536187068469204       0.41486527820133140     
   1.7034106086577769       -1.8964679350612055       -1.5792716553324293     
   3.0960978755475268       0.58734881595507216       -5.0123114308007989E-003
   1.3174343925185772        2.3690679662038288       -2.0391259278149092     
   1.5309380517684830       0.22408982687211543       -3.6662127687770933     
   1.9919031497096293      -0.18631807316631127        2.9293544361978872     
   2.7636660190398112       -1.2400726162328886      -0.30924979415713244     
   3.7073115125549467      -0.13378515000680025        2.8998210557480313     
   1.7555988849293125      -0.79038311036009501      -0.65622232042398199     
   2.0586528109479532        1.6204439041892325      -0.15929426510717151     
   2.5370770085368881       -1.5741750695790828        3.4375890186645215     
   2.9051481516413942       0.52270377475920782       -2.1589148113610004     
  -2.6318258913198402       -4.1176884160990017        3.6512806562031876     
  -2.7902266321374669       -1.4416246402879105        3.4148612611148530     
   3.3744107907881973       -1.2166968256430200       0.50936672010091910     
   3.9488721279694836       -2.1489272306555049        2.3279715062659028     
  -3.9598968756339112       -1.4280464487067945       0.93288505502675467     
  -2.9313769969975696       -3.9885329675895669       -2.5537239053756573     
  -2.8493045512226907       -1.4655600070473595E-002  -2.2904916638802386     
   4.0075454210260402       -2.0597135087010772       -3.4278957905338645     
   2.8499753155602292       -2.1529701868672260        2.4680689186382971     
   2.9149430400193772      -0.47729586179544953       -3.8556963101041934     
   3.7657833155430556       -2.3441780322098187       0.68509442018462097     
  -1.3869192653859679      -0.62440279884399574       0.87348160998720414     
   3.7098226366676434      -0.39426283092389136       -1.6308249043689058     
  -1.1730874181883488      -0.61768822688042391      -0.11209092435738660     
  -1.9008903264773218       -2.6957731194688557       -1.7279424109481683     
  -3.7918688853424478       -3.9329997758926463        3.8666679860419944     
  0.83899121767380080       -1.3825264148145511       -1.9411424785787330     
 -0.76317630563100414        3.6175249617883090        1.8726065387346527     
  -2.5963644900545195      -0.67729358489375846        2.6791056519873448     
  0.53649847138010920       -1.9344084536356567       0.87034725300265481     
  -2.6296263076709434      -0.42180601496796732       -1.1416388951304814     
 -0.48586611702376664       -2.2401020201931381       0.23806597747959771     
   3.8966392745837628       -1.5224240462907710       -2.0675193466462551     
  -2.5700023822370519      -0.96194254359501274       -2.0333575575831384     
  0.96627121006359185      -0.67717543448566020       -3.8880396142867761     
  -1.3329237011305586       -2.4616739653097999        2.9036722647431792     
   1.3731350909381610       -1.8183680494824499        1.6298209319512291     
   1.7800831952539942        1.1042415906540413        1.5441951311048210     
  0.41899169742533870       -3.3269590119768369       -1.8199868298204338     
  -2.6434797753932489       -1.5645168298217258       -1.2267803678852169     
  0.34612195559748682       -3.7434006906784938E-002   2.0579038829158915     
   2.3409472297857095       -5.0963932476257655E-002  -2.9008242605334122     
   2.0497472031369570       0.45991650223460717       -1.3231066841098233     
  -1.4076975345793281       -1.1806715910830510        1.7289698968454204     
   2.4156733701445123       -1.7951469981752153        1.2692215212935107     
   1.4724279604270476       0.12184037853212498        1.9301284029038448     
  0.82480918578001694       0.50802522018497287        1.1772462892704294     
 -0.10649310542122777       -1.2019633122696889       -1.5952267619687541     
 -0.10903536513808729       -1.4878281408968561      -0.62633996827121685     
   3.9059962153153980       0.87091742914769255       -1.7659149058512618     
   2.4741225515758756       -1.1722931138025476       -3.2447909073839916     
   1.9652212607382917      -0.93827750834409140        1.8017778971079053     
   5.5569958222472108E-003  0.43301784312156000        2.9764686848759569     
   2.5172260576613521       0.91526630556362643       0.77473710128866402     
 -0.33669849867831964       -1.1347679914106128       0.41810128384251871     
  -3.7991161961358020       -1.0153692095511129        3.2849554966482573     
   1.6967351741893264       -1.8749139448754824       -2.7082469233906301     
   2.6864249158470317        2.5050323901354057        2.3162822111382995     
   2.8487589043086028       -3.2283907796167632        3.2829529262777690     
  -3.2525096494074406       -1.7161725021257852        2.4982897707957017     
   3.4198619891827495       -3.4366025564595821        4.1334033990966477     
   1.9246671452585433       -1.6749751224683320        2.5278105109462738     
   1.2013807319279437      -0.98793212872007374        1.0508809866456532     
   4.1192762175737334       -3.8893588724705777       -2.4225095176839058     
   2.4885849393699746       -2.5381008284590560       -2.2742278195031744     
   3.9683051350921623      -0.99449626110528588      -0.41999346507706897     
   2.4915250512007847       0.48784871009937619       -3.8166819145621815     
   2.9960215921881472       -1.8855328884494915       -3.7728506952287111     
   1.7210385880555332       -2.7001696798448145      -0.89389457261262284     
   3.2819109438641192       -1.3963038294380814       -1.1575212693886840     
  -1.3765183827930356       -1.6045298442206346       -9.1838963134746515E-002
 -0.53663151561404088        1.1608302702442579       -2.1682242062748132     
   3.8819745598193647       0.32199522327535468       -2.6338631221128157     
  -2.9407306121392223       0.79724003508621144        3.9335523248682689     
  -2.3389514247131347       0.21448784843111529        3.2281949010535453     
   3.5835769806035014       -1.9422094738326576      -0.24343844123717212     
   3.9355280975140268       -3.7217832181214350        1.3327832778461162     
  -3.1879358716540436       -2.1384350541021666        1.1037090544631238     
  -1.6382915228523678        3.7029135744371025       0.15926144806513937     
  -2.4115064464527647       -1.8379189694059870      -0.14279680901287284     
  -3.5627001437273056        3.5313247618683992      -0.65561790867830416     
   3.8976716266494824       -3.2849430557786792       -3.2762792249045125     
  -3.5977356175376674      -0.94641488899960646       -3.7917880161019815     
  -2.4209006907924806       -2.3150566945285873        3.8107865448149782     
  -3.8888817561054521        4.0501741536570730       0.38767050406496695     
  -2.6319455641413336       -1.3815687359701152       0.72037346829407889     
  -1.7578409045965016       -2.1412397413555393      -0.87135056705376923     
  -1.1057386445039947        2.8687754917761685       0.33549650621909466     
  -1.7116826187712086       -1.2845042855533380       -3.1043847107362650     
  -2.7358392846676232        3.3414387857437706        2.7200320496623820     
  -1.4096774379360422       -4.0368555757334246        3.8060832895052026     
  -2.4039051854187847       -2.2462539855521655       -3.4189017017553649     
 -0.54678897719980313       -1.6225051020655166        1.3035772064417108     
   1.9836291664856860        3.9391305120558688       -3.3943527998528729     
  -2.2643686769413298      -0.33478277566456366        1.6104456294761851     
  -3.1475796609667506       -1.1346723888476946      -0.33059514658566014     
   3.0729657929916785        4.1407065840815536       -1.8754121483623896     
  -2.0056534067699325       -3.8986085889244175       -3.1763024345061011     
   2.7102772780399214       -2.3145276086694717      -0.92463719470936434     
  -1.1012279343451785       -2.7912707171095548        1.0708468955354704     
   2.0242679440316138      -0.17763163704168636       0.86529744275951725     
  0.35585543302597761       -1.1053463777215242        1.6178195021716812     
   2.8913445440821470       -2.9465115586563653       -3.2848100599746499     
  -1.5006900057290069       -2.2511745256360554       -2.7003856222322549     
  -3.5629630433313118       -1.5483319069909509       -2.8036794047463021     
  -2.0139544219048973       -3.2377572732028681        3.4187343960529573     
  0.69927924404488406      -0.91402925544317337       -1.0392660227779651     
  0.52427444977373561       -1.7278125810696068        3.2881426747397398     
  0.78314523824038274       -1.6988119143976839       -3.8583858828052104     
   1.8902448153310405       -2.6923547709540725        1.6821148959861529     
  0.79922693045685300       -2.5406005069521611       -9.2775735841853724E-002
  -3.0712610511894800       -3.7268534134842333      -0.15938834317195671     
  -1.4030371508593034       -3.4135921949577845       -2.3986782613991675     
  -3.3485757987635489       -1.9687498624853084       -3.9382132060882631     
  -1.3586342942939120       -2.0742760512883751       -3.7713092388702454     
  0.98643325687573757       -1.0288898261785455        2.4034645248617790     
  0.87164012688728099       -2.0421316502480922       -1.0417436042948058     
   1.7467172126659392       -1.8187746035810253      -0.31964428833878950     
   1.7178025417846965       -2.1882866068464439       0.63187379341308803     
   3.2333962033358237       -1.9989164839766993       -2.7728007456711379     
   1.0524972856998056        3.3817627191604962       -3.7181641378351382     
   1.2673836876312434       -2.8048867634353636       -3.9371512566671178     
   1.9961814771815400      -0.84102949389201453       -4.1024730184678946     
   1.5964288586980915        3.7671529319141688        3.4121604676191071     
   2.3476933354166327       -3.8071185995988586        5.5258605407290037E-002
   1.5503066140150448       -1.9336336584954339        3.5032389882583299     
   3.5220659786410269       -3.5956578382176825       0.36915125675868277     
   3.3966488196017419       -2.3133585035515827       -1.6901237731011294     
   2.9093614460812116        3.1239780743594605        3.6370044512125590     
 -0.27945050148866007       -1.6446413301165326       -3.7076410145254339     
   3.4990446604491194        4.0771496502943148        3.3827804418106404     
  -3.1525921368775363       -3.0178945377918684        3.5018673164741156     
   2.9943380557349499      -0.70137393197040598        2.4069390488669073     
   2.6669350049946532        3.9029667107996251        1.0317977593981138     
   3.4143811129401498       -3.0717705135083966      -0.51468612874181796     
   3.1217603808463381       -3.9746314780674918       -3.1021737776639808     
   3.7533536780819934       -1.2763763240496873        3.9931625212486099     
   4.0214427222791462        3.9747274327126285       -3.4288874844982589     
  -3.4133645285531373       0.68436347643728768        2.8531359364878748     
   3.4852227792472976        1.4441786479684127        3.8136636250783615     
  -3.7937788053329933        3.6108678334835345        2.9435433108042526     
  -3.2809168882046649       -3.9744625811084084        1.8225807484657055     
   3.9085084286841330        3.6325919858162843       -1.6153776205594030     
   3.6758850674633465       -1.0729624180080841       -3.1605518283257972     
  -3.8813641534813383       -2.8768640269201251       -4.0445716666558846     
   3.2554527461145337        2.4501149459471638       -2.8669887369442453     
  -2.4106676300487635       -1.3145103893080945       -3.8274551899179992     
  -3.2588805967191967      -0.97941868720933056        1.6796274781696081     
  0.12980071802796100       -2.0835741977538511        1.9897377205786471     
   3.8518899768863188       -3.3395544600348144        2.3196910645845832     
   3.9934596284683956       -3.4187862473507029       -1.4821474712184666     
 -0.83044839780391944       -3.1611143198061673      -0.44263242500907318     
 -0.75033042336357869       -2.9567595233851653        1.9981152343777369     
  -1.8651213944101692       -1.3725193086861374        2.6014960599066561     
  -2.1336087043896996       -2.6665597355315942        1.1261800388347534     
  -2.0886691292266675        1.0576252617188475        1.4435443882265111     
  0.32314157219344675        2.3388381987508633       0.92428675675590111     
  -3.5523491978801918       -2.7761849658083309        2.6033055910731329     
  -2.3409620555051278       -2.9849210602693503      -0.76427166630527554     
  -1.7016313142923480        2.9514761837519834      -0.53466014843982712     
  -2.6871108470646079        2.9800114973536291       -2.3185935355160918     
  -3.6698740465059134        3.3192457936655586       -2.4494975853634777     
  -1.7362438934860438        2.1177415338239896        3.8082003319986821     
  0.85835117574247177       -2.8447355795031282        3.2687321531408213     
  0.19129432678668623       -2.1141130214106303       -2.8298848840161712     
  -1.3463084707535709       -3.9043107841279752        1.5088952848019386     
  0.14192289480779097        3.8997520100899550       -1.9841411363640198     
  -3.4099739381059244       -2.0645096905532414       -1.9230051829818589     
  -1.2981961270097897        1.1440329270331924       0.69250559430063519     
 -0.57651327276528352       -2.6812072968823220       -2.4032872462977544     
 -0.58418860854604104       -2.6435446596410608       -3.4952766945639615     
  -3.3428788581889566        3.5766879975465886       -3.7558705936273937     
  0.80768097538921824       -2.8874345794679068        1.4853691966716238     
  -3.1714831810919449E-002  -2.4906720418276715      -0.68079130854696623     
   1.5740756070637532      -0.43684145635961730       -1.6175771751723864     
  0.58964379373816567      -0.28603096338602507       -2.1619414265531693     
   1.5730940211505318       -3.3484636240566981       -1.6876495761080272     
   1.3175957799778695      -0.75098627745723434       -2.7944224634649091     
   1.0522496567695376       -3.9233811052228735       -4.0452081324875806     
  0.20223217113296316      -0.89711063130349067       -2.8860846657737307     
 -0.25521109521199303       -2.5615212269712981        3.0442474300309899     
   1.4069181547712699       -3.6176621662883810      -0.24172809388271152     
   2.6263834437306213      -0.59189211119340646       -1.4166804449312762     
  0.94163248875191308        3.3184923002886832       -1.7187340575807455     
  0.29534971510836355        2.6533770129346266       -4.0852493141689088     
   4.0898675436329830       -2.4725335277197265       -2.4559395197781195     
   1.7178215168062394       -3.3527159682829306        3.3796506594923694     
   1.0831144987793655       -2.2383930420724969        2.5021234758810205     
  -2.3478808452282247E-002   4.0532618851966253        2.5052732628645358     
  -2.7716125444018038       -2.7634608743732225       0.34274845896959572     
   2.0067893633903999       -3.7631028338787211        1.5928352382493589     
   2.3614851743326852       -2.5071342032483539        3.8967166768857289     
   3.3840034232090859        2.4412497468490395       -3.9918897246268705     
   3.0463655892827397        3.4002593817458262       -3.6695769700558394     
  -2.4146077697276054       -2.3044935559272313        2.6738414939671813     
   1.1251252909261935        2.8868741328032179        1.3850086547941867     
   4.0410715165107156       -3.2115003598513567        3.3111666618148816     
  -2.2261935329436802        2.8940017966258318       0.40076395830565054     
  -3.9621183845643726       -2.2116771692041350      -0.87696980840892791     
   2.6618467706119180       -3.2549323037376285       -1.4263196455006146     
  -4.0877048108608953        2.8821974723195489       -3.4196789836051535     
  -2.9937042299903927        3.0515162807113114        3.6550295491651417     
