   5.8649552185229004        7.7847517024103112     
  -7.0827175882788698       -184.41911524872691     
   5.5452759335202924        183.64729211457933     
   5.1072086038047759        120.50686704502267     
   24.471740891768071       -72.295756516031346     
   5.0719573373798257       -99.214725448948954     
   4.4415619901901620       -138.62785766701117     
  -8.7165236747004187       -110.88371150627262     
   14.272915414566265        178.66620977200859     
  -17.565671353466200       -93.899595341584202     
  -6.9575387431154168        162.20942458151364     
  -23.314615081641069       -85.161940344568350     
   24.711898788451123        90.306037079860090     
  -16.065321073991445       -146.81091320371806     
   14.295088871359233       -41.741526055461307     
   23.970180625821119        99.096786824719672     
   17.405554561584932       -99.191268027330395     
   14.231360834352150        125.54424975363597     
  -23.155317793481206        51.468056193920695     
  -13.388284846694257        5.5157861279752147     
   23.111887579850134       -159.78585303033509     
   4.9975802740706001       -39.056052301901389     
  -24.185311764107979       -66.746878825163279     
   3.1532471477094379       -26.595383237306446     
  -13.331028209842518        179.12925230454891     
   23.021481647274086        172.00319315695774     
  -24.697389068496516        71.966886043637714     
  -24.828077028287936        9.5889365323408118     
   15.670922296315402       -153.36045939611330     
   21.864345794892611       -83.704058027149699     
   10.966060842642959       -144.12511550246947     
  -23.633699000552813        174.77333803840577     
  -23.779140506635066        41.689454949348239     
  -1.4890761114134878       -156.24391458114900     
   11.471301500319143       -90.642617386545638     
   5.1284668654622712       -172.51725128872843     
  -23.347414750974067       -44.532488236154677     
   6.5983785801220058       -71.519496628524891     
  -2.8475691794192395       -43.389036292881300     
  -6.8189504999808719       -11.533968802889966     
  -6.9143692622540458       -134.53199557496637     
   6.8465672140738105       -118.35261539693622     
  -4.6011225362582238        67.541840583779191     
   24.048292037615635       -183.80972346113882     
  -2.0003179408674279       -127.58505830594351     
   6.4853135581147274        59.881934122739359     
  -15.402626186301070        99.452175362001412     
  -5.8584940477568423       -176.15154174806190     
   21.970997053480463       -18.253099785434156     
  -3.8155367805077751        24.263201078393855     
   5.8234169308896648        26.637897447009404     
  -15.247639484001759       -136.89266273070291     
   22.165595233814738       -8.8799929396307835     
   12.490818391662105       -12.291116404860476     
  -22.258652314855230        138.25751908402935     
  -16.483591806263473        88.784290815524329     
  -25.977557499475676       -147.10505427361625     
  -14.070392412698247        109.35813598738349     
  -21.855080939052829       -1.8235669549025200     
   3.6889252875071636        81.135739222963892     
   24.882481865753178        46.564345826698329     
   12.863479181604768        94.396201745598972     
  -16.081996807986076       -39.515162045518892     
   13.084563022457226       -32.497166423671317     
   3.7251284670567655        172.73297847766591     
 -0.99483759398656402        50.683969891380464     
  -12.410655227158303       -4.7619084382927301     
  -21.431413093244107       -169.67136295328808     
  -5.4903012269817824        13.523016768377074     
  -25.048961498417142        93.175999069619323     
   16.040514791199286       -121.99013384214285     
  -23.861559243701038       -55.613677316048154     
   6.7679856239216853        131.16756370906236     
   25.017324426890742       0.41270730051170768     
  -3.7063102293013830       -64.051714141138589     
  -2.8774272894554702        145.10268971305433     
   3.9090311739758308        153.33388883784409     
  -25.014373256380473       -124.73098652680660     
  -16.248115520134764       -116.94480823253825     
  -13.370809240446334       -71.994748149687950     
  -3.1757429394368346        58.371307705763570     
  -14.436765351456382       -126.42855290099024     
  -4.7170713486401246        97.854306443486593     
  -14.112091977403782        28.723416404056081     
   23.528233380969315        161.59685185957926     
  -16.594375271698034       -104.15981691406627     
   23.706793018943493        121.40186683956478     
   24.468166700143296       -50.480660523889959     
   23.299466053842949        12.224884431493654     
  -2.1219874764355500        133.20559611031203     
   14.278843908991501        65.461189170186188     
   24.346471894420134        22.713539295596050     
  -4.8630478011231650       -117.85722875217913     
   22.638596228891572       -61.466635844309884     
   4.2559170661425174        69.056583957256748     
   7.5473610277923280        36.933333871689292     
  -23.455356776514250       -75.441395030796798     
  -24.506875906770375       -98.658976986223408     
   14.537309850780066        116.48490343405427     
  -14.723517398415085        17.036261222264674     
  -14.178271590864824       -17.121055620663398     
  -12.362103492181564        47.567862048110946     
   16.017274609685366        105.50912021541902     
  -24.242970782989243        104.78589622895481     
   23.505723935149042       -105.70973274195732     
  -23.633679510364622        61.617679757429428     
   4.8335491656720899       -181.78877708214409     
  -5.3599499890134554       -100.14701702504145     
   6.3697072508740851       -81.389342914982905     
  -10.575117032658028        137.86351376203359     
  -3.2094691585200517       -145.59063453326084     
   15.024870796929973        43.540625507145620     
  -11.528152394335452       -153.92581086499121     
  -24.560735185140146       -112.56627495842000     
  -8.7627029820738596       -90.024394100155462     
   6.6383407620707908       -161.25170453454871     
   22.003267904458998       -28.246974287614162     
   15.288259950715705       -66.753177973340925     
   24.448463978427473        150.43623604585534     
   24.292982741223501        77.109741501149955     
  -12.633285770141724        58.331059769665863     
  -1.2383089305198760       -4.5783700777844416     
   25.045598718829389       -118.00630755075997     
   21.835505301230526        67.893416466146434     
  -24.641695090840408        127.63378161052188     
   6.3242309135165620       -60.418316595055636     
  -24.171861609361436        164.89282490308565     
  -13.081490200420532       -163.29233255748244     
   13.327275561373895       -109.68299248236714     
   15.359140900542181       -51.968163665243729     
   15.429412181185398       -78.966215186516706     
  -4.6792217832334568        32.932862716986193     
   1.9947029545493844       -91.553242196376644     
   12.419668531395498        75.040763216466985     
   6.2335541838963930        101.11846345143285     
   23.021756681747100        181.80133691334271     
   7.3554494613021868        47.860398231927540     
   13.485567554694935        168.72523099709215     
  -4.6173397341559932       -34.022165134643359     
   14.998976074322716        11.723259187417748     
  -5.5059811121273690       -24.321651511958290     
   24.605359816339156        35.402450585753911     
   24.226726984445008       -139.05326986212094     
   2.6529304489410617       -108.42828797531796     
   3.9055359576231750        161.68222807920068     
   4.0583087896856025       -15.305041855467664     
   24.876360879704958        58.593181153654022     
   16.541505448349280       -177.53573685233755     
  -14.916298567710014       -29.282401299987356     
   4.7709848861313073       -50.403379391382934     
   8.7724695565295878       -3.7280524911686097     
   5.7953268645342728       -151.27449248029268     
   14.587062687947524       -168.03295992320022     
  -5.4710081755802591        77.252638476634885     
  -13.548920230005994       -81.391257106152736     
  -24.535581421066382       -21.603132929222113     
  -23.011564730693586        32.479630005811643     
   16.751580257876324        30.530428773861729     
   24.248308890372090       -171.00604832840563     
   22.079210761149461        141.74574698439039     
   16.146085399180262       0.90478959052113994     
   24.319461530852919       -38.740366241316877     
   12.529012720793562       -22.102980576589474     
   24.649180635259370       -149.67513159206612     
  -5.1083890527543190        116.37520875713142     
  -4.2743509994966677       -55.184752172489119     
  -4.3802989398721728        5.2277546488899329     
  -14.786414673102049       -188.23775783150131     
  -3.4920306947204072        125.06472533757589     
  -25.214359088140672        82.105292876882260     
   3.0214254726209844        17.359260609259859     
  -14.725043332012511        69.290302806859472     
   14.027505178287257        156.94637486014986     
  -15.464637569244948       -60.723625863964834     
  -2.0964238985301291        183.89645424978622     
   24.450798162793163        130.91007004374865     
  -5.3550074804026329        153.01657817125530     
  -23.356419418288127       -136.65553739649732     
  -21.671730654735281       -11.922547574800033     
   12.686790411356771        20.866629951025107     
   15.729197971990653       -187.85185803797313     
  -14.823544517419309        168.90840552391242     
   14.382022121765859        84.582340230189573     
   4.6727696326182491        90.715437123782138     
  -13.192754682886276        128.73288996909011     
   16.067320398605005        135.01582084300617     
   23.657554839962067        110.57836271382210     
   16.069202453812625        54.546424645841441     
  -5.8834059881439256        174.33345651513139     
   6.3813209776984285        141.05616563193055     
   13.665255724860357        147.59763196635862     
  -25.116857855536804        150.26333583923940     
  -2.1655623500140457       -73.185826739087148     
  -11.849729473814481        38.699385865851227     
  -14.795370112897690        79.433042026581475     
  -15.364144855951618       -174.12103836031241     
   5.5263403484413471        110.91882724725090     
  -5.2977279562377246        106.73676614396777     
  -6.4208565628972050        87.219417264245990     
   25.648888693356728       -93.719747241639269     
  -24.231867804105530        186.42101327893758     
  -24.317130385689140        116.63937363676000     
  -21.268299714186558       -157.39779123320210     
  -2.5639751017665082        42.520883538176669     
  -15.397268280523750        120.61949331813837     
   15.615321622542247       -135.52117709004273     
  -12.169478606021594       -50.006065151488897     
  -24.187269837169975        21.323127816352262     
  -1.3182015644156644       -167.48612564209651     
  -2.6502059724920430       -82.481967216583328     
   7.7807861082624363       -128.33290068199230     
  -16.680024805280254        156.70737535415370     
  -21.896997994581426       -181.76722381576519     
  -23.583871158879226       -33.182465145598414     
   22.073594389899927       -128.47590336259222     
  -15.633817023599248        146.66373914792877     
