   5.0000000745058060E-002  0.72691348239595655     
  0.15000000223517418       0.72675995806162064     
  0.25000000372529030       0.73324838124434177     
  0.35000000521540642       0.73097783714179554     
  0.45000000670552254       0.73424224930346338     
  0.55000000819563866       0.73047686299817327     
  0.65000000968575478       0.73207674816651547     
  0.75000001117587090       0.73404024360038989     
  0.85000001266598701       0.73972064397081694     
  0.95000001415610313       0.73691680481215671     
   1.0500000156462193       0.73979336602392343     
   1.1500000171363354       0.74185382419527324     
   1.2500000186264515       0.74283961202627191     
   1.3500000201165676       0.74477078654765461     
   1.4500000216066837       0.75254396600192319     
   1.5500000230967999       0.75319038425175844     
   1.6500000245869160       0.75704465306640101     
   1.7500000260770321       0.75803852112552261     
   1.8500000275671482       0.76108476712787110     
   1.9500000290572643       0.76318562643983567     
   2.0500000305473804       0.77367376254341214     
   2.1500000320374966       0.77305966520606872     
   2.2500000335276127       0.77804516595792284     
   2.3500000350177288       0.78108333173214839     
   2.4500000365078449       0.78492952031866803     
   2.5500000379979610       0.78862218457085176     
   2.6500000394880772       0.79845582219647004     
   2.7500000409781933       0.81091553396204408     
   2.8500000424683094       0.81435771114241662     
   2.9500000439584255       0.81699186551049519     
   3.0500000454485416       0.82859507309503744     
   3.1500000469386578       0.83232813848783593     
   3.2500000484287739       0.84010131794210452     
   3.3500000499188900       0.84329300805066587     
   3.4500000514090061       0.85875856467797362     
   3.5500000528991222       0.85990595707143114     
   3.6500000543892384       0.87445036769272377     
   3.7500000558793545       0.88002572509755261     
   3.8500000573694706       0.88990784409190860     
   3.9500000588595867       0.89947483418946994     
   4.0500000603497028       0.90846812809030253     
   4.1500000618398190       0.91125580679271689     
   4.2500000633299351       0.91772806951919206     
   4.3500000648200512       0.92378016038327437     
   4.4500000663101673       0.93776703526408400     
   4.5500000678002834       0.94886118847688106     
   4.6500000692903996       0.94814204817393943     
   4.7500000707805157       0.95584250557510153     
   4.8500000722706318       0.95529305006274157     
   4.9500000737607479       0.96629832076618627     
   5.0500000752508640       0.97197872113661332     
   5.1500000767409801       0.97353012493621793     
   5.2500000782310963       0.97722278918840166     
   5.3500000797212124       0.97884691504111265     
   5.4500000812113285       0.97995390629395540     
   5.5500000827014446       0.98100433594993763     
   5.6500000841915607       0.98598175647366892     
   5.7500000856816769       0.98425258765535972     
   5.8500000871717930       0.97723894964464753     
   5.9500000886619091       0.97893579755046500     
   6.0500000901520252       0.97849138500370325     
   6.1500000916421413       0.97538857740449414     
   6.2500000931322575       0.97071012532131173     
   6.3500000946223736       0.97041923710888589     
   6.4500000961124897       0.96478731810719642     
   6.5500000976026058       0.95906651659615472     
   6.6500000990927219       0.95558393827516741     
   6.7500001005828381       0.95674749112487090     
   6.8500001020729542       0.94275253601593823     
   6.9500001035630703       0.94072439875708025     
   7.0500001050531864       0.93492279496480901     
   7.1500001065433025       0.93127861208136298     
   7.2500001080334187       0.92391752426136431     
   7.3500001095235348       0.92062887141532768     
   7.4500001110136509       0.92225299726803867     
   7.5500001125037670       0.92132377103390051     
   7.6500001139938831       0.92125912920891695     
   7.7500001154839993       0.92101672236522880     
   7.8500001169741154       0.92651935771695115     
   7.9500001184642315       0.93527024477409548     
   8.0500001199543476       0.94383528658441218     
   8.1500001214444637       0.95143878124809911     
   8.2500001229345798       0.95969677438974410     
   8.3500001244246960       0.97674605572914808     
   8.4500001259148121       0.99154095342225190     
   8.5500001274049282        1.0102386012987357     
   8.6500001288950443        1.0324188274962069     
   8.7500001303851604        1.0504134955259949     
   8.8500001318752766        1.0700161289522481     
   8.9500001333653927        1.0896995646597307     
   9.0500001348555088        1.1017633452472806     
   9.1500001363456249        1.1208407638455427     
   9.2500001378357410        1.1402413915687224     
   9.3500001393258572        1.1615166322164243     
   9.4500001408159733        1.1733703268727778     
   9.5500001423060894        1.1889247660094378     
   9.6500001437962055        1.1967464268324441     
   9.7500001452863216        1.2060467694019483     
   9.8500001467764378        1.2153794328839445     
   9.9500001482665539        1.2115413245255477     
   10.050000149756670        1.2164217823118038     
   10.150000151246786        1.2154198340245592     
   10.250000152736902        1.2114686024724413     
   10.350000154227018        1.2030570849964604     
   10.450000155717134        1.1995260253067355     
   10.550000157207251        1.1815151968207016     
   10.650000158697367        1.1769013865625026     
   10.750000160187483        1.1687241957020871     
   10.850000161677599        1.1511739402190606     
   10.950000163167715        1.1346175527951561     
   11.050000164657831        1.1138594467473224     
   11.150000166147947        1.0964707958267548     
   11.250000167638063        1.0797851247528831     
   11.350000169128180        1.0623803133760696     
   11.450000170618296        1.0452259890710673     
   11.550000172108412        1.0347055320549989     
   11.650000173598528        1.0155796320879993     
   11.750000175088644        1.0000009522669704     
   11.850000176578760       0.98441419221781845     
   11.950000178068876       0.97109797627121286     
   12.050000179558992       0.96133706069870095     
   12.150000181049109       0.94416657593745279     
   12.250000182539225       0.93190886987495236     
   12.350000184029341       0.92293981665848857     
   12.450000185519457       0.92182474517752278     
   12.550000187009573       0.91251632237989555     
   12.650000188499689       0.90062222658292745     
   12.750000189989805       0.89136228515403781     
   12.850000191479921       0.89284096690053594     
   12.950000192970037       0.89319649693794523     
   13.050000194460154       0.88493850379630024     
   13.150000195950270       0.87975907756949556     
   13.250000197440386       0.88339518022481867     
   13.350000198930502       0.88215890532200880     
   13.450000200420618       0.88303965018740926     
   13.550000201910734       0.88069638403175665     
   13.650000203400850       0.88751609656751829     
   13.750000204890966       0.88859076690786931     
   13.850000206381083       0.89200870340387306     
   13.950000207871199       0.89690532164637493     
   14.050000209361315       0.90015357335179691     
   14.150000210851431       0.91035082124294753     
   14.250000212341547       0.91238703872992855     
   14.350000213831663       0.91603930184149751     
   14.450000215321779       0.92213987407431752     
   14.550000216811895       0.92832932881648977     
   14.650000218302011       0.93190886987495236     
   14.750000219792128       0.94083752195080139     
   14.850000221282244       0.94448978506237036     
   14.950000222772360       0.95550313599393799     
   15.050000224262476       0.95966445347725227     
   15.150000225752592       0.96595895118502284     
   15.250000227242708       0.97352204470809489     
   15.350000228732824       0.97630164318238644     
   15.450000230222940       0.98110937891553596     
   15.550000231713057       0.98580399145496422     
   15.650000233203173       0.99265602490321758     
   15.750000234693289       0.99491040854951796     
   15.850000236183405       0.99748800132073590     
   15.950000237673521       0.99979894656389690     
   16.050000239163637        1.0053581435124799     
   16.150000240653753        1.0044450777345875     
   16.250000242143869        1.0051480575812832     
   16.350000243633986        1.0066186590996584     
   16.450000245124102        1.0095356214520399     
   16.550000246614218        1.0056490317249056     
   16.650000248104334        1.0041541895221617     
   16.750000249594450        1.0062712092903721     
   16.850000251084566        1.0091800914146305     
   16.950000252574682        1.0085498336210412     
   17.050000254064798        1.0037340176597689     
   17.150000255554914        1.0009220982729856     
   17.250000257045031        1.0045258800158170     
   17.350000258535147        1.0021826138601642     
   17.450000260025263        1.0011564248885507     
   17.550000261515379        1.0021987743164100     
   17.650000263005495        1.0017786024540172     
   17.750000264495611       0.99785969181439116     
   17.850000265985727        1.0007039321136662     
   17.950000267475843        1.0013261096791326     
   18.050000268965960       0.99668805873656485     
   18.150000270456076        1.0021018115789349     
   18.250000271946192        1.0069903495933137     
   18.350000273436308        1.0102709222112276     
   18.450000274926424        1.0028936739349830     
   18.550000276416540        1.0066671404683962     
   18.650000277906656        1.0096568248738840     
   18.750000279396772        1.0138989446384277     
   18.850000280886889        1.0179794598405125     
   18.950000282377005        1.0258011206635187     
   19.050000283867121        1.0326289134274034     
   19.150000285357237        1.0368548727357012     
   19.250000286847353        1.0352469073392361     
   19.350000288337469        1.0348105750205971     
   19.450000289827585        1.0426241556154805     
   19.550000291317701        1.0463329803239101     
   19.650000292807817        1.0502922921041509     
   19.750000294297934        1.0467450719581801     
   19.850000295788050        1.0555848415246767     
   19.950000297278166        1.0627277631853560     
   20.050000298768282        1.0643114878974522     
   20.150000300258398        1.0629863304852900     
   20.250000301748514        1.0666062726843675     
   20.350000303238630        1.0638670753506907     
   20.450000304728746        1.0665173901750151     
   20.550000306218863        1.0689576190681429     
   20.650000307708979        1.0654346396065411     
   20.750000309199095        1.0693777909305360     
   20.850000310689211        1.0641014019662558     
   20.950000312179327        1.0559242111058402     
   21.050000313669443        1.0585583654739188     
   21.150000315159559        1.0570231221305602     
   21.250000316649675        1.0509306301258632     
   21.350000318139791        1.0533546985627453     
   21.450000319629908        1.0444826080837568     
   21.550000321120024        1.0365235833826605     
   21.650000322610140        1.0341399160863931     
   21.750000324100256        1.0233932126828826     
   21.850000325590372        1.0238295450015213     
   21.950000327080488        1.0155553914036304     
   22.050000328570604        1.0108042172673415     
   22.150000330060720        1.0007928146230185     
   22.250000331550837       0.99440135417777276     
   22.350000333040953       0.99066828878497426     
   22.450000334531069       0.98705642681401995     
   22.550000336021185       0.98729075342958528     
   22.650000337511301       0.97092021125250816     
   22.750000339001417       0.96679929490980865     
   22.850000340491533       0.96161986868300386     
   22.950000341981649       0.95752319302467315     
   23.050000343471766       0.95011362383593689     
   23.150000344961882       0.95033987022337918     
   23.250000346451998       0.95090548619198501     
   23.350000347942114       0.94566141814019677     
   23.450000349432230       0.94027190598219557     
   23.550000350922346       0.94033654780717912     
   23.650000352412462       0.94360095996884696     
   23.750000353902578       0.94248588848788117     
   23.850000355392694       0.94006182005099914     
   23.950000356882811       0.93962548773236032     
   24.050000358372927       0.94102336719762902     
   24.150000359863043       0.94049007214151492     
   24.250000361353159       0.94036886871967085     
   24.350000362843275       0.94559677631521322     
   24.450000364333391       0.94716434057106369     
   24.550000365823507       0.95177815082926254     
   24.650000367313623       0.95359620215692409     
   24.750000368803740       0.96154714662989738     
   24.850000370293856       0.96184611507044615     
   24.950000371783972       0.96658920897861211     
   25.050000373274088       0.96931224585604303     
   25.150000374764204       0.97573602721378061     
   25.250000376254320       0.97179287588978569     
   25.350000377744436       0.98196588309656763     
   25.450000379234552       0.98930273023219739     
   25.550000380724669       0.98535957890820247     
   25.650000382214785       0.99043396216940904     
   25.750000383704901       0.99483768649641147     
   25.850000385195017       0.99983934770451155     
   25.950000386685133        1.0033219260254989     
   26.050000388175249        1.0085094324804265     
   26.150000389665365        1.0078953351430830     
   26.250000391155481        1.0113213518672097     
   26.350000392645597        1.0138666237259359     
   26.450000394135714        1.0127111511043554     
   26.550000395625830        1.0185289153528725     
   26.650000397115946        1.0177047320843327     
   26.750000398606062        1.0143999187820500     
   26.850000400096178        1.0179632993842667     
   26.950000401586294        1.0212842731427951     
   27.050000403076410        1.0193126974807978     
   27.150000404566526        1.0201853621180752     
   27.250000406056643        1.0134706925479118     
   27.350000407546759        1.0138908644103048     
   27.450000409036875        1.0157493168785809     
   27.550000410526991        1.0178986575592832     
   27.650000412017107        1.0103032431237193     
   27.750000413507223        1.0127757929293391     
   27.850000414997339        1.0088972834303276     
   27.950000416487455        1.0053743039687257     
   28.050000417977571        1.0069741891370678     
   28.150000419467688        1.0072650773494938     
   28.250000420957804        1.0028532727943682     
   28.350000422447920        1.0047278857188904     
   28.450000423938036        1.0017866826821402     
   28.550000425428152       0.99874851690791466     
   28.650000426918268       0.99543562337750913     
   28.750000428408384       0.99441751463401862     
   28.850000429898500       0.99858691234545582     
   28.950000431388617       0.99675270056154830     
   29.050000432878733       0.99718903288018712     
   29.150000434368849       0.99572651158993497     
   29.250000435858965       0.99655877508659774     
   29.350000437349081        1.0012857085385178     
   29.450000438839197       0.99929797242027452     
   29.550000440329313        1.0080569397055419     
   29.650000441819429        1.0044369975064646     
   29.750000443309546        1.0091396902740160     
   29.850000444799662        1.0096891457863757     
   29.950000446289778        1.0080650199336647     
   30.050000447779894        1.0091235298177699     
   30.150000449270010        1.0096487446457612     
   30.250000450760126        1.0166623826564734     
   30.350000452250242        1.0186258780903479     
   30.450000453740358        1.0186662792309624     
   30.550000455230474        1.0197247891150676     
   30.650000456720591        1.0218337286551551     
   30.750000458210707        1.0205004910148698     
   30.850000459700823        1.0195227834119942     
   30.950000461190939        1.0238780263702589     
   31.050000462681055        1.0245244446200943     
   31.150000464171171        1.0246133271294466     
   31.250000465661287        1.0285403179971955     
   31.350000467151403        1.0250496594480853     
   31.450000468641520        1.0277322951849015     
   31.550000470131636        1.0177047320843327     
   31.650000471621752        1.0237649031765379     
   31.750000473111868        1.0201449609774607     
   31.850000474601984        1.0205085712429929     
   31.950000476092100        1.0187551617403148     
   32.050000477582216        1.0181329841748483     
   32.150000479072332        1.0173492020469233     
   32.250000480562449        1.0076206073869032     
   32.350000482052565        1.0108607788642021     
   32.450000483542681        1.0073135587182314     
   32.550000485032797        1.0047602066313821     
   32.650000486522913       0.99932221310464342     
   32.750000488013029       0.99754456291759652     
   32.850000489503145       0.99490232832139502     
   32.950000490993261       0.98754124050139636     
   33.050000492483377       0.98371929259924562     
   33.150000493973494       0.98678169905783997     
   33.250000495463610       0.98560198575189073     
   33.350000496953726       0.98535149868007954     
   33.450000498443842       0.98123058233738003     
   33.550000499933958       0.98224869108087054     
   33.650000501424074       0.97592187246060824     
   33.750000502914190       0.97636628500736988     
   33.850000504404306       0.97300491010822676     
   33.950000505894423       0.97501688691083888     
   34.050000507384539       0.97475023938278182     
   34.150000508874655       0.97039499642451710     
   34.250000510364771       0.97088789034001644     
   34.350000511854887       0.97288370668638269     
   34.450000513345003       0.98026095496262722     
   34.550000514835119       0.98057608385942185     
   34.650000516325235       0.97778840515700738     
   34.750000517815351       0.98142450781233059     
   34.850000519305468       0.97889539640985024     
   34.950000520795584       0.97874187207551444     
   35.050000522285700       0.98824422034809223     
   35.150000523775816       0.97685917892286933     
   35.250000525265932       0.98430106902409731     
   35.350000526756048       0.98637768765169298     
   35.450000528246164       0.99194496482839889     
   35.550000529736280       0.99095109676927717     
   35.650000531226397       0.99436903326528092     
   35.750000532716513       0.99714055151144954     
   35.850000534206629       0.99867579485480817     
   35.950000535696745        1.0003645625325026     
   36.050000537186861        1.0031603214630400     
   36.150000538676977        1.0031037598661794     
   36.250000540167093        1.0039279431347194     
   36.350000541657209        1.0034512096754660     
   36.450000543147326        1.0065136161340602     
   36.550000544637442        1.0095275412239171     
   36.650000546127558        1.0079438165118206     
   36.750000547617674        1.0113617530078245     
   36.850000549107790        1.0164926978658915     
   36.950000550597906        1.0135434146010183     
   37.050000552088022        1.0135918959697561     
   37.150000553578138        1.0092366530114911     
   37.250000555068254        1.0164280560409080     
   37.350000556558371        1.0140524689727635     
   37.450000558048487        1.0092932146083518     
   37.550000559538603        1.0161210073722362     
   37.650000561028719        1.0108526986360793     
   37.750000562518835        1.0094467389426875     
   37.850000564008951        1.0082751058648611     
   37.950000565499067        1.0068125845746090     
   38.050000566989183        1.0059318397092085     
   38.150000568479300        1.0078145328618537     
   38.250000569969416        1.0037824990285065     
   38.350000571459532       0.99965350245768392     
   38.450000572949648        1.0005423275512073     
   38.550000574439764        1.0019967686133366     
   38.650000575929880       0.99672037964905658     
   38.750000577419996       0.99183184163467775     
   38.850000578910112       0.99085413403180189     
   38.950000580400229       0.99370645455919981     
   39.050000581890345       0.99594467774925433     
   39.150000583380461       0.99473264353081325     
   39.250000584870577       0.99219545190020997     
   39.350000586360693       0.99153287319412886     
   39.450000587850809       0.98813109715437109     
   39.550000589340925       0.98818765875123160     
   39.650000590831041       0.99839298687050526     
   39.750000592321157       0.99170255798471063     
   39.850000593811274       0.99267218535946344     
   39.950000595301390       0.99663957736782716     
   40.050000596791506       0.99645373212099952     
   40.150000598281622       0.99575883250242669     
   40.250000599771738       0.99878083782040639     
   40.350000601261854       0.99083797357555603     
   40.450000602751970       0.99684966329902358     
   40.550000604242086       0.99400542299974859     
   40.650000605732203       0.99975046519515920     
   40.750000607222319       0.99779504998940760     
   40.850000608712435        1.0000009522669704     
   40.950000610202551        1.0030310378130729     
   41.050000611692667        1.0002918404793961     
   41.150000613182783        1.0038229001691212     
   41.250000614672899        1.0072731575776166     
   41.350000616163015        1.0099800339988017     
   41.450000617653131        1.0028936739349830     
   41.550000619143248        1.0130505206855189     
   41.650000620633364        1.0106668533892516     
   41.750000622123480        1.0158543598441792     
   41.850000623613596        1.0143271967289436     
   41.950000625103712        1.0129858788605355     
   42.050000626593828        1.0147150476788447     
   42.150000628083944        1.0133898902666825     
   42.250000629574060        1.0172441590813250     
   42.350000631064177        1.0106426127048826     
   42.450000632554293        1.0129454777199207     
   42.550000634044409        1.0125980279106344     
   42.650000635534525        1.0108930997766938     
   42.750000637024641        1.0123152199263314     
   42.850000638514757        1.0101577990175064     
   42.950000640004873        1.0101497187893833     
   43.050000641494989        1.0056894328655204     
   43.150000642985106        1.0011887458010427     
   43.250000644475222        1.0013584305916243     
   43.350000645965338        1.0047117252626445     
   43.450000647455454        1.0033784876223595     
   43.550000648945570        1.0058914385685938     
   43.650000650435686       0.99713247128332649     
   43.750000651925802       0.99483768649641147     
   43.850000653415918       0.99562954885245969     
   43.950000654906034       0.99138742908791599     
   44.050000656396151       0.99422358915906806     
   44.150000657886267       0.99041780171316318     
   44.250000659376383       0.99232473555017708     
   44.350000660866499       0.98852702833239514     
   44.450000662356615       0.98835734354181337     
   44.550000663846731       0.98715338955149523     
   44.650000665336847       0.99079757243494138     
   44.750000666826963       0.98646657016104533     
   44.850000668317080       0.98869671312297691     
   44.950000669807196       0.98791293099505162     
   45.050000671297312       0.98946433479465623     
   45.150000672787428       0.98586055305182485     
   45.250000674277544       0.98808261578563339     
   45.350000675767660       0.98861591084174749     
   45.450000677257776       0.98876135494796036     
   45.550000678747892       0.99332668383742162     
   45.650000680238008       0.99722135379267884     
   45.750000681728125       0.99248634011263581     
   45.850000683218241       0.99886164010163581     
   45.950000684708357       0.99457911919647746     
   46.050000686198473       0.99864347394231634     
   46.150000687688589       0.99743143972387538     
   46.250000689178705       0.99402158345599456     
   46.350000690668821        1.0003484020762567     
   46.450000692158937        1.0083720686023365     
   46.550000693649054        1.0024977427569590     
   46.650000695139170        1.0001302359169375     
   46.750000696629286        1.0041218686096700     
   46.850000698119402        1.0054793469343239     
   46.950000699609518       0.99921717013904510     
   47.050000701099634        1.0041865104346535     
   47.150000702589750        1.0048652495969805     
   47.250000704079866        1.0079034153712061     
   47.350000705569983        1.0082266244961235     
   47.450000707060099        1.0117253632733567     
   47.550000708550215        1.0055601492155533     
   47.650000710040331        1.0081377419867712     
   47.750000711530447        1.0065297765903061     
   47.850000713020563        1.0064570545371996     
   47.950000714510679        1.0053904644249716     
   48.050000716000795        1.0068449054871007     
   48.150000717490911        1.0069661089089450     
   48.250000718981028        1.0029179146193519     
   48.350000720471144        1.0011968260291655     
   48.450000721961260        1.0045743613845546     
   48.550000723451376        1.0050753355281770     
   48.650000724941492       0.99365797319046223     
   48.750000726431608       0.99714863173957247     
   48.850000727921724        1.0020937313508118     
   48.950000729411840        1.0003241613918881     
   49.050000730901957       0.99681734238653186     
   49.150000732392073       0.99364989296233930     
   49.250000733882189       0.99070060969746609     
   49.350000735372305       0.99512049448071438     
   49.450000736862421       0.99200152642525941     
   49.550000738352537       0.99174295912532540     
   49.650000739842653       0.98974714277895914     
   49.750000741332769       0.98967442072585265     
   49.850000742822886       0.99258330285011109     
   49.950000744313002       0.98671705723285652     
   50.050000745803118       0.98813109715437109     
   50.150000747293234       0.98982794506018845     
   50.250000748783350       0.99187224277529240     
   50.350000750273466       0.99292267243127463     
   50.450000751763582       0.99196920551276768     
   50.550000753253698       0.98711298841088058     
   50.650000754743814       0.99470840284644446     
   50.750000756233931       0.99245401920014409     
   50.850000757724047       0.99364989296233930     
   50.950000759214163       0.99901516443597160     
   51.050000760704279       0.99783545113002237     
   51.150000762194395       0.99973430473891334     
   51.250000763684511       0.99890204124225046     
   51.350000765174627        1.0019967686133366     
   51.450000766664743        1.0096245039613923     
   51.550000768154860        1.0058833583404709     
   51.650000769644976        1.0069337879964531     
   51.750000771135092        1.0008089750792644     
   51.850000772625208        1.0090508077646636     
   51.950000774115324        1.0133494891260677     
   52.050000775605440        1.0125657069981426     
   52.150000777095556        1.0118142457827091     
   52.250000778585672        1.0099073119456952     
   52.350000780075788        1.0130990020542565     
   52.450000781565905        1.0061661663247738     
   52.550000783056021        1.0128242742980766     
   52.650000784546137        1.0113294320953328     
   52.750000786036253        1.0063358511153555     
   52.850000787526369        1.0037986594847523     
   52.950000789016485        1.0098669108050804     
   53.050000790506601        1.0088164811490983     
   53.150000791996717        1.0160563655472528     
   53.250000793486834        1.0077741317212390     
   53.350000794976950        1.0111435868485050     
   53.450000796467066        1.0091073693615240     
   53.550000797957182        1.0043481149971123     
   53.650000799447298        1.0043561952252351     
   53.750000800937414        1.0024896625288360     
   53.850000802427530        1.0023926997913606     
   53.950000803917646        1.0060288024466839     
   54.050000805407763        1.0032411237442693     
   54.150000806897879       0.99993631044198683     
   54.250000808387995        1.0027805507412619     
   54.350000809878111        1.0045177997876940     
   54.450000811368227       0.99865963439856231     
   54.550000812858343        1.0018836454196154     
   54.650000814348459       0.99547602451812378     
   54.750000815838575       0.99812633934244821     
   54.850000817328691       0.99743143972387538     
   54.950000818818808       0.99363373250609344     
   55.050000820308924       0.99642949143663073     
   55.150000821799040       0.98868863289485387     
   55.250000823289156       0.99111270133173601     
   55.350000824779272       0.99375493592793751     
   55.450000826269388       0.98891487928229627     
   55.550000827759504       0.99076525152244954     
   55.650000829249620       0.98731499411395407     
   55.750000830739737       0.99207424847836589     
   55.850000832229853       0.99476496444330498     
   55.950000833719969       0.99193688460027596     
   56.050000835210085       0.99588003592427077     
   56.150000836700201       0.99453063782773976     
   56.250000838190317       0.99731831653015413     
   56.350000839680433       0.99125814543794899     
   56.450000841170549       0.99755264314571945     
   56.550000842660666       0.99747184086449003     
   56.650000844150782        1.0020694906664431     
   56.750000845640898        1.0018351640508778     
   56.850000847131014       0.99928989219215159     
   56.950000848621130       0.99933837356088928     
   57.050000850111246       0.99739103858326061     
   57.150000851601362       0.99752840246135066     
   57.250000853091478       0.99784353135814530     
   57.350000854581594       0.99946765721085629     
   57.450000856071711        1.0007362530261579     
   57.550000857561827        1.0002999207075192     
   57.650000859051943        1.0014715537853456     
   57.750000860542059        1.0025381438975736     
   57.850000862032175       0.99760112451445704     
   57.950000863522291        1.0027724705131389     
   58.050000865012407       0.99930605264839745     
   58.150000866502523       0.99912828762969286     
   58.250000867992640        1.0006635309730514     
   58.350000869482756        1.0012533876260261     
   58.450000870972872       0.99898284352347988     
   58.550000872462988       0.99956461994833157     
   58.650000873953104       0.99458719942460039     
   58.750000875443220        1.0045905218408004     
   58.850000876933336       0.99952421880771691     
   58.950000878423452       0.99811825911432528     
   59.050000879913568       0.99845762869548871     
   59.150000881403685       0.99641333098038487     
   59.250000882893801       0.99882123896102104     
   59.350000884383917       0.99579115341491842     
   59.450000885874033       0.99668805873656485     
   59.550000887364149       0.99844146823924285     
   59.650000888854265       0.99662341691158129     
   59.750000890344381       0.99215505075959531     
   59.850000891834497       0.99588003592427077     
   59.950000893324614       0.99579115341491842     
   60.050000894814730       0.99497505037450151     
   60.150000896304846       0.99699510740523656     
   60.250000897794962        1.0008574564480019     
   60.350000899285078       0.99695470626462190     
   60.450000900775194       0.99216313098771824     
   60.550000902265310       0.99804553706121879     
   60.650000903755426       0.99849802983610347     
   60.750000905245543        1.0022230150007789     
   60.850000906735659        1.0003645625325026     
   60.950000908225775        1.0001463963731834     
   61.050000909715891        1.0030552784974418     
   61.150000911206007        1.0016169978915583     
   61.250000912696123       0.99873235645166869     
   61.350000914186239        1.0020290895258284     
   61.450000915676355        1.0028613530224912     
   61.550000917166471        1.0011160237479362     
   61.650000918656588        1.0025462241256966     
   61.750000920146704        1.0084851917960578     
   61.850000921636820        1.0045824416126776     
   61.950000923126936        1.0035320119566953     
   62.050000924617052        1.0084932720241806     
   62.150000926107168        1.0033542469379906     
   62.250000927597284        1.0017866826821402     
   62.350000929087400        1.0083074267773531     
   62.450000930577517        1.0057783153748727     
   62.550000932067633        1.0070469111901743     
   62.650000933557749        1.0040168256440718     
   62.750000935047865        1.0031684016911631     
   62.850000936537981        1.0078630142305913     
   62.950000938028097        1.0026997484600324     
   63.050000939518213        1.0027643902850158     
   63.150000941008329        1.0077660514931159     
   63.250000942498446        1.0073216389463542     
   63.350000943988562        1.0023199777382543     
   63.450000945478678        1.0034835305879577     
   63.550000946968794        1.0033946480786053     
   63.650000948458910        1.0043400347689893     
   63.750000949949026        1.0034512096754660     
   63.850000951439142        1.0012776283103950     
   63.950000952929258        1.0095113807676710     
   64.050000954419374        1.0023280579663771     
   64.150000955909491        1.0012533876260261     
   64.250000957399607       0.99754456291759652     
   64.350000958889723        1.0065055359059374     
   64.450000960379839        1.0121293746795037     
   64.550000961869955        1.0059237594810857     
   64.650000963360071       0.99976662565140506     
   64.750000964850187        1.0010352214667066     
   64.850000966340303       0.99902324466409453     
   64.950000967830420        1.0031199203224253     
   65.050000969320536       0.99617900436481954     
   65.150000970810652       0.99626788687417189     
   65.250000972300768       0.99872427622354576     
   65.350000973790884       0.99287419106253705     
   65.450000975281000       0.99420742870282219     
   65.550000976771116       0.99083797357555603     
   65.650000978261232       0.99625980664604896     
   65.750000979751348       0.99404582414036335     
   65.850000981241465       0.99150055228163714     
   65.950000982731581       0.99441751463401862     
   66.050000984221697       0.99624364618980310     
   66.150000985711813       0.99268026558758649     
   66.250000987201929        1.0010513819229525     
   66.350000988692045       0.99165407661597305     
   66.450000990182161       0.99213081007522652     
   66.550000991672277        1.0011483446604279     
   66.650000993162394       0.99196112528464475     
   66.750000994652510       0.99897476329535695     
   66.850000996142626       0.99587195569614784     
   66.950000997632742       0.99573459181805790     
   67.050000999122858       0.99699510740523656     
   67.150001000612974       0.99578307318679549     
   67.250001002103090        1.0037663385722606     
   67.350001003593206       0.99625980664604896     
   67.450001005083323        1.0007362530261579     
   67.550001006573439        1.0011564248885507     
   67.650001008063555       0.99663149713970423     
   67.750001009553671        1.0002837602512733     
   67.850001011043787        1.0033057655692530     
   67.950001012533903       0.99666381805219606     
   68.050001014024019        1.0009140180448626     
   68.150001015514135       0.99903940512034051     
   68.250001017004251        1.0038956222222275     
   68.350001018494368        1.0019482872445991     
   68.450001019984484        1.0004696054981008     
   68.550001021474600       0.99874851690791466     
   68.650001022964716       0.99540330246501729     
   68.750001024454832       0.99798897546435816     
   68.850001025944948        1.0042107511190224     
   68.950001027435064        1.0032653644286382     
   69.050001028925180        1.0045177997876940     
   69.150001030415297        1.0017382013134026     
   69.250001031905413        1.0048975705094723     
   69.350001033395529       0.99852227052047227     
   69.450001034885645       0.99832026481739877     
   69.550001036375761       0.99945149675461042     
   69.650001037865877       0.99717287242394126     
   69.750001039355993       0.99822330207992349     
   69.850001040846109        1.0018109233665089     
   69.950001042336226       0.99678502147404013     
   70.050001043826342        1.0018917256477384     
   70.150001045316458        1.0001867975137979     
   70.250001046806574       0.99867579485480817     
   70.350001048296690       0.99996055112635562     
   70.450001049786806        1.0007443332542809     
   70.550001051276922       0.99244593897202116     
   70.650001052767038       0.99645373212099952     
   70.750001054257154       0.99488616786514916     
   70.850001055747271       0.99201768688150538     
   70.950001057237387       0.99726175493329361     
   71.050001058727503       0.99432055189654334     
   71.150001060217619        1.0017624419977713     
   71.250001061707735       0.99577499295867256     
   71.350001063197851       0.99752840246135066     
   71.450001064687967       0.99676886101779427     
   71.550001066178083       0.99564570930870555     
   71.650001067668200        1.0011321842041820     
   71.750001069158316       0.99901516443597160     
   71.850001070648432       0.99782737090189944     
   71.950001072138548       0.99886164010163581     
   72.050001073628664        1.0013907515041161     
   72.150001075118780       0.99301155494062698     
   72.250001076608896        1.0032330435161465     
   72.350001078099012        1.0062712092903721     
   72.450001079589128        1.0101820397018753     
   72.550001081079245        1.0043481149971123     
   72.650001082569361        1.0052531005468817     
   72.750001084059477        1.0036047340098018     
   72.850001085549593        1.0048086880001199     
   72.950001087039709        1.0036451351504165     
   73.050001088529825        1.0027320693725241     
   73.150001090019941        1.0009867400979691     
   73.250001091510057        1.0071600343838956     
   73.350001093000174        1.0004776857262239     
   73.450001094490290        1.0045258800158170     
   73.550001095980406        1.0022553359132707     
   73.650001097470522        1.0045905218408004     
   73.750001098960638        1.0082347047242466     
   73.850001100450754        1.0018998058758612     
   73.950001101940870        1.0110304636547840     
   74.050001103430986        1.0026512670912948     
   74.150001104921103        1.0029825564443353     
   74.250001106411219       0.99644565189287659     
   74.350001107901335        1.0025300636694507     
   74.450001109391451        1.0074913237369361     
   74.550001110881567        1.0026189461788031     
   74.650001112371683       0.99922525036716814     
   74.750001113861799        1.0054470260218322     
   74.850001115351915       0.99951613857959398     
   74.950001116842031        1.0043238743127434     
   75.050001118332148        1.0028855937068601     
   75.150001119822264        1.0003888032168715     
   75.250001121312380        1.0032330435161465     
   75.350001122802496       0.99778696976128467     
   75.450001124292612       0.99979894656389690     
   75.550001125782728       0.99406198459660922     
   75.650001127272844       0.99606588117109840     
   75.750001128762960       0.99310851767810226     
   75.850001130253077       0.99659109599908957     
   75.950001131743193       0.99604972071485254     
   76.050001133233309       0.99836066595801343     
   76.150001134723425       0.99751224200510469     
   76.250001136213541       0.99354484999674109     
   76.350001137703657       0.99566994999307434     
   76.450001139193773       0.99326204201243817     
   76.550001140683889       0.99726175493329361     
   76.650001142174006       0.99392462071851928     
   76.750001143664122       0.99150863250976007     
   76.850001145154238       0.99369837433107688     
   76.950001146644354       0.99374685569981458     
   77.050001148134470        1.0007604937105268     
   77.150001149624586        1.0028613530224912     
   77.250001151114702       0.99326204201243817     
   77.350001152604818       0.99944341652648749     
   77.450001154094934       0.99852227052047227     
   77.550001155585051        1.0022876568257624     
   77.650001157075167        1.0042673127158828     
   77.750001158565283        1.0007928146230185     
   77.850001160055399        1.0027482298287700     
   77.950001161545515        1.0033865678504823     
   78.050001163035631        1.0058591176561020     
   78.150001164525747       0.99746376063636710     
   78.250001166015863        1.0075074841931819     
   78.350001167505980        1.0027159089162783     
   78.450001168996096        1.0024331009319754     
   78.550001170486212        1.0017220408571565     
   78.650001171976328        1.0023361381945002     
   78.750001173466444       0.99721327356455591     
   78.850001174956560       0.99836066595801343     
   78.950001176446676        1.0009140180448626     
   79.050001177936792        1.0008655366761250     
   79.150001179426908        1.0063600917997244     
   79.250001180917025        1.0030633587255648     
   79.350001182407141        1.0032088028317776     
   79.450001183897257        1.0002514393387816     
   79.550001185387373        1.0005180868668386     
   79.650001186877489        1.0013503503635013     
   79.750001188367605       0.99859499257357875     
   79.850001189857721        1.0035562526410642     
   79.950001191347837        1.0030956796380566     
   80.050001192837954       0.99658301577096664     
   80.150001194328070       0.99923333059529107     
   80.250001195818186       0.99654261463035188     
   80.350001197308302       0.99583155455553318     
   80.450001198798418        1.0012372271697803     
   80.550001200288534        1.0006392902886827     
   80.650001201778650       0.99546794429000085     
   80.750001203268766       0.99444983554651034     
   80.850001204758883       0.99865963439856231     
   80.950001206248999       0.99545986406187792     
   81.050001207739115        1.0002271986544127     
   81.150001209229231       0.99752032223322773     
   81.250001210719347       0.99813441957057114     
   81.350001212209463       0.99675270056154830     
   81.450001213699579       0.99659917622721250     
   81.550001215189695       0.99819906139555470     
   81.650001216679811       0.99911212717344688     
   81.750001218169928       0.99739103858326061     
   81.850001219660044       0.99978278610765092     
   81.950001221150160       0.99933029333276635     
   82.050001222640276        1.0003241613918881     
   82.150001224130392       0.99694662603649897     
   82.250001225620508       0.99638909029601608     
   82.350001227110624       0.99971006405454454     
   82.450001228600740        1.0032492039723924     
   82.550001230090857        1.0022714963695165     
   82.650001231580973        1.0022957370538854     
   82.750001233071089       0.99742335949575245     
   82.850001234561205        1.0038229001691212     
   82.950001236051321        1.0003968834449943     
   83.050001237541437        1.0014715537853456     
   83.150001239031553       0.99974238496703627     
   83.250001240521669       0.99979894656389690     
   83.350001242011786        1.0011887458010427     
   83.450001243501902        1.0000979150044456     
   83.550001244992018        1.0035562526410642     
   83.650001246482134        1.0009301785011084     
   83.750001247972250        1.0060207222185609     
   83.850001249462366        1.0000575138638310     
   83.950001250952482        1.0015927572071897     
   84.050001252442598        1.0034754503598347     
   84.150001253932714        1.0015523560665749     
   84.250001255422831        1.0013826712759932     
   84.350001256912947        1.0034188887629740     
   84.450001258403063       0.99544370360563206     
   84.550001259893179       0.99713247128332649     
   84.650001261383295       0.99723751424892482     
   84.750001262873411        1.0044289172783416     
   84.850001264363527       0.99538714200877143     
   84.950001265853643       0.99660725645533543     
   85.050001267343760       0.99894244238286523     
   85.150001268833876       0.99683350284277772     
   85.250001270323992       0.99963734200143806     
   85.350001271814108       0.99878891804852932     
   85.450001273304224       0.99631636824290959     
   85.550001274794340       0.99537098155252557     
   85.650001276284456       0.99924141082341400     
   85.750001277774572       0.99900708420784867     
   85.850001279264688       0.99819098116743177     
   85.950001280754805        1.0013180294510096     
   86.050001282244921       0.99651837394598308     
   86.150001283735037       0.99720519333643298     
   86.250001285225153        1.0035481724129411     
   86.350001286715269       0.99789201272688288     
   86.450001288205385       0.99551642565873844     
   86.550001289695501        1.0061984872372656     
   86.650001291185617        1.0004534450418550     
   86.750001292675734       0.99518513630569794     
   86.850001294165850        1.0022068545445331     
   86.950001295655966       0.99638101006789315     
   87.050001297146082       0.99681734238653186     
   87.150001298636198        1.0035804933254329     
   87.250001300126314        1.0014553933290997     
   87.350001301616430       0.99751224200510469     
   87.450001303106546       0.99815866025493993     
   87.550001304596663        1.0031684016911631     
   87.650001306086779        1.0038956222222275     
   87.750001307576895        1.0027159089162783     
   87.850001309067011        1.0028209518818765     
   87.950001310557127        1.0064328138528309     
   88.050001312047243        1.0027724705131389     
   88.150001313537359        1.0042430720315141     
   88.250001315027475        1.0029259948474747     
   88.350001316517591        1.0035400921848183     
   88.450001318007708        1.0038471408534899     
   88.550001319497824       0.99806169751746465     
   88.650001320987940        1.0069176275402072     
   88.750001322478056        1.0024815823007129     
   88.850001323968172       0.99756072337384238     
   88.950001325458288        1.0036289746941705     
   89.050001326948404        1.0018028431383861     
   89.150001328438520        1.0076529282993949     
   89.250001329928637        1.0016169978915583     
   89.350001331418753        1.0046551636657839     
   89.450001332908869        1.0070630716464202     
   89.550001334398985       0.99959694086082329     
   89.650001335889101       0.99819098116743177     
   89.750001337379217        1.0020048488414595     
   89.850001338869333        1.0069984298214367     
   89.950001340359449       0.99951613857959398     
   90.050001341849566        1.0056571119530286     
   90.150001343339682        1.0035320119566953     
   90.250001344829798        1.0024250207038525     
   90.350001346319914       0.99726175493329361     
   90.450001347810030        1.0067398625215025     
   90.550001349300146       0.99877275759228346     
   90.650001350790262        1.0035966537816787     
   90.750001352280378       0.99881315873289811     
   90.850001353770494       0.99473264353081325     
   90.950001355260611       0.99785969181439116     
   91.050001356750727        1.0025381438975736     
   91.150001358240843       0.99665573782407302     
   91.250001359730959       0.99577499295867256     
   91.350001361221075       0.99546794429000085     
   91.450001362711191        1.0070388309620513     
   91.550001364201307       0.99870811576729990     
   91.650001365691423       0.99689814466776128     
   91.750001367181540       0.99556490702747613     
   91.850001368671656       0.99499121083074737     
   91.950001370161772       0.99418318801845329     
   92.050001371651888       0.99188032300341533     
   92.150001373142004       0.99583155455553318     
   92.250001374632120       0.99396502185913393     
   92.350001376122236       0.99826370322053815     
   92.450001377612352       0.99575075227430376     
   92.550001379102468       0.99421550893094512     
   92.650001380592585       0.99673654010530244     
   92.750001382082701       0.99801321614872707     
   92.850001383572817       0.99577499295867256     
   92.950001385062933       0.99484576672453440     
   93.050001386553049       0.99345596748738874     
   93.150001388043165       0.99616284390857368     
   93.250001389533281       0.99139550931603893     
   93.350001391023397       0.99278530855318470     
   93.450001392513514       0.99569419067744314     
   93.550001394003630       0.99524169790255856     
   93.650001395493746       0.99699510740523656     
   93.750001396983862       0.99651837394598308     
   93.850001398473978        1.0025785450381883     
   93.950001399964094        1.0018917256477384     
   94.050001401454210        1.0013988317322391     
   94.150001402944326        1.0014230724166078     
   94.250001404434443       0.99452255759961683     
   94.350001405924559       0.99745568040824417     
   94.450001407414675       0.99543562337750913     
   94.550001408904791        1.0002433591106585     
   94.650001410394907       0.99895860283911109     
   94.750001411885023        1.0006877716574203     
   94.850001413375139        1.0010998632916903     
   94.950001414865255        1.0052450203187586     
   95.050001416355371       0.99745568040824417     
   95.150001417845488       0.99766576633944060     
   95.250001419335604        1.0029017541631060     
   95.350001420825720       0.99883739941726690     
   95.450001422315836       0.99728599561766240     
   95.550001423805952        1.0051803784937752     
   95.650001425296068        1.0050914959844228     
   95.750001426786184        1.0047117252626445     
   95.850001428276300        1.0003080009356420     
   95.950001429766417        1.0008251355355102     
   96.050001431256533        1.0019482872445991     
   96.150001432746649        1.0058671978842251     
   96.250001434236765        1.0030875994099335     
   96.350001435726881        1.0066186590996584     
   96.450001437216997        1.0005908089199449     
   96.550001438707113        1.0008493762198791     
   96.650001440197229        1.0048006077719969     
   96.750001441687346        1.0023361381945002     
   96.850001443177462        1.0016008374353125     
   96.950001444667578        1.0019159663321071     
   97.050001446157694        1.0009867400979691     
   97.150001447647810        1.0016169978915583     
   97.250001449137926        1.0004534450418550     
   97.350001450628042       0.99491040854951796     
   97.450001452118158       0.99674462033342537     
   97.550001453608274        1.0027078286881554     
   97.650001455098391        1.0020614104383201     
   97.750001456588507       0.99552450588686148     
   97.850001458078623       0.99668805873656485     
   97.950001459568739        1.0000817545481997     
   98.050001461058855       0.99857075188920996     
   98.150001462548971        1.0016008374353125     
   98.250001464039087        1.0056571119530286     
   98.350001465529203        1.0042834731721286     
   98.450001467019320        1.0059560803935774     
   98.550001468509436        1.0005261670949614     
   98.650001469999552        1.0021502929476724     
   98.750001471489668        1.0029098343912288     
   98.850001472979784        1.0056651921811515     
   98.950001474469900        1.0048248484563658     
   99.050001475960016        1.0015685165228208     
   99.150001477450132        1.0023765393351147     
   99.250001478940248        1.0023846195632378     
   99.350001480430365        1.0016412385759272     
   99.450001481920481        1.0064085731684620     
   99.550001483410597        1.0067560229777484     
   99.650001484900713        1.0007928146230185     
   99.750001486390829        1.0087033579553770     
   99.850001487880945        1.0041945906627763     
   99.950001489371061        1.0058914385685938     
   100.05000149086118        1.0045016393314481     
   100.15000149235129        1.0074347621400754     
   100.25000149384141        1.0039521838190881     
   100.35000149533153       0.99979894656389690     
   100.45000149682164        1.0053743039687257     
   100.55000149831176        1.0021341324914266     
   100.65000149980187        1.0020694906664431     
   100.75000150129199        1.0047844473157510     
   100.85000150278211        1.0014392328728536     
   100.95000150427222        1.0019321267883532     
   101.05000150576234        1.0028371123381223     
   101.15000150725245       0.99852227052047227     
   101.25000150874257       0.99419126824657622     
   101.35000151023269       0.99478920512767388     
   101.45000151172280       0.99955653972020864     
   101.55000151321292       0.99404582414036335     
   101.65000151470304       0.99711631082708063     
   101.75000151619315       0.99807785797371051     
   101.85000151768327       0.99181568117843177     
   101.95000151917338       0.99345596748738874     
   102.05000152066350        1.0005746484636990     
   102.15000152215362       0.99279338878130763     
   102.25000152364373       0.98727459297333942     
   102.35000152513385       0.99481344581204267     
   102.45000152662396       0.99995247089823269     
   102.55000152811408       0.99112886178798187     
   102.65000152960420       0.99019963555384372     
   102.75000153109431       0.99525785835880443     
   102.85000153258443       0.99437711349340385     
   102.95000153407454       0.99213081007522652     
   103.05000153556466       0.99428015075592857     
   103.15000153705478       0.99469224239019860     
   103.25000153854489       0.99449831691524804     
   103.35000154003501       0.99360949182172453     
   103.45000154152513       0.99409430550910094     
   103.55000154301524       0.99177528003781712     
   103.65000154450536       0.99529825949941908     
   103.75000154599547       0.99496697014637858     
   103.85000154748559       0.99680926215840893     
   103.95000154897571       0.99533866064003385     
   104.05000155046582       0.99652645417410601     
   104.15000155195594        1.0002110381981668     
   104.25000155344605       0.99617092413669661     
   104.35000155493617        1.0019644477008449     
   104.45000155642629        1.0006958518855433     
   104.55000155791640        1.0035804933254329     
   104.65000155940652       0.99865155417043927     
   104.75000156089664       0.99352868954049511     
   104.85000156238675        1.0008089750792644     
   104.95000156387687       0.99754456291759652     
   105.05000156536698       0.99937069447338100     
   105.15000156685710       0.99992823021386390     
   105.25000156834722       0.99462760056521504     
   105.35000156983733       0.99821522185180056     
   105.45000157132745        1.0008008948511415     
   105.55000157281756        1.0025543043538194     
   105.65000157430768        1.0015442758384518     
   105.75000157579780        1.0019402070164760     
   105.85000157728791       0.99924949105153693     
   105.95000157877803        1.0024169404757295     
   106.05000158026814        1.0001302359169375     
   106.15000158175826        1.0027239891444013     
   106.25000158324838        1.0031845621474089     
   106.35000158473849        1.0072165959807560     
   106.45000158622861        1.0030148773568270     
   106.55000158771873        1.0032976853411300     
   106.65000158920884       0.99971814428266748     
   106.75000159069896        1.0078630142305913     
   106.85000159218907        1.0005180868668386     
   106.95000159367919        1.0035804933254329     
   107.05000159516931        1.0040168256440718     
   107.15000159665942        1.0042107511190224     
   107.25000159814954        1.0035400921848183     
   107.35000159963965        1.0083720686023365     
   107.45000160112977        1.0037501781160147     
   107.55000160261989        1.0012049062572885     
   107.65000160411000        1.0030956796380566     
   107.75000160560012        1.0079842176524354     
   107.85000160709023       0.99978278610765092     
   107.95000160858035        1.0030714389536877     
   108.05000161007047        1.0049702925625787     
   108.15000161156058        1.0085983149897788     
   108.25000161305070        1.0025139032132049     
   108.35000161454082        1.0056167108124139     
   108.45000161603093        1.0032088028317776     
   108.55000161752105       0.99904748534846344     
   108.65000161901116        1.0081619826711401     
   108.75000162050128        1.0071923552963873     
   108.85000162199140        1.0019321267883532     
   108.95000162348151       0.99928989219215159     
   109.05000162497163        1.0037420978878917     
   109.15000162646174        1.0064812952215685     
   109.25000162795186        1.0051884587218980     
   109.35000162944198        1.0066671404683962     
   109.45000163093209        1.0035885735535559     
   109.55000163242221        1.0051318971250374     
   109.65000163391232        1.0049379716500868     
   109.75000163540244        1.0090912089052781     
   109.85000163689256        1.0043157940846206     
   109.95000163838267       0.99979894656389690     
   110.05000163987279        1.0043804359096040     
   110.15000164136291        1.0019240465602302     
   110.25000164285302       0.99680118193028600     
   110.35000164434314       0.99943533629836456     
   110.45000164583325       0.99627596710229482     
   110.55000164732337       0.99766576633944060     
   110.65000164881349       0.99916060854218458     
   110.75000165030360       0.99987974884512620     
   110.85000165179372       0.99621940550543431     
   110.95000165328383       0.99709207014271184     
   111.05000165477395       0.99848186937985761     
   111.15000165626407       0.99301155494062698     
   111.25000165775418       0.99407814505285508     
   111.35000165924430        1.0006716112011744     
   111.45000166073442       0.99907980626095516     
   111.55000166222453       0.99596891843362312     
   111.65000166371465       0.98956129753213151     
   111.75000166520476       0.99087837471617080     
   111.85000166669488       0.99312467813434813     
   111.95000166818500       0.99116118270047360     
   112.05000166967511       0.99159751501911242     
   112.15000167116523       0.99731023630203119     
   112.25000167265534       0.99298731425625819     
   112.35000167414546       0.98657969335476647     
   112.45000167563558       0.99724559447704775     
   112.55000167712569       0.99507201311197679     
   112.65000167861581       0.99536290132440264     
   112.75000168010592       0.99459527965272332     
   112.85000168159604       0.99517705607757501     
   112.95000168308616        1.0000655940919538     
   113.05000168457627       0.99625980664604896     
   113.15000168606639       0.99990398952949511     
   113.25000168755651       0.99763344542694887     
   113.35000168904662       0.99458719942460039     
   113.45000169053674       0.99590427660863967     
   113.55000169202685       0.99626788687417189     
   113.65000169351697       0.99682542261465479     
   113.75000169500709       0.99867579485480817     
   113.85000169649720       0.99745568040824417     
   113.95000169798732       0.99826370322053815     
   114.05000169947743        1.0023765393351147     
   114.15000170096755       0.99886164010163581     
   114.25000170245767       0.99869195531105404     
   114.35000170394778       0.99804553706121879     
   114.45000170543790       0.99573459181805790     
   114.55000170692801        1.0015685165228208     
   114.65000170841813       0.99849802983610347     
   114.75000170990825       0.99570227090556607     
   114.85000171139836       0.99846570892361175     
   114.95000171288848        1.0048086880001199     
   115.05000171437860       0.99576691273054962     
   115.15000171586871       0.99946765721085629     
   115.25000171735883       0.99905556557658637     
   115.35000171884894        1.0010594621510756     
   115.45000172033906        1.0002756800231503     
   115.55000172182918       0.99681734238653186     
   115.65000172331929        1.0031522412349170     
   115.75000172480941        1.0022310952289020     
   115.85000172629952       0.99988782907324925     
   115.95000172778964        1.0015765967509438     
   116.05000172927976        1.0038552210816130     
   116.15000173076987        1.0028936739349830     
   116.25000173225999        1.0030310378130729     
   116.35000173375010        1.0034350492192199     
   116.45000173524022        1.0017786024540172     
   116.55000173673034        1.0054631864780781     
   116.65000173822045        1.0035885735535559     
   116.75000173971057        1.0044369975064646     
   116.85000174120069        1.0014230724166078     
   116.95000174269080        1.0037178572035228     
   117.05000174418092       0.99866771462668524     
   117.15000174567103       0.99665573782407302     
   117.25000174716115       0.99706782945834305     
   117.35000174865127        1.0013261096791326     
   117.45000175014138        1.0046794043501528     
   117.55000175163150        1.0085983149897788     
   117.65000175312161        1.0069176275402072     
   117.75000175461173        1.0051561378094063     
   117.85000175610185        1.0038713815378588     
   117.95000175759196       0.99946765721085629     
   118.05000175908208       0.99961310131706926     
   118.15000176057220        1.0015927572071897     
   118.25000176206231        1.0043723556814810     
   118.35000176355243        1.0061742465528967     
   118.45000176504254        1.0042834731721286     
   118.55000176653266        1.0047198054907676     
   118.65000176802278        1.0017624419977713     
   118.75000176951289        1.0073782005432148     
   118.85000177100301        1.0090508077646636     
   118.95000177249312        1.0031845621474089     
   119.05000177398324        1.0034592899035888     
   119.15000177547336        1.0066105788715356     
   119.25000177696347        1.0061338454122821     
   119.35000177845359        1.0090346473084175     
   119.45000177994370        1.0106587731611287     
   119.55000178143382        1.0085013522523036     
   119.65000178292394        1.0115637587108979     
   119.75000178441405        1.0046147625251693     
   119.85000178590417        1.0024735020725901     
   119.95000178739429        1.0014553933290997     
   120.05000178888440        1.0034592899035888     
   120.15000179037452       0.99891012147037339     
   120.25000179186463       0.99328628269680697     
   120.35000179335475       0.99905556557658637     
   120.45000179484487       0.99850611006422640     
   120.55000179633498       0.99860307280170169     
   120.65000179782510       0.99271258650007821     
   120.75000179931521       0.99716479219581833     
   120.85000180080533       0.99445791577463327     
   120.95000180229545        1.0001383161450603     
   121.05000180378556       0.99951613857959398     
   121.15000180527568       0.99253482148137351     
   121.25000180676579       0.99171063821283356     
   121.35000180825591       0.99886164010163581     
   121.45000180974603       0.99246209942826702     
   121.55000181123614       0.99725367470517068     
   121.65000181272626       0.99896668306723402     
   121.75000181421638       0.99449831691524804     
   121.85000181570649       0.99714055151144954     
   121.95000181719661       0.99476496444330498     
   122.05000181868672       0.99632444847103252     
   122.15000182017684       0.99603356025860668     
   122.25000182166696       0.99247825988451288     
   122.35000182315707       0.99611436253983610     
   122.45000182464719       0.99638101006789315     
   122.55000182613730       0.99477304467142802     
   122.65000182762742       0.99386805912165865     
   122.75000182911754       0.99616284390857368     
   122.85000183060765       0.99819098116743177     
   122.95000183209777       0.99656685531472067     
   123.05000183358788       0.99291459220315170     
   123.15000183507800       0.99721327356455591     
   123.25000183656812       0.99352868954049511     
   123.35000183805823       0.99794049409562058     
   123.45000183954835       0.99703550854585121     
   123.55000184103847       0.99346404771551167     
   123.65000184252858       0.98931889068844325     
   123.75000184401870       0.99638909029601608     
   123.85000184550881       0.99710823059895770     
   123.95000184699893       0.99670421919281071     
   124.05000184848905       0.99609820208359023     
   124.15000184997916       0.98958553821650030     
   124.25000185146928       0.99996863135447855     
   124.35000185295939       0.99969390359829857     
   124.45000185444951        1.0006392902886827     
   124.55000185593963       0.99508009334009973     
   124.65000185742974       0.99516089562132914     
   124.75000185891986       0.99760920474257997     
   124.85000186040998       0.99957270017645450     
   124.95000186190009        1.0009786598698462     
   125.05000186339021        1.0006877716574203     
   125.15000186488032        1.0029906366724584     
   125.25000186637044       0.99991206975761804     
   125.35000186786056       0.99716479219581833     
   125.45000186935067        1.0084771115679347     
   125.55000187084079        1.0000736743200769     
   125.65000187233090        1.0031441610067942     
   125.75000187382102        1.0046470834376611     
   125.85000187531114        1.0026593473194176     
   125.95000187680125        1.0020210092977055     
   126.05000187829137        1.0082023838117549     
   126.15000187978148        1.0060368826748067     
   126.25000188127160        1.0022795765976396     
   126.35000188276172        1.0093093750645976     
   126.45000188425183        1.0032896051130071     
   126.55000188574195        1.0079357362836978     
   126.65000188723207        1.0011968260291655     
   126.75000188872218        1.0054308655655861     
   126.85000189021230        1.0057379142342580     
   126.95000189170241        1.0013341899072554     
   127.05000189319253        1.0010513819229525     
   127.15000189468265        1.0008412959917561     
   127.25000189617276        1.0030795191818107     
   127.35000189766288        1.0029421553037206     
   127.45000189915299        1.0015200351540832     
   127.55000190064311        1.0017139606290337     
   127.65000190213323        1.0052207796343897     
   127.75000190362334        1.0033300062536217     
   127.85000190511346       0.99822330207992349     
   127.95000190660357       0.99975854542328213     
   128.05000190809369        1.0033138457973758     
   128.15000190958381        1.0058914385685938     
   128.25000191107392       0.99920908991092217     
   128.35000191256404        1.0001948777419210     
   128.45000191405416       0.99981510702014276     
   128.55000191554427       0.99656685531472067     
   128.65000191703439        1.0000898347763227     
   128.75000191852450        1.0023280579663771     
   128.85000192001462        1.0007200925699120     
   128.95000192150474        1.0015927572071897     
   129.05000192299485        1.0015119549259601     
   129.15000192448497        1.0013341899072554     
   129.25000192597508        1.0002352788825357     
   129.35000192746520        1.0023118975101313     
   129.45000192895532        1.0033542469379906     
   129.55000193044543        1.0006554507449286     
   129.65000193193555        1.0012857085385178     
   129.75000193342566       0.99886972032975874     
   129.85000193491578        1.0046066822970463     
   129.95000193640590        1.0053015819156192     
   130.05000193789601        1.0072973982619855     
   130.15000193938613        1.0024250207038525     
   130.25000194087625        1.0022068545445331     
   130.35000194236636       0.99827986367678412     
   130.45000194385648        1.0012857085385178     
   130.55000194534659       0.99988782907324925     
   130.65000194683671        1.0046309229814152     
   130.75000194832683       0.99783545113002237     
   130.85000194981694        1.0006796914292972     
   130.95000195130706       0.99876467736416052     
   131.05000195279717        1.0024250207038525     
   131.15000195428729        1.0042996336283747     
   131.25000195577741       0.99553258611498441     
   131.35000195726752        1.0002837602512733     
   131.45000195875764       0.99867579485480817     
   131.55000196024776        1.0042673127158828     
   131.65000196173787       0.99698702717711363     
   131.75000196322799        1.0020937313508118     
   131.85000196471810       0.99291459220315170     
   131.95000196620822       0.99889396101412753     
   132.05000196769834       0.99674462033342537     
   132.15000196918845       0.99429631121217454     
   132.25000197067857       0.99427207052780564     
   132.35000197216868       0.99499121083074737     
   132.45000197365880       0.99717287242394126     
   132.55000197514892       0.99878083782040639     
   132.65000197663903       0.99343980703114287     
   132.75000197812915       0.99489424809327209     
   132.85000197961926       0.99316507927496289     
   132.95000198110938       0.99720519333643298     
   133.05000198259950       0.99293075265939756     
   133.15000198408961       0.99907980626095516     
   133.25000198557973       0.99159751501911242     
   133.35000198706985       0.99760112451445704     
   133.45000198855996       0.99697086672086777     
   133.55000199005008       0.99125814543794899     
   133.65000199154019       0.98803413441689580     
   133.75000199303031       0.99222777281270180     
   133.85000199452043       0.99350444885612632     
   133.95000199601054       0.99110462110361308     
   134.05000199750066       0.99845762869548871     
   134.15000199899077       0.99944341652648749     
   134.25000200048089       0.99643757166475366     
   134.35000200197101       0.99912828762969286     
   134.45000200346112       0.99576691273054962     
   134.55000200495124        1.0015281153822060     
   134.65000200644135       0.99861923325794755     
   134.75000200793147        1.0005665682355762     
   134.85000200942159        1.0028694332506141     
   134.95000201091170        1.0045824416126776     
   135.05000201240182       0.99743951995199831     
   135.15000201389194        1.0018028431383861     
   135.25000201538205        1.0067398625215025     
   135.35000201687217        1.0007928146230185     
   135.45000201836228       0.99855459143296399     
   135.55000201985240        1.0061661663247738     
   135.65000202134252        1.0052126994062669     
   135.75000202283263        1.0033380864817447     
   135.85000202432275        1.0062631290622490     
   135.95000202581286        1.0049783727907016     
   136.05000202730298        1.0029663959880895     
   136.15000202879310        1.0086144754460247     
   136.25000203028321        1.0082670256367383     
   136.35000203177333        1.0001302359169375     
   136.45000203326344        1.0017382013134026     
   136.55000203475356        1.0048086880001199     
   136.65000203624368        1.0048329286844886     
   136.75000203773379        1.0043642754533582     
   136.85000203922391        1.0063681720278472     
   136.95000204071403        1.0053823841968486     
   137.05000204220414        1.0046632438939069     
   137.15000204369426        1.0033219260254989     
   137.25000204518437        1.0016735594884190     
   137.35000204667449        1.0089296043428193     
   137.45000204816461        1.0006392902886827     
   137.55000204965472        1.0035562526410642     
   137.65000205114484       0.99938685492962687     
   137.75000205263495        1.0011079435198131     
   137.85000205412507       0.99910404694532395     
   137.95000205561519       0.99533866064003385     
   138.05000205710530       0.99868387508293111     
   138.15000205859542       0.99627596710229482     
   138.25000206008554        1.0022230150007789     
   138.35000206157565       0.99703550854585121     
   138.45000206306577       0.99449831691524804     
   138.55000206455588       0.99963734200143806     
   138.65000206604600       0.99968582337017564     
   138.75000206753612       0.99465992147770677     
   138.85000206902623        1.0009544191854773     
   138.95000207051635       0.99339132566240518     
   139.05000207200646       0.99828794390490705     
   139.15000207349658       0.99982318724826569     
   139.25000207498670        1.0042996336283747     
   139.35000207647681        1.0008251355355102     
   139.45000207796693        1.0012937887666409     
   139.55000207945704       0.99605780094297547     
   139.65000208094716       0.99835258572989050     
   139.75000208243728       0.99588811615239370     
   139.85000208392739       0.99913636785781579     
   139.95000208541751        1.0014069119603619     
   140.05000208690763       0.99743951995199831     
   140.15000208839774       0.99783545113002237     
   140.25000208988786        1.0027401496006472     
   140.35000209137797       0.99679310170216306     
   140.45000209286809       0.99863539371419341     
   140.55000209435821       0.99929797242027452     
   140.65000209584832        1.0037178572035228     
   140.75000209733844       0.99865155417043927     
   140.85000209882855       0.99648605303349136     
   140.95000210031867        1.0014473131009767     
   141.05000210180879       0.99873235645166869     
   141.15000210329890        1.0019321267883532     
   141.25000210478902       0.99964542222956099     
   141.35000210627913       0.99896668306723402     
   141.45000210776925        1.0071519541557725     
   141.55000210925937        1.0058914385685938     
   141.65000211074948        1.0018917256477384     
   141.75000211223960        1.0002352788825357     
   141.85000211372972       0.99996863135447855     
   141.95000211521983       0.99979086633577385     
   142.05000211670995       0.99985550816075741     
   142.15000211820006        1.0001948777419210     
   142.25000211969018        1.0000575138638310     
   142.35000212118030        1.0030310378130729     
   142.45000212267041       0.99735063744264596     
   142.55000212416053       0.99407006482473215     
   142.65000212565064       0.99986358838888034     
   142.75000212714076       0.99922525036716814     
   142.85000212863088       0.99470840284644446     
   142.95000213012099       0.99523361767443552     
   143.05000213161111       0.99552450588686148     
   143.15000213310122       0.99872427622354576     
   143.25000213459134       0.99903940512034051     
   143.35000213608146       0.99823138230804642     
   143.45000213757157        1.0015927572071897     
   143.55000213906169        1.0009705796417232     
   143.65000214055181       0.99976662565140506     
   143.75000214204192       0.99786777204251409     
   143.85000214353204       0.99909596671720102     
   143.95000214502215       0.99721327356455591     
   144.05000214651227       0.99380341729667510     
   144.15000214800239        1.0008574564480019     
   144.25000214949250       0.99726175493329361     
   144.35000215098262       0.99667997850844192     
   144.45000215247273       0.99562146862433676     
   144.55000215396285       0.99979086633577385     
   144.65000215545297       0.99876467736416052     
   144.75000215694308        1.0005504077793304     
   144.85000215843320       0.99999287203884746     
   144.95000215992332        1.0042592324877599     
   145.05000216141343        1.0005180868668386     
   145.15000216290355        1.0022391754570248     
   145.25000216439366        1.0028694332506141     
   145.35000216588378        1.0000413534075852     
   145.45000216737390        1.0021260522633038     
   145.55000216886401        1.0000655940919538     
   145.65000217035413       0.99969390359829857     
   145.75000217184424       0.99805361728934172     
   145.85000217333436        1.0049945332469474     
   145.95000217482448        1.0008897773604939     
   146.05000217631459        1.0040087454159488     
   146.15000217780471        1.0032168830599006     
   146.25000217929482        1.0062227279216345     
   146.35000218078494        1.0053419830562340     
   146.45000218227506        1.0034027283067282     
   146.55000218376517        1.0060126419904381     
   146.65000218525529        1.0079276560555748     
   146.75000218674541        1.0008978575886167     
   146.85000218823552        1.0048814100532264     
   146.95000218972564        1.0016008374353125     
   147.05000219121575        1.0042996336283747     
   147.15000219270587        1.0010594621510756     
   147.25000219419599        1.0042834731721286     
   147.35000219568610        1.0045339602439398     
   147.45000219717622       0.99974238496703627     
   147.55000219866633        1.0036693758347852     
   147.65000220015645       0.99855459143296399     
   147.75000220164657        1.0024654218444671     
   147.85000220313668       0.99969390359829857     
   147.95000220462680        1.0000251929513391     
   148.05000220611691       0.99322164087182341     
   148.15000220760703       0.99961310131706926     
   148.25000220909715       0.99871619599542283     
   148.35000221058726       0.99095917699740010     
   148.45000221207738       0.99339940589052811     
   148.55000221356750       0.99787585227063702     
   148.65000221505761       0.99446599600275620     
   148.75000221654773       0.99095109676927717     
   148.85000221803784       0.99689006443963835     
   148.95000221952796       0.99230857509393122     
   149.05000222101808       0.99266410513134051     
   149.15000222250819        1.0003564823043798     
   149.25000222399831       0.99498313060262444     
   149.35000222548842       0.99595275797737726     
   149.45000222697854       0.99723751424892482     
   149.55000222846866       0.99571035113368900     
   149.65000222995877       0.99962926177331513     
   149.75000223144889       0.99621132527731138     
   149.85000223293900       0.99469224239019860     
   149.95000223442912       0.99881315873289811     
   150.05000223591924       0.99693046558025300     
   150.15000223740935       0.99873235645166869     
   150.25000223889947       0.99745568040824417     
   150.35000224038959        1.0011968260291655     
   150.45000224187970       0.99523361767443552     
   150.55000224336982       0.99812633934244821     
   150.65000224485993       0.99977470587952799     
   150.75000224635005        1.0027239891444013     
   150.85000224784017        1.0013180294510096     
   150.95000224933028        1.0069499484526989     
   151.05000225082040        1.0044450777345875     
   151.15000225231051       0.99778696976128467     
   151.25000225380063        1.0027886309693848     
   151.35000225529075        1.0058833583404709     
   151.45000225678086       0.99932221310464342     
   151.55000225827098       0.99672845987717951     
   151.65000225976110        1.0003160811637650     
   151.75000226125121        1.0074266819119526     
   151.85000226274133        1.0021018115789349     
   151.95000226423144        1.0055682294436763     
   152.05000226572156        1.0010352214667066     
   152.15000226721168        1.0000332731794621     
   152.25000226870179        1.0016573990321731     
   152.35000227019191        1.0108042172673415     
   152.45000227168202        1.0036208944660476     
   152.55000227317214        1.0086629568147625     
   152.65000227466226        1.0028047914256306     
   152.75000227615237        1.0030552784974418     
   152.85000227764249        1.0024654218444671     
   152.95000227913260        1.0087841602366066     
   153.05000228062272        1.0069499484526989     
   153.15000228211284        1.0013584305916243     
   153.25000228360295       0.99933029333276635     
   153.35000228509307       0.99419934847469926     
   153.45000228658319        1.0038633013097358     
   153.55000228807330        1.0016250781196814     
   153.65000228956342       0.99773040816442415     
   153.75000229105353        1.0014957944697143     
   153.85000229254365        1.0015200351540832     
   153.95000229403377       0.99213889030334945     
   154.05000229552388       0.99900708420784867     
   154.15000229701400        1.0005504077793304     
   154.25000229850411       0.99509625379634559     
   154.35000229999423       0.99725367470517068     
   154.45000230148435       0.99333476406554455     
   154.55000230297446       0.99961310131706926     
   154.65000230446458       0.99083797357555603     
   154.75000230595469       0.99585579523990198     
   154.85000230744481       0.99548410474624671     
   154.95000230893493       0.99202576710962831     
   155.05000231042504        1.0023926997913606     
   155.15000231191516       0.99799705569248121     
   155.25000231340528        1.0030633587255648     
   155.35000231489539       0.99839298687050526     
   155.45000231638551       0.99806977774558758     
   155.55000231787562       0.99952421880771691     
   155.65000231936574       0.99691430512400714     
   155.75000232085586        1.0026512670912948     
   155.85000232234597       0.99983126747638862     
   155.95000232383609        1.0102870826674735     
   156.05000232532620        1.0031037598661794     
   156.15000232681632        1.0015604362946979     
   156.25000232830644        1.0055924701280450     
   156.35000232979655        1.0031441610067942     
   156.45000233128667        1.0036855362910311     
   156.55000233277678        1.0027320693725241     
   156.65000233426690        1.0070711518745432     
   156.75000233575702       0.99828794390490705     
   156.85000233724713       0.99946765721085629     
   156.95000233873725       0.99412662642159277     
   157.05000234022737       0.99457103896835442     
   157.15000234171748       0.99979894656389690     
   157.25000234320760       0.99991206975761804     
   157.35000234469771        1.0030391180411959     
   157.45000234618783        1.0018836454196154     
   157.55000234767795       0.99819906139555470     
   157.65000234916806        1.0011725853447968     
   157.75000235065818        1.0020856511226890     
   157.85000235214829        1.0067398625215025     
   157.95000235363841       0.99626788687417189     
   158.05000235512853        1.0017462815415255     
   158.15000235661864        1.0001383161450603     
   158.25000235810876       0.99791625341125179     
   158.35000235959888       0.99242169828765237     
   158.45000236108899       0.99322972109994634     
   158.55000236257911       0.99705974923022012     
   158.65000236406922       0.99636484961164717     
   158.75000236555934        1.0000413534075852     
   158.85000236704946        1.0004292043574863     
   158.95000236853957       0.99579923364304135     
   159.05000237002969       0.99639717052413901     
   159.15000237151980       0.99490232832139502     
   159.25000237300992       0.99741527926762941     
   159.35000237450004        1.0013422701353785     
   159.45000237599015       0.99601739980236081     
   159.55000237748027        1.0007281727980351     
   159.65000237897038       0.99587195569614784     
   159.75000238046050       0.99320548041557755     
   159.85000238195062        1.0005100066387156     
   159.95000238344073        1.0010594621510756     
   160.05000238493085       0.99677694124591720     
   160.15000238642097       0.99860307280170169     
   160.25000238791108        1.0021018115789349     
   160.35000238940120       0.99787585227063702     
   160.45000239089131        1.0065297765903061     
   160.55000239238143        1.0002433591106585     
   160.65000239387155        1.0050106937031933     
   160.75000239536166       0.99933029333276635     
   160.85000239685178        1.0004696054981008     
   160.95000239834189       0.99995247089823269     
   161.05000239983201       0.99954845949208571     
   161.15000240132213       0.99684158307090065     
   161.25000240281224       0.99529825949941908     
   161.35000240430236       0.99798897546435816     
   161.45000240579247        1.0015523560665749     
   161.55000240728259        1.0050349343875622     
   161.65000240877271       0.99934645378901221     
   161.75000241026282       0.99969390359829857     
   161.85000241175294       0.99682542261465479     
   161.95000241324306        1.0028290321099995     
   162.05000241473317        1.0065701777309208     
   162.15000241622329        1.0006796914292972     
   162.25000241771340       0.99996055112635562     
   162.35000241920352        1.0004453648137321     
   162.45000242069364        1.0035724130973100     
   162.55000242218375        1.0047682868595051     
   162.65000242367387        1.0000332731794621     
   162.75000242516398        1.0042269115752682     
   162.85000242665410        1.0003645625325026     
   162.95000242814422        1.0030310378130729     
   163.05000242963433        1.0055197480749385     
   163.15000243112445        1.0016735594884190     
   163.25000243261456        1.0010029005542149     
   163.35000243410468        1.0032896051130071     
   163.45000243559480       0.99620324504918845     
   163.55000243708491        1.0031522412349170     
   163.65000243857503        1.0021341324914266     
   163.75000244006515        1.0071196332432808     
   163.85000244155526        1.0038956222222275     
   163.95000244304538        1.0011645051166738     
   164.05000244453549        1.0008251355355102     
   164.15000244602561        1.0038956222222275     
   164.25000244751573        1.0007039321136662     
   164.35000244900584       0.99436903326528092     
   164.45000245049596        1.0018351640508778     
   164.55000245198607       0.99870003553917697     
   164.65000245347619        1.0044046765939729     
   164.75000245496631        1.0012776283103950     
   164.85000245645642       0.99886164010163581     
   164.95000245794654        1.0003888032168715     
   165.05000245943666       0.99742335949575245     
   165.15000246092677       0.99593659752113139     
   165.25000246241689        1.0005827286918221     
   165.35000246390700       0.99864347394231634     
   165.45000246539712       0.99492656900576382     
   165.55000246688724        1.0029098343912288     
   165.65000246837735       0.99935453401713514     
   165.75000246986747       0.99773040816442415     
   165.85000247135758       0.99496697014637858     
   165.95000247284770        1.0007604937105268     
   166.05000247433782       0.99175103935344833     
   166.15000247582793       0.99689814466776128     
   166.25000247731805       0.99663149713970423     
   166.35000247880816        1.0008574564480019     
   166.45000248029828       0.99479728535579681     
   166.55000248178840        1.0009220982729856     
   166.65000248327851        1.0003726427606257     
   166.75000248476863       0.99750416177698176     
   166.85000248625875        1.0010998632916903     
   166.95000248774886       0.99790009295500592     
   167.05000248923898        1.0008978575886167     
   167.15000249072909        1.0006877716574203     
   167.25000249221921        1.0005261670949614     
   167.35000249370933       0.99548410474624671     
   167.45000249519944       0.99949997812334801     
   167.55000249668956       0.99934645378901221     
   167.65000249817967       0.99792433363937472     
   167.75000249966979       0.99979086633577385     
   167.85000250115991       0.99823946253616935     
   167.95000250265002       0.99985550816075741     
   168.05000250414014        1.0032492039723924     
   168.15000250563025        1.0029502355318436     
   168.25000250712037       0.99520129676194380     
   168.35000250861049       0.99823946253616935     
   168.45000251010060        1.0012049062572885     
   168.55000251159072        1.0047198054907676     
   168.65000251308084       0.99913636785781579     
   168.75000251457095        1.0032815248848841     
   168.85000251606107        1.0042349918033910     
   168.95000251755118        1.0053015819156192     
   169.05000251904130        1.0043561952252351     
   169.15000252053142       0.99899900397972574     
   169.25000252202153       0.99920908991092217     
   169.35000252351165        1.0055924701280450     
   169.45000252500176        1.0006796914292972     
   169.55000252649188       0.99957270017645450     
   169.65000252798200       0.99992014998574097     
   169.75000252947211       0.99815058002681700     
   169.85000253096223       0.99839298687050526     
   169.95000253245234       0.99875659713603759     
   170.05000253394246       0.99738295835513768     
   170.15000253543258       0.99857075188920996     
   170.25000253692269       0.99945957698273336     
   170.35000253841281       0.99612244276795903     
   170.45000253990293       0.99478920512767388     
   170.55000254139304       0.99693046558025300     
   170.65000254288316       0.99972622451079041     
   170.75000254437327       0.99789201272688288     
   170.85000254586339        1.0023846195632378     
   170.95000254735351       0.99776272907691588     
   171.05000254884362       0.99442559486214155     
   171.15000255033374       0.99654261463035188     
   171.25000255182385       0.99710823059895770     
   171.35000255331397        1.0026351066350490     
   171.45000255480409        1.0022795765976396     
   171.55000255629420       0.99761728497070301     
   171.65000255778432       0.99882123896102104     
   171.75000255927444        1.0023926997913606     
   171.85000256076455        1.0064166533965850     
   171.95000256225467       0.99798897546435816     
   172.05000256374478        1.0022795765976396     
   172.15000256523490        1.0032734446567613     
   172.25000256672502        1.0058187165154875     
   172.35000256821513        1.0011645051166738     
   172.45000256970525        1.0010352214667066     
   172.55000257119536       0.99684158307090065     
   172.65000257268548        1.0022795765976396     
   172.75000257417560        1.0061904070091425     
   172.85000257566571        1.0034512096754660     
   172.95000257715583        1.0071681146120184     
   173.05000257864594        1.0055439887593074     
   173.15000258013606        1.0002271986544127     
   173.25000258162618       0.99507201311197679     
   173.35000258311629        1.0044369975064646     
   173.45000258460641        1.0029179146193519     
   173.55000258609653        1.0025219834413277     
   173.65000258758664        1.0012210667135344     
   173.75000258907676        1.0021826138601642     
   173.85000259056687       0.99960502108894633     
   173.95000259205699        1.0029098343912288     
   174.05000259354711        1.0001625568294292     
   174.15000259503722        1.0064166533965850     
   174.25000259652734        1.0015604362946979     
   174.35000259801745       0.99729407584578533     
   174.45000259950757       0.99886972032975874     
   174.55000260099769       0.99099957813801487     
   174.65000260248780       0.99978278610765092     
   174.75000260397792       0.99914444808593872     
   174.85000260546803       0.99781121044565357     
   174.95000260695815       0.99356909068110988     
   175.05000260844827       0.99336708497803639     
   175.15000260993838        1.0006958518855433     
   175.25000261142850        1.0000898347763227     
   175.35000261291862       0.99603356025860668     
   175.45000261440873        1.0008736169042478     
   175.55000261589885       0.99444983554651034     
   175.65000261738896       0.99512857470883731     
   175.75000261887908       0.99129046635044071     
   175.85000262036920       0.99290651197502877     
   175.95000262185931       0.99364989296233930     
   176.05000262334943       0.99583963478365611     
   176.15000262483954       0.99545986406187792     
   176.25000262632966        1.0000979150044456     
   176.35000262781978       0.99193688460027596     
   176.45000262930989       0.99377917661230630     
   176.55000263080001       0.99515281539320621     
   176.65000263229012       0.99427207052780564     
   176.75000263378024       0.99303579562499578     
   176.85000263527036       0.99769808725193232     
   176.95000263676047        1.0018109233665089     
   177.05000263825059        1.0021826138601642     
   177.15000263974071       0.99826370322053815     
   177.25000264123082        1.0003080009356420     
   177.35000264272094        1.0057459944623810     
   177.45000264421105        1.0070388309620513     
   177.55000264570117        1.0021260522633038     
   177.65000264719129        1.0052126994062669     
   177.75000264868140        1.0047440461751362     
   177.85000265017152        1.0070711518745432     
   177.95000265166163        1.0055682294436763     
   178.05000265315175        1.0056975130936432     
   178.15000265464187        1.0020775708945659     
   178.25000265613198        1.0082104640398777     
   178.35000265762210        1.0070226705058054     
   178.45000265911222        1.0018998058758612     
   178.55000266060233        1.0043965963658499     
   178.65000266209245       0.99847378915173468     
   178.75000266358256        1.0046309229814152     
   178.85000266507268        1.0074428423681985     
   178.95000266656280        1.0028855937068601     
   179.05000266805291        1.0019159663321071     
   179.15000266954303       0.99959694086082329     
   179.25000267103314        1.0007443332542809     
   179.35000267252326        1.0074024412275837     
   179.45000267401338       0.99861115302982462     
   179.55000267550349        1.0001463963731834     
   179.65000267699361        1.0046794043501528     
   179.75000267848372       0.99883739941726690     
   179.85000267997384        1.0006877716574203     
   179.95000268146396        1.0001544766013062     
   180.05000268295407        1.0005988891480679     
   180.15000268444419        1.0018190035946319     
   180.25000268593431        1.0024977427569590     
   180.35000268742442       0.99650221348973722     
   180.45000268891454       0.99966158268580685     
   180.55000269040465       0.99806169751746465     
   180.65000269189477       0.99918484922655337     
   180.75000269338489        1.0002675997950274     
   180.85000269487500        1.0021502929476724     
   180.95000269636512       0.99597699866174605     
   181.05000269785523       0.99748800132073590     
   181.15000269934535       0.99687390398339248     
   181.25000270083547       0.99541138269314022     
   181.35000270232558       0.99832026481739877     
   181.45000270381570       0.99865963439856231     
   181.55000270530581        1.0021745336320413     
   181.65000270679593       0.99940301538587273     
   181.75000270828605       0.99676078078967134     
   181.85000270977616        1.0020452499820742     
   181.95000271126628       0.99971814428266748     
   182.05000271275640       0.99661533668345836     
   182.15000271424651        1.0041299488377928     
   182.25000271573663       0.99948381766710215     
   182.35000271722674       0.99975854542328213     
   182.45000271871686        1.0000171127232163     
   182.55000272020698        1.0062792895184949     
   182.65000272169709       0.99440135417777276     
   182.75000272318721       0.99755264314571945     
   182.85000272467732       0.99984742793263448     
   182.95000272616744        1.0016250781196814     
   183.05000272765756       0.99851419029234934     
   183.15000272914767       0.99636484961164717     
   183.25000273063779       0.99749608154885883     
   183.35000273212790       0.99737487812701475     
   183.45000273361802        1.0013745910478702     
   183.55000273510814       0.99870811576729990     
   183.65000273659825       0.99931413287652038     
   183.75000273808837        1.0050510948438081     
   183.85000273957849        1.0013099492228867     
   183.95000274106860       0.99699510740523656     
   184.05000274255872       0.99924141082341400     
   184.15000274404883       0.99911212717344688     
   184.25000274553895        1.0013099492228867     
   184.35000274702907       0.99710823059895770     
   184.45000274851918        1.0010271412385838     
   184.55000275000930        1.0021260522633038     
   184.65000275149941       0.99833642527364463     
   184.75000275298953       0.99878891804852932     
   184.85000275447965       0.99656685531472067     
   184.95000275596976       0.99743143972387538     
   185.05000275745988       0.99703550854585121     
   185.15000275895000       0.99407006482473215     
   185.25000276044011       0.99634868915540131     
   185.35000276193023       0.99650221348973722     
   185.45000276342034       0.99502353174323910     
   185.55000276491046        1.0007281727980351     
   185.65000276640058       0.99627596710229482     
   185.75000276789069       0.99818290093930884     
   185.85000276938081       0.99221969258457887     
   185.95000277087092       0.99887780055788167     
   186.05000277236104       0.99909596671720102     
   186.15000277385116       0.99535482109627971     
   186.25000277534127       0.99154903365037483     
   186.35000277683139       0.99983934770451155     
   186.45000277832150        1.0011402644323049     
   186.55000277981162       0.99735871767076889     
   186.65000278130174       0.99903132489221746     
   186.75000278279185       0.99996055112635562     
   186.85000278428197       0.99754456291759652     
   186.95000278577209        1.0014877142415914     
   187.05000278726220       0.99481344581204267     
   187.15000278875232        1.0030391180411959     
   187.25000279024243        1.0028371123381223     
   187.35000279173255        1.0018270838227548     
   187.45000279322267        1.0088003206928524     
   187.55000279471278        1.0023280579663771     
   187.65000279620290        1.0054308655655861     
   187.75000279769301        1.0065216963621832     
   187.85000279918313        1.0073297191744772     
   187.95000280067325        1.0012695480822720     
   188.05000280216336        1.0007766541667726     
   188.15000280365348        1.0033623271661136     
   188.25000280514359        1.0047844473157510     
   188.35000280663371        1.0057136735498891     
