  -4.9297662945426906       -4.5768748050098127        3.0695114165902342     
  -3.7020996201261744        2.3646229102953438        2.4390404431281811     
  -2.6665395632953652       -4.3029663882132470        3.4325493941526140     
  -4.4326035518535338       -4.5214404188171073        1.3225270948014425     
  -4.8151651110313658        4.1797036816113167       -1.1840290339554433     
  -3.3668169077894534        2.2821738102093567       0.44289203008233702     
   4.0460401531214867        4.7143303282817719       -2.0418659961959551     
  -4.7827894159618722        3.0433046692184726       -1.6956787264100897     
  -3.9354990756918502        3.0428766787346135        5.0019577350343170     
  -4.2984764932810586        4.7034982306828965       -4.3187099922378698     
   5.1316438747746176        4.2847784792511678        4.3021093370719328     
  -4.3031900481543328        1.5931787170077512        2.1816397789719377     
  -3.2123904829295937       -3.5579265523684755        2.7654152545198190     
  -4.0250997002685809        3.0940583539770468       0.37701843389355377     
  -2.3575239603171738        3.7175301924654707        1.8565812902563963     
  -3.0033076615604162        4.1541692114676962      -0.63618351498677628     
   4.5968310186754344        3.1798293148126264       -1.5090634432747427     
  -3.1526647983885829        4.1079214922649818       -3.9474367775165007     
  -4.2117162880638821       -4.5265499749781872        4.7917448795899142     
  -2.8183862942667104        4.8409525408872733        4.7156644918824808     
  -3.3078059139209293       -4.7190401124356880        4.3543618635979060     
  -2.4561752425697594        4.2361877584529255        3.0661370377983435     
  -4.3818323722487431        3.9239508102103735        2.3356799798705108     
  -1.1306027439007811        4.0924857348631392        1.3119382257225742     
  -2.2003260714064878        3.7448853970685749        1.8578232849483272E-002
  -4.6464440555231556        4.1421251574494233       -2.3023460446963604     
  -1.7306032626929826       -4.9343155721999326      -0.77537084277998047     
  -3.2587147466466071        3.4258414091183198       -2.9703508977629443     
  -4.9832011720924587        4.9472266062576118       -3.6221234058820793     
  -1.5440535931541477       -4.7509398320874778        3.7311826331294604     
  -1.7932200969404477        4.6742399600924918        4.7130136832930409     
  -4.5718775888619438        4.8561068613522789        1.5268139880218006     
  -1.7148127221478833        5.1759357870138816        1.2090222283831191     
  -1.5528007348982242        1.9279326361443416       0.31301409019339310     
 -0.65189304498920719       -5.1433140389824290      -0.26282666305719105     
  -1.5044143168797968        3.0902923594521647        1.0862101127812216     
 -0.58645248920487503        4.5459217775174769       -1.0050790510429906     
  -1.1249445584485491        3.6837239399792105       -1.2072279463134747     
  -1.6976226942010872       -4.6328772022159654       -4.8827813814410037     
  -3.3352507508557974        4.7308588167427539       -4.7285642412100026     
  -2.3090793584304801        4.8592571527705939       -4.7358961352724354     
 -0.65096543788624095        4.2245782303233774        2.5199368985591430     
  -7.3635565860180760E-002  -4.9631594246760882        3.0942650439426527     
   1.3150232994654936       -3.8149882463915632        1.1848756324741303     
  0.47881715343225301        4.2080351045085518        1.4894119976676659     
  -1.1845830100651853        4.1816233192700141       0.23034227738455493     
  -1.8331519640086977        3.6889324549520293       -1.9670332821345524     
  0.38975551157741711        4.1355668549828701       -2.5098530504700158     
   1.4049078367500134E-003   4.8489517822337866       -4.3106848894568746     
  -9.4967026320575701E-002  -4.7217143284142251       -5.1370345074335093     
  -1.2698210962796650        4.0757088658844367       -4.9638255895672927     
 -0.21033305542398267       -3.6700608212908947        3.4785887756205875     
 -0.66066476370914118       -5.0388631540415236        1.8778711961546957     
   1.1509600771868107        4.5499938284886534       0.72914377699841626     
   1.1796276303782094        4.4820504188192007      -0.29409617440250546     
   5.9933913762936143E-002   2.7488873499726934       -4.2491717090442176     
 -0.87651291183268409       -5.1073773044647188       -2.5177879809625119     
   2.0360304549371295        3.2620136023468453      -0.43768428464654935     
   1.9128586357287676        4.1888261591933702       -3.5354029361259571     
  0.81700869989098290        4.4845962914748068       -4.8442064983692212     
 -0.28017388282206535        3.8456662013564862        3.7633853369344461     
   3.0767531703962905        4.0465308005561473        2.7190030327022723     
   3.2086604483550105        3.1642073816178038        2.1839822980855876     
   1.6279847127703715       -3.7719355855230230        2.6283661981378734     
   2.0513644530169826       -4.4505734655226208       0.80396461369839511     
   1.4815744488460494       -4.6447087889520589      -0.70700557190955271     
  0.39388167915111022        4.9268445980991755      -0.85180341453788255     
   2.4651460746920093        4.6282721184241868      -0.53043576733196118     
   1.7120882033874314       -3.5587957056700121       -1.9394051235794862     
   2.5303321074648530        5.0963359195047513       -3.1812756435015674     
   1.8806346561544138        3.5902984143062429        4.2035499389081901     
   3.2383584488100006        4.3638155347741030        4.7707671345750766     
   1.3661810553118028        2.9198666315768045        1.9129634593819349     
   3.8137260163956856       -4.0764192777510733        2.8545346118062960     
   2.4410000687516908        4.6736612053863587        2.2375484373498171     
   3.1244540964822725        4.5790601287971580       0.44120997462787875     
   1.8703596108185241        5.1627582404921633        8.9813817310221353E-002
   3.4190612662739079        4.9896825884012896       -1.2864027085301499     
   2.3750055686667553       -3.7863539657177698       -4.5991873813992763     
   1.8820415921464957       -4.6781647178877854       -4.9395605839054415     
   3.3488066215747350        5.1483750321353297        2.7449532963535406     
   5.1050109376470125        3.3497515438099907        1.7649256772156245     
   4.7194681808647081        3.5353334698838834        3.6230164333838224     
   4.8165121889075655       -4.3292465333089121        3.8371705878800371     
   2.9017685996081060        3.7388866366139988      -0.18090730964193352     
   4.5863473310872136       -5.0024520268942698       -1.1832491230501569     
   2.9935701576243234       -4.5754288473890812      -0.78888187440612756     
   2.4237322653400311       -5.1468655802252616       -1.7964061703721914     
   3.4159777011396772        5.1147843009688669       -3.9983916827453374     
   2.7348387693541167        3.4674664068400034        4.7464950935892105     
   4.8673364527588436        5.0419969227168702        3.6278077008180931     
  -4.4901581036779623       -4.9828100195333009        3.8860333848236563     
  -3.6574726383854843       -4.5546090060294278        3.3330195366468560     
  -4.4664611582421401        4.3164955789500352        7.3881806861336857E-002
  -5.1469585389965848        5.0050629218819580        2.3728721951293679     
  -4.4783869592739967       -4.4489711468964623      -0.33416247226229473     
   3.2057491496845820        4.3749870510700646       -2.4813237612185537     
   3.6300496432754699       -5.1217537833178195       -2.8974356611586050     
   4.4887161289669431        4.9670867243939476       -4.1259868177872283     
   4.0540775893064005        4.9118552911436053       -5.1639666739727650     
  -4.9229231874553303        3.5938413956490818        5.0571033740245488     
  -5.0934054187449407        3.0309183461759419        2.9428750612866437     
  -3.1369844715370903        4.9942775770361845        2.8232060854194914     
   5.1271260714050646        3.4508598304326639      -0.34222561136669361     
  -3.8499615610228091        2.6211971155104496       -1.5156525627835677     
   5.1192099086400011        4.9573019380654078       -2.0768431759167316     
  -3.8537496555420629        3.8411255802440918       -1.6970734835619690     
  -3.8774473374630070        3.6325856925481852       -4.4488044856883056     
  -3.3393220147736047        3.9233314891756943        4.9603489556225062     
   5.1612402618077633        4.5615053593642187       -4.9358061510466671     
  -3.3832169153378691        4.2334588615497735        2.1546143401645499     
  -4.9511784239067502        4.2380111530081122        3.1863402203947668     
 -0.94459349200081200        2.8450021142790964        2.1718153542924297     
  -2.8755671426773204        3.2008973549569109        2.6208069119633359     
  -3.4118406691774616       -4.8921723381070930      -0.28063705481070672     
  -2.8041499869558648        3.0480248197245650       -1.9806832008358366     
  -3.4398718630962075        2.5741466132919482       -3.6279183784262132     
  -2.9615138383387203       -4.9135620347821032       -2.9939968190662030     
  -3.8958787456025057       -4.6148442792197066       -4.3056549401324986     
  -2.4527624077893080        3.8488341013698948        4.3634519828911476     
  -1.5281107706628492        4.2177407138517431        3.4591938962134972     
  -2.0153765806176449        4.7620851651857858        2.5516228758554329E-002
  -2.5257171610340818        2.8908836158547850       0.92450036513410006     
  -2.3147051570857267        1.9550349286379090        1.2112021982229126     
  -2.0222509923053096        3.2314062049235246       -1.0400526775135890     
  -1.9904983991113097        4.2429329846269921      -0.94894378637614818     
  -3.4564031989394479        4.4595486659704617       -2.7544816659578046     
  -1.8473311607432226        3.5411384291736883       -3.0810028058032626     
  -2.6143816579150094        3.2577400777612997       -3.7820217402154466     
  -1.1615426096517576        3.9027495887798338        4.3462076257502860     
 -0.29340676880265315        4.1689545662293908        4.9074518490683872     
  -1.6005870127738135        3.5646171827862401        2.4985229794994552     
  -3.2717269737118122        3.4266262420859421        3.8656750587047228     
  0.14126855053655543        3.2540017816830771        2.5291277998886361     
  -1.4457813115002742        2.2030162892377589      -0.68251868178105979     
 -0.18614691014607992        3.7440275513116559      -0.52364624594935982     
  -1.3032561814091430        3.3232596928993070      -0.28120807525410901     
 -0.80709784693928255        2.0212254583152758        4.8682352104305480     
  -2.4138148266691886       -4.2058154742047309       -3.4606888150185280     
  -2.5976737937453289        3.7112661269119553       -4.7188185271582359     
 -0.94698673385613885        3.4355786857949191       -4.0603985666112168     
 -0.51303240572744768        2.7882578528370674        4.2539872372398237     
   1.3205717432322821        4.6576403702469413        1.7905074829272263     
 -0.91591617189660901       0.99593846572132372       0.88388190722982252     
  0.31782019843174386        2.6795950879689387       0.51846192763922705     
  0.64309120101177619        3.6170461835683505       0.31930396406774814     
  0.21767967911479943       -4.5662816590292366       -1.5948900398365982     
   2.4339851932364409        3.2192364398161128       -3.1568268653108507     
  -1.8822785929505332       -5.0607551970633740       -3.8819680582169882     
 -0.28189723512194392        2.5883676259738313       -3.3225461117035291     
   1.4981176430509451        2.6725244302949944        4.3971677314135409     
   1.9062677590806651        2.8305204452652117        3.4595277206506951     
   2.4146411588589345        4.9351738369410629        3.2677845866860289     
   1.4002165648927671        3.7990521553396812        2.4275485208764565     
   1.3777384768834606        3.5834319177151577        1.0117771608760138     
   1.6587950552381137        3.1623483057077828       -2.3128545969092915     
  0.93448799279530803        1.0438810606267175      -0.67774980929252115     
   2.0700308929660665        4.2631616114989983       -2.4668274348966679     
   1.4533989067573392        3.7689639224879876       -1.4138062192026366     
  0.21321694002504221        3.2913741176990161        4.7573417904636042     
  0.15466564551370510        3.7355029756480937       -4.5360962712649426     
   3.0589198216296407        2.6224175038856368        4.0328086306594280     
   2.3055461853312078        3.3812430980522303        2.5647047998769543     
   3.2080153569722054E-002   2.1751506650853991        2.5173121011007464     
   1.4618819971043195        2.0683173618245592       -1.1989564806492532     
   3.1336312566101641        2.4240389095090857       -2.6401841585975725     
 -0.26140313221323297        3.3447486183543580       -2.0595781568184885     
   1.2096047946939643        3.2006157942765725       -3.4024728183683712     
 -0.79171995152462971        3.6007780428145617       -2.8718521129098140     
  0.69894464449076221        4.2923018949315077       -3.7770005352025358     
   3.5904515098335650        2.8689260826527554       -5.0811410352702877     
   3.0211766222769172        2.4241105401598908        2.9776902659897204     
   2.5837111122870979        1.9852129859778211       0.25873752714086845     
   2.3852643876271498        2.5428706697989427        1.7706322040134879     
   2.0401259234213875        2.8680869548783789       -1.3679303322238598     
   2.5507401526599756        2.1878293586978850      -0.80320052739588010     
   4.1674494080508682        2.3624982647810739       -2.7308041099522935     
   1.9552887364081217        4.1396805268016799       -5.0045327914655919     
   2.5561251049990332        4.9274758779513048       -4.6505941658388936     
   1.6259695353340389        4.9674400666604095       -4.1854755741622469     
   2.2910987788509631        3.4172114860632461       -4.2232888679755858     
   4.5069589318470165        4.2229814648978055        2.1953265290274868     
   4.1895168028525989        2.6338652752148697        3.3186000472594466     
   1.3314288292008034        5.0089066350207148        2.7914016642408348     
   3.7186145750524444        3.5103284588818462       0.37900013198388754     
   4.5515074078228066        4.3336088955569441       -1.2413918366570607     
  -3.9576719990574651        3.8116896323508276      -0.66136875372312320     
   3.5585929078594445        3.7123489664069327       -1.6687688451451632     
   3.4161246432579637        3.4197054924725698       -2.7344889182940655     
   1.9480096203516295        3.0949390888833950       -5.1146176569537909     
  -4.8213198373246939        1.6281166858545515       -4.2121598408833369     
   3.1409517901261212        4.4484815739954477        3.7768098103790200     
  -4.1813552667312814        4.8487386139292337        2.6854245535809005     
   3.2032175805669447        3.8946549584321368        1.2283599149993123     
  -4.9932643622663813       -4.2599633253086679       -1.6869987490716549     
   2.9788269914040808        3.0905055973903961      -0.96320510535058479     
  -3.8343596472524610        4.7600684194618177       -1.0696262848364850     
   3.8807866357753484        4.2974558093435506       -3.5929784817615675     
   5.1063467704925509        3.8132541046825041       -3.2629065238703041     
   4.3336058365247299        3.9844845379394540       -4.7317051602314377     
   4.4386084601829090        3.2089807876004688        4.8442287857681841     
  -4.1231187608618702        3.9517538447926639       0.94323800575556083     
  -3.2170423094073288        4.6520123578514712       0.38454134725595218     
  -3.5691436766580176       0.99391291302927820        2.6342504051113163     
   4.8494783792651504        1.7507996586354728        1.9823441949132832E-002
  -5.1507703973241794        2.1344038419809892      -0.97544804284405573     
  -4.3689807379605652        3.3367846730535748       -2.9413924026611360     
   4.4071625591127557        2.0109356840351209       -4.7871269502854634     
  -4.0287772261951718        2.3074303352541015       -4.5890185302691391     
  -4.8571216123732910        3.8647138312249139       -4.2675428219782292     
  -3.1916589852680874        1.9981177902783445        5.1433170055280106     
  -2.8184067566319788        2.2072099250181307        3.0624326719316191     
   4.5485058867269066        1.4449191014478098        2.9977201039417971     
  -1.9837491203782058       0.13159326761971823        3.1983535281295632     
  -3.1647331000091294        3.6160979245464775       0.37268275719523897     
  -4.6294173401737559        1.3118461045760756      -0.42896597200487407     
  -1.8195408955498069        2.6387044377264570       -2.4484482220534933     
  -3.5384439788380275        1.5367591830533684       -2.7815012844825162     
  -3.1743873867062935        2.8639715761569531       -4.6953529802787894     
  -2.2848479501364451        3.1168147370671893        3.5726547583391404     
  -4.9313943060871042        2.6510538395155092       -4.9569994132991990     
  -2.7507901011393163        2.8949958004778136        4.7450552810712434     
  -1.2392180942708884        2.0565792856683154        1.3878435393781234     
  -2.4585976064267845        1.8923567566943382        4.1859425194149722     
  -3.4053557639226839        1.4751322679945404        1.0809278977505550     
  -3.1561063112554719        1.8656975077665816       -1.4876174456102296     
  -2.5324896209271857        1.9101339132210213      -0.54285096777169262     
  -2.7964029863147815        4.1225087170397332       -2.0778377562804713     
 -0.98423866854069608        4.2290815650352052       -2.0750280048246639     
  -2.4958997961797587        1.1805560592397133        5.1006446931861040     
  -4.1783123352315741        3.9296183032531151        4.3398551982112146     
  -1.5512587591151270        2.7878418035304477        4.1698573471131555     
 -0.85961114474368572        3.2424983236657181        3.2129433626456239     
  -1.9482347135620850        2.6371156659638126        1.9086973926918378     
  -2.1156510885621755        2.7400908817139080       -1.4945789604768894E-002
 -0.48384366415553359        2.7799893511030596      -0.82629444649936046     
  0.57633155322725449        1.5232511431276883       0.21992242547422217     
  -1.1963442336028067        2.7588455299519792       -1.6243710904854227     
  -1.9005888786602214        4.1097266524696003       -4.0794769616633060     
  -1.8986283985471937        1.4736967431537045       -4.0496260569144296     
   1.1300833876145182        1.8567504986652166        2.3985390533899866     
   1.5522408553581881        4.3875786331289035        3.6766098833407175     
  0.18483158373624062        2.7388580584148929        1.5952925401274454     
 -0.23820851954614133        1.8575737287946070       0.77274842650754572     
   2.2980219814468166        2.8820658729405215       0.65875443383354271     
 -0.72891178878252405        2.6711277290953350       0.26074657302633486     
  0.44068134977022788        2.1426859689982254      -0.74901960539883017     
  0.63909946204105783        2.2586803898315022       -3.5725246679399669     
  -1.0860729976274515        2.2042395888429174       -4.5429705732969561     
  0.18426736129428956        1.9117305786584697       -4.9421486703886321     
  -1.8276899115884115        3.2808737579135649        5.0103119741807287     
   5.8534001148378033E-003   1.7120592318684158        4.1611132703590181     
  0.61660766018298063        4.1960241185305245        3.1433473596345882     
   2.1604558048911300        3.8706184101721082        1.5793619518272124     
 -0.33040583319968125        3.8086351914802599       0.74842848651529847     
  -2.2363942154140894       0.51330694447021885       0.69947128917159274     
  0.45216432237494508        3.9603785158081473       -1.3146164487355043     
  0.58444818080829053        3.0976182389807985       -2.6067217294364742     
 -0.71319623133818921        3.0644658672631362       -5.0240259105561424     
  0.84732646558911939        2.6588460138120871       -5.0270224080226766     
   1.9871501419694910        1.6867736004388929       -5.1124847073238637     
   1.3765162861127853        1.9360013689167435        3.4072513731874166     
   1.9925959923743615        1.8210421832127874        4.2137790701873508     
   1.4730585386830692        2.3812147005310620       0.99321269553052882     
   2.6478427304150611        1.1814103997262839      -0.44604411657805121     
  0.93042852331436121        3.2791433001611026      -0.69627770838358272     
   2.2265982777429589        1.2539445199767081       -2.7324604398380568     
   2.2495829798182236        2.1183596690586781       -2.1492241645657737     
  0.17974037869809431        3.4962164571270895       -3.4431530285354497     
   3.7491395094294564        3.3432532866172568        3.9248587263165877     
   2.6524781262434547        2.4163540490635800        4.9769994404291600     
   2.7685310246670491        3.4725697369058448        3.5602986739533882     
   1.6317270354952491        1.4267837397069518       -6.9406525837987315E-002
   2.0554528559983307        3.9743574304580056       0.36728917470784239     
   2.1012424764357780        4.9119957407761001        1.0408424412800825     
  0.95040350789565431        4.7111373981799050       -1.8554879447165311     
   2.5073523211873416        4.1630579777357415       -1.4650335326956123     
   3.4753697851661856        2.5093319252722828       -1.6820191915334419     
   2.2173107087538391        2.2565172762029260       -3.3889323839245935     
   4.1357231730915425        2.3486590048754086        4.3906337151371275     
   2.2218544171912322        1.8376592955076392        2.7823815428651524     
   3.9861141885863831        1.0020341866479929        2.1951434333399482     
   1.2746188956694544       0.98801026400227865       0.87294805448131596     
   4.1591727892398325        3.4382751515378716        2.7207293709715370     
   4.0588328749193749        3.2962938005032321        1.5277879268723134     
   2.2616179310149924        1.1667390242691362       0.75326777752213081     
   3.8861255534204382        3.5718285954921520      -0.72113240538635248     
   3.3822996366384164        1.6017625470268884       -1.0097995609725736     
   3.9510904839500856        1.1326682125079386        4.6516371878119873     
  -4.1967769088314899        2.0508423950296191        4.7280120222424813     
  -4.4990877960937210       0.68143184578911931        4.8640853113775746     
  -4.5879957247408818        2.6476396555788599        2.0690034297365854     
  -4.6127893582627930        1.4634869243050861       0.60584460661997319     
  -3.7779600012078967        3.3275445494306908        1.7929057610984809     
   4.1001740725624876        4.3308112143575759       0.87695259252820368     
   3.3228257374420980        2.7129700782228046       0.97616465979794720     
   2.6530574210793683        3.2682183941327714       -2.0658391089184720     
   5.0141016143216861        2.9139637715347710       -2.6526583948167644     
  -4.4602316981406638        2.9660059723015757       -3.9625228813119913     
   4.4399145043013233        3.0074032720811217       -4.5064305038492245     
  -3.8654113570350312        1.2270193065140227       -4.9305667976849916     
   4.7468854937848741        1.5408484212992548        4.0612714216124823     
  -3.2303246253973796      -0.21419792307676175        2.5315163835207359     
  -4.0292099287940575       0.42975310553182366       0.49164324408844456     
   2.9900103545146828        1.7308531370802498        1.2496860858040211     
   3.7698917713149784       0.68254158830814249      -0.75765645985710328     
  -4.8672939540049178        2.1393591572502197       -2.2195004723373062     
   4.6077692959031413        1.4312955533285918       -3.5160675820768938     
  -4.4355657801698767        2.0686411909047435       -3.3479347382408804     
   4.7977454533534392        2.4070350606774973       -3.7235901294126146     
  -4.3451068828172215        3.9474017029364629E-002   3.8710654069656103     
  -4.9699537893482058        2.0231672211359486        3.1647515703275508     
  -1.9808441121198788       0.85054763438211178        3.9146534068101322     
  -2.9045145095016016        1.4705811092654311        1.9656686575251763     
  -3.0246580620703480        2.9567535873446706      -0.37595959829328712     
   4.3463067707140679        2.4829198359035916      -0.48585455849375181     
  -3.5081767874290453        2.5236597146927893       -2.6087114733893073     
  -3.7349954637075897       0.63206449802172771       -3.6789955636384151     
  -2.4510635774325169        2.3815766603138919       -3.2795677380634820     
  -3.6075683309029323        1.5962521504540392       -3.9620358289050874     
  -3.3536237082334788        2.3770191006128805        4.1142514249186171     
  -2.4418018472445655       0.44775899163782895        2.1451791335753558     
  -1.4792344201011485       0.92867175123550549        2.6278305399172233     
  -4.1877806384353020        2.3146853147989495        1.0291687332837360     
  -3.1949876637021362        1.1184055926915624      -0.79387497352426395     
  -3.9202750236798556        4.6337422135026375E-002 -0.43501407363640388     
  -3.0578744345462270        1.0221324753451422       -2.0617191682245379     
  -1.3974566912937860        1.5098889733345984       -2.0924750604170534     
  -2.6735786174157634        1.0639913300103432        3.2028408632755654     
  -2.7342881671923354        2.0733269796235883       -4.2230697313395291     
  -2.1015948596606204        2.1335644722116163        5.1200941944833271     
 -0.70988517517614302        2.2487079760824282        3.4350630056117226     
   1.0375749170251920        2.8952511180794951        2.8741938639249800     
  -2.6810131753164326        1.4854484615290220       0.38601936346505711     
 -0.67018677736869647        1.9230005798520236       -1.3667164763994606     
  -1.2223200209042930        1.1410996681521548       -1.0291141783465587     
   3.8959614374453826E-002   2.3214565344646578       -2.2406058141960075     
 -0.65408596229615801        1.2968568656392856       -2.8136171169192936     
  -2.1077127599251644        2.3184254757903533       -1.5126553962097158     
  -1.9055821732260931        2.6935101996773558       -4.2243618497355291     
 -0.42863408490733013      -0.34038855083421016        3.9547890208303822     
 -0.23315245761716122       0.72547359072574891        4.1838656180198877     
  -1.8035229469036176       0.99474490983965613        1.4650434003197923     
 -0.57160624822082284       0.40059323933074920        1.7078791253390142     
 -0.98697629688907651       0.57068585131693772      -0.17326970696804878     
  0.83123277805488816        2.7551218981914145       -1.6057910345142288     
  0.17270776223172873        1.3163682319120447       -2.0638285704779227     
  -1.7758294771400784       0.31262638839150719       -1.3583615565593814     
  -1.3461340292873250        2.7066253694271882       -3.3718044659582755     
  -1.9091393499263674       0.55693773085777765       -4.6117901981825407     
 -0.55175489390455168        1.1052006581476952       -4.8056684982525075     
  -1.4845160638402064        1.1838279807099976        5.0818790802520963     
   2.4615886525458852       0.47296718977255903        2.0791562377093173     
  0.17620734184896727       0.75412174117774744       0.92701302734557645     
  0.64440701376321119      -0.98645071817608154        1.0057008296019754     
  0.61234823861055876       0.33627402452941746        1.8279886231357394E-002
  0.97392248479547039        1.9774482286852038       -2.5628085525394866     
 -0.20258484357541640        1.7710083185820273       -4.0033180165377296     
   1.2559766070504939        3.5533173366352977       -4.5392171998009410     
  0.47115953887421352       0.96306402245262313        4.9380499165426643     
   2.5237902268649131        1.3446930782519693       -4.1520497984060833     
   2.1175223849012381       0.74050072434539682        3.9087545337869209     
   1.4632232698774521       0.62967973790301301        1.9691568374584438     
  0.68002527675815561        1.8725038565670087        1.4849192169652312     
   3.8115329926068386        1.4783810801572701       0.17009724397909839     
   2.1536014856298635       0.55268182474419481       -1.9764069110187710     
   4.3852898365087993        1.5001609950591601      -0.83559938422667412     
 -0.90836079459716124        2.2482607078821690       -2.5902865293300525     
   2.0711696657861554       0.67199142737172157       -3.5428967422312465     
   1.5225775674705622        2.5990159376392872       -4.2545861630696402     
   3.4488979865291589        1.8502059552406509        2.2374205941565619     
  0.45574955195041816       0.62515328237454793        1.9170657362087513     
   3.9161707540413322       0.56367336146051583        3.1686180220982241     
   4.0146772154675796        2.0506363338288027        1.3183982004718551     
   2.5643649601100362       -1.5781304991012455       -1.4998490538832505     
   3.3493332223141445        2.5417353489627494       -8.9062785950623724E-002
   2.4605140093651463       -1.2751749943236208       -2.8957638896350457     
   3.3597072639435268      -0.62693427952544101       -3.2523594949140207     
   3.7630128631489974        1.1166651625047863       -2.6359360729944785     
   1.9603232897559415       0.37690191340331725       -4.6541182785219473     
   3.3223480142290267        3.1739099245902618       -3.7065168256199339     
  -4.1898217293024045        2.9342679299629983        4.0112522295260336     
   2.9647134879015589        1.1383369539400965        2.7667021431309626     
   5.1716204984197747        2.6069128286406196        4.4337810210839201     
   1.9901457052954763        1.4985520524873910        1.7122772141834259     
  -4.4374518882183995        2.7879683278721856      -0.61707854014706698     
   2.9940652810171522       0.11697977985846614        3.0159590849918270     
   3.0517124181591631        1.5168482835190944       -1.9592445090997626     
   4.2916717069681614        3.2317951926612452       -3.3519693356759324     
   1.1087045980661716       0.54384176340765278       -3.8730592728137032     
   4.9402032782670169       0.13395635949141732        3.2525167062959253     
   3.2305427342541204      -0.12602007315010033        5.1093803165047333     
   4.9630150785588283        1.5530611605572904        2.0645709595347590     
  -5.1622286130937081        3.5615917769843168       0.72034844624177619     
  -4.9933078727754685        2.6175315516444018       0.21792895641664267     
   4.3518032597374630        2.7389704735760589       0.53306061185800280     
   4.4533031431151082        2.0562178190245359       -1.6878362739863839     
   3.0160007472364541       0.61013276275818851       -3.0667974053846030     
   5.1525800591206519        7.9296167510005677E-002  -5.0292585235335174     
   3.0335661347980145        1.5680464096609774        4.5308087382621673     
  -4.9219870035330393      -0.65310839416219491       -4.0931313891314041     
  -4.2395160966406165      -0.98420000306140409        4.1212057150515493     
  -3.9359896963717507       0.77746127874514526        1.6985088123556427     
   4.2876597059676937       0.96523601326543995        1.0558347309158138     
   3.1681736891297616       0.67331390789751278       0.34653946841372796     
  -4.9846878053278543       0.23030151772857757      -0.40247828930883689     
   4.7558659195652684        1.4404031400747630       -2.4452724108514143     
  -4.6909151338801038        1.2276850416042171       -2.8588149285959799     
   4.1543873027047651       0.32011627128015319       -5.1223599609031591     
  -5.1459136103276002        1.4735409844625542        5.0526610169480977     
  -3.5460170226876513       -1.4701299357244741        3.5329368811364041     
  -3.9059566996318829        1.7310143785866394        3.2440369577475057     
  -2.0662725540453697        1.7971714142599824        2.4464102310125315     
  -2.3023015560189388      -0.72928118658762087        2.6547023502431997     
  -3.7005241722127233        1.3703072953326092       0.10926125883760376     
  -3.6009033699197261        2.1053586146062750      -0.59835493062646206     
  -4.8734105734903075       0.36886943244008580       -2.2552371704473884     
  -2.6957652422011287        1.3018996422281064       -3.2710192022414359     
  -3.5638666443858829      -0.36655891422283021       -3.5969670007544812     
  -3.0454969539918721       0.28874880943248904       -2.9332395951842845     
  -3.4928636703269835       0.36781686853328860        4.8472420456392697     
  -2.4472861710451776      -0.60972090309787286        3.7606013587463569     
  -1.7720911162653872        1.7191287545941085        3.4514737604700692     
  -3.2299257333279217        2.5091213882538836        1.5585725965892572     
  -3.8030967243579870      -0.21244632819969594        1.5758007770129669     
  -3.1346594036740614       -1.4711144038000239       0.55667921320843672     
  -4.1579011834070867       0.77961387764197088       -1.2287168544819380     
  -2.5083041930837569        1.8116590288095327       -2.3498729482147538     
  -3.3932331558754707      -0.54938921989937950       -4.9191399392265769     
 -0.37411184797000901       -2.6627111303928963        3.5065125340991647     
 -0.87120349343895376       0.32586975148167613        4.9580086692135303     
  -1.5153352925391261      -0.75823863541079628        3.3377362492328708     
  -1.6251725693419481        2.6062414567522234        2.9865051534238849     
  -3.1053176388317092       0.43262800415874070        1.2305337585401981     
  -5.6393185913112508E-002 -0.28466729843968908       0.82368777081295197     
  -4.0769479283887389        1.6086158235713572       -1.8510074388973656     
  -2.0685672064462182       0.68358634381831951       -2.2792476788222182     
  -1.2718346678322798      -0.30864408253695536       -2.0207015563716615     
  -1.6371741966017876        1.3262943994725314       -3.0747853243814856     
 -0.33669976315711209      -0.36914578320335806       -3.1583556203399841     
 -0.89386840191832428       0.98734928248589726       -3.8213199451299276     
  0.18327637975963126       0.31854392278438876        3.3456828386854292     
  -1.0089031842754983        1.8869533686384801        2.4812376972746675     
 -0.72879279369638350       -5.8748189871219637E-002   2.6507951088657080     
 -0.53348731023826734        1.0844168533954552        2.9863411874554289     
  -2.2585247402091935        1.2984583584041893       -1.4472997946295612     
 -0.51999901040411922        1.8546735577540143      -0.28079293062515609     
 -0.81402183016127772       0.57201243738008567       -1.8463650746465423     
  -2.3034149821508696      -0.32532919261883181       -1.9597116532607444     
   1.0763269522896999        1.4445092871641012       -4.7762968979805542     
  0.21565495283991964       -4.8340351323148172E-002   4.6640999432791519     
  0.44543743450695528        1.3689747364051714        2.9753718356309391     
  0.53998220344355907      -0.81120373974834770        3.6075732970612311     
 -0.75037680445908894      -0.62844672158377357        1.5982459691618367     
   3.7115392317042653       -2.6457479826079579E-002   1.0011920876681415     
  -2.0316769121999321        1.0306469903936111      -0.45172980845278449     
  0.35235533605277614       -1.7144324463466323       -1.3841089127245572     
  0.12607383154765608       0.34634450510358389       -2.3328686544056021     
  0.34386865295734437        1.1232202809935381       -3.1314157002321821     
  -1.0097738031848214        1.3540274481186096        4.0210287114473005     
   1.1827323857838044       -1.8477880161938411        3.4547034172557329     
   1.7348532522054614       0.91073903569252690        2.9666367970638148     
   2.9137760440578595      -0.24693004407432256        3.9994730540319625     
 -0.28084522206389473        1.4751430643416303        1.7750063752282825     
   1.8670258302436435       0.34263741500174122       -9.9457068905647303E-002
  -8.8784486988219266E-002  0.91524297192773341      -0.48671148353602961     
   2.4338869942927452      -0.25072342064707792       -2.5178189853515915     
   4.4848975215877900       -1.2264379918378212       -3.7315695284998593     
  0.94724070938018179        1.7949729866294803        4.6461708462748046     
   1.1721666730085454        9.9208002444768910E-004   3.7415574923509860     
   1.1790623251088153      -0.34770953193752102        4.6851917373820458     
   3.7080877299656092        1.6708337308680232        3.6847471286203781     
   4.0398172731829938       0.14388182521974954        4.1445297439114537     
  0.94429847797009392       -1.1213799160470319E-002  0.97235615780041607     
   1.3460476895298057        2.4629219323434244       -7.8478241714534921E-002
   3.3028887957570041      -0.42743559754865063       -1.4033206194200796     
   3.5963954563280605       -1.7123025039122417E-002  -2.4794754527653322     
   3.0989291842277455       -2.3152317991312685      -0.52452680132997498     
   2.1968801295982008        2.7719905252948273E-002   4.6535091987139054     
   1.3318074629605567      -0.10381010265348588       -2.0580356827211306     
   3.2534727853821237        1.7715248044689882       -4.7858346149113897     
   3.1617091292173205       0.81714336662886022        3.8177261664611954     
   3.7735110119608359      -0.45832490511823465        3.3615025335969699     
   2.7901371962858863      -0.39180755585341676        1.5454897744455878     
   3.3145810043806603       0.78499837276094431        1.4550362357310869     
   2.5513679920001220       0.18804971519440514      -0.89189738122944728     
   3.7745326120753626        1.2252111389416098       -4.1091893210245543     
   3.8539074328326484       0.32704825677457444       -3.5597552608559471     
   2.5957367365661370       -2.1533490929398913       -2.3298638797613567     
   3.1189052802372927        1.5963818655573636       -3.3186847456132469     
   3.2730367827981079       0.40002891754869646       -4.3771757222284551     
   3.4482354069841468       -1.2505973201652807        1.5099037060290950     
   4.5270086865850123        2.5939406378717105        2.3121621823328495     
  -4.5885055566233648       0.72093771016573494        3.0073215335585122     
   5.1008450152415445        2.5296508059142084        1.1814706136666471     
   4.5936752954915150       0.54880596476741017       -2.9117815479946949     
   4.5840017297692999        8.0626254224810928E-002  -1.0623263913507168     
   4.4793632542843431       0.50291442792732977        1.2991372200602815E-002
   2.7205834198393228        2.4800077640997249       -4.2834400453712425     
  -5.0170925584851469       0.69638670359146249       -3.7229894283424434     
  -3.5242084795472088      -0.45187148271805194        3.5198061237220912     
  -4.3313868408898566      -0.49329465257611016        5.0679535821506905     
  -3.8670884500994980       -1.1035520716665104        2.6491015880912614     
  -4.8735246793511573      -0.13666273372641705       0.53103994998918402     
  -3.9440312966207141       -1.1273580308144615        1.0864767381710387     
   3.2842873222828213       -1.2409252741069365       -2.2580605407485930     
  -4.9144276356743077       0.67352278873556659        1.2393660367467121     
   5.1603949106177582       0.89326471554030906       -1.3243894398181728     
  -4.8079235295206040       -1.3235386474882656       -3.3385901897681811     
   4.6591504110643260       -4.3692256609097887E-003  -4.0761007532434768     
  -2.9942451181676990       0.92600492093967013       -4.3825632800428522     
  -4.6481722523556730        1.3005023522073762        3.9218339658505812     
  -1.0210288231194649       0.36604823766979888        3.5182420076863656     
  -4.4429031111585289       -7.2423314182691559E-002   2.3553451347015257     
  -3.4189882249013084      -0.35536098310363562       0.37899922336042485     
  -4.1764928553863774       -1.5619345194278049       -1.8125823861744501     
  -4.2861810823188806      -0.97109600218142911      -0.99050693220382324     
  -3.6919012640855673      -0.46076797036397027       -2.5533640095558825     
  -2.0497007510813865       0.39369056507698325       -3.3748148254572592     
  -4.0782179494380717       -2.0659164940070580       -4.0646157965929826     
  -2.8964993565552755       0.24301682150116483        4.0480835224275387     
  -2.5740350312568623       -2.1507838861410104E-002   5.1672054122537734     
  -3.6659380013374299       0.75507931408647699        3.6051776151689152     
  -2.9812550622076568      -0.97541868488753403        1.8506115197853390     
  -1.4272411628913317       -1.1232962305722751       0.74128618315618211     
  -2.3740745578139912      -0.36729800543079455        1.2899700586815550     
  -2.0851003592088175       -1.9040997316604407       0.37057814260861993     
  -3.8942486441787918       0.56084285411209600       -2.4007072493585060     
  -2.8436865193592351      -0.87688716781336917       -3.0251682598687895     
  -3.5087163990480708        1.2880796938771517        4.4387968414359449     
  -1.7903099774114142        9.1473962192514064E-004   4.5192955468791922     
  -2.5186434719881530       -1.6900420687623623        2.4229910439445392     
 -0.88958418857393495       -1.9007085965039903        2.8891035832656655     
  -1.3660796484685047      -0.92183519314113760        2.3344610607194007     
  0.76029942349955881       -1.4991974896956570        4.4119517079116601     
  -2.8352000282138317       0.31418774872174948       -1.3346520488320384     
 -0.19563555867962712      -0.36023085176701286       -1.7014280428343467     
  -1.8290196602921327      -0.55407597733919678       -2.8217481775326867     
  -2.5647752463494498      -0.10581224242218989       -4.1392089956890503     
  -1.0732651202484504       0.37408599322235031       -2.8108092500151924     
  -1.5004755435290125       -1.5198336237644459       -5.1222716540630708     
  -3.1533890673128822      -0.89589174650887027        4.4613907971446203     
  -1.5231775074288265       -2.2389053942454607E-003   1.9431775450015223     
  -1.4876760599405197      -0.13846844710555384       0.56133617926327739     
   1.4632109749595279       0.15259659587399638       -1.0524017765980320     
  -2.2972419095272616       -1.2916095631635391       -1.2765777687899329     
  -1.0671692974632678      -0.29079187036378507      -0.85266708204447750     
   7.5502454433033467E-002  0.76364505971319863       -4.0335927850840223     
  0.29770032501738042       0.55690608294115063       -1.3616047549861683     
  0.52113960852583585       -1.3288668052510233       -3.0991646780070821     
 -0.44620759438803831      -0.84892071553965176        5.0782050552870865     
   1.7288479116183146       -1.8679992558286418        4.4923259890271758     
 -0.46370639522023660       -1.0028280488668679        3.0112157180955963     
   2.2354128039381846        1.3848403472872779       -1.3460574446249680     
  0.66374058372298361      -0.68448833208344395      -0.10541104374226576     
  0.89849398190873431      -0.82965240031489540       -1.1955287289441288     
 -0.11190000210784885      -0.12885862482132837      -0.59246840792224753     
   1.2720637653718823       0.71138225234398611       -2.7106244135767290     
   8.9629385175648377E-002 -0.86462894263544732       -3.9239677806855870     
 -0.66680116191312377        3.4185099081713764E-002  -4.3607904951338154     
   2.6634103708391978       -1.5969199624789996       -4.8777916192946371     
   2.1570073146072275       -1.6950689641198771        3.2644322370223264     
   3.2375733135417604      -0.91435782285342426        2.6174658906548767     
  0.79938681090667463       -1.1936422734858352        2.7161837512848344     
   2.5933413042885323      -0.28837059575798496       0.31595835457314897     
   2.4110666295492966       -1.3244141500554736        1.1895171578638006     
   1.2214692520644475        1.2831815315901058       -1.8158607201351158     
   1.1905562992146288      -0.54102928038547393       -4.1953800866035476     
   1.6008953919738806        1.5479102195929759       -3.8156093967770097     
   1.6208101302711271      -0.38119381060646590       -3.0854481693135423     
   2.4464641238396174      -0.64604376633361860       -4.6203367384431742     
   5.0651699138421842       0.45964057393909952        4.2780052707116303     
   1.9452873379120599       0.21884706886905986       0.90577783982118065     
  -4.0641953715291486       -1.2594352434334355        6.3050918733453309E-002
   3.4277293610202029      -0.32320660713826116      -0.28186737997258865     
  0.59446895127029231      -0.78869633661392635       -2.2126429301097894     
   3.5402848155545197       -1.9598586050341293       -1.4192802129787918     
   5.0137902526437896       -3.5959372928530251       -2.6912977205437434     
   4.9617267336645012      -0.37976976605130058       -3.0400954183881201     
   1.4352650731516179       0.75521557556208474        4.7460537334188793     
   3.1411566694175126       -2.5374289134215600       -4.0950676444305634     
   2.0091842092681858      -0.17508529741969547        3.2216398912688051     
   4.4719435836507309      -0.97612192384145080        1.3467171795995059     
   3.8555634033876127      -0.26569683717716774        1.9908071641688279     
   3.5550914382079437       -1.6590923269960136       -3.2091017715311829     
   3.1200734570818516       0.55065600581169138       -1.6461889783248131     
   4.2149742375704786       -2.9096215307428599       -2.9898077398637408     
   4.1625696535406496       -4.0868457865629386       -3.3000168576361562     
   4.7093206868775566       0.91956464548183670       -4.4662457315918633     
   2.7782081556852334       0.84904855807672630       -5.1587978203215581     
   4.3574812192534953       -2.0742497417375345        4.8456717785413286     
   4.9450784212819112       0.51496938893281730        2.3116684378109218     
   4.8108986741459887      -0.70121491726146135        2.2683638597748521     
   3.3621416921115284       -2.0470779641032029       0.45850394476123835     
   4.1192569787361002       0.65215250804476399       -1.7529804442549806     
   4.2393979673926658       -1.2286510076582513       -1.7427258358698769     
  -5.1252569889271076       -2.8959264382927983       -4.8921498111185153     
   3.7536402656073524        2.2019020567101779       -3.8013043101253734     
   2.4876111221522006      -0.24876835121088930       -3.5783172945094148     
  -4.8739310385617731       -2.5122499711208541        4.4844967008220502     
   3.7535526082109052       -2.4154330227132310        2.4767037808678407     
   4.9720637012726980       -3.5744854069143956        2.6510717097592735     
   4.7245794446635072       -1.0182380558769426        3.2713300028727632     
  -3.8732606880514462       -2.1809365384782833       0.83808849020189558     
  -3.5953151648868693       -3.1398802968781836       0.57518850387440656     
   5.0188675505016240       -1.5101012272431977       -2.3573047667825637     
  -5.0530000670961099      -0.95171361497813067       -5.9946856360089021E-002
   3.8395393478059474       -1.8118693312671355       -4.4630311481532878     
  -4.6689475003739798      -0.11351584773013601       -1.3496869322693477     
   4.4371944559518690      -0.92895305233163294       -4.6930659254976641     
  -4.1848397336871441       -1.7469172438820175        4.8341083711787514     
  -3.8813920982375771       -2.1204027135221857        2.6938753502109041     
  -3.9001615936716543       -2.3457793952591715        3.9007597465611346     
  -4.7670291538379042      -0.46558838772843364        1.4822024128916129     
  -4.9859248804591818       -1.3175210468742393       0.88517925075658233     
  -2.1449094668776425       -2.9379637570652988       -3.5703840572831194     
  -3.6742553469192121      -0.21862632638201770       -1.5702336110956880     
   4.5691003468597913      -0.31160652199959077       -1.9862455959493632     
  -3.1953640485679173       -2.2461942236936947       -1.8911555914227638     
  -4.3156727123480145       -1.2691804766340622       -4.6382572131175399     
  -1.3321560978868496      -0.29994546138689909       -3.6640698414645589     
  -1.1956143765949403       -1.9586586436338909        4.0503957132123940     
  -2.5437534748984816       -1.6922310102363227        3.5251735493954475     
 -0.34127973886768154       -1.4315160338422912        1.0167498592137896     
  -3.4051740909416668       -3.8845970940001120       -7.1853698950016295E-002
  -3.5198832861847920       -1.7857172263644114      -0.97882482600056964     
  -2.5392030569511825       -3.3876249832881684      -0.68830045052369571     
  -2.9868877651363577       0.50543490069062502       -7.3827728787859517E-004
  -2.0307714811503712       -1.0235792943149424       -3.7728049643871615     
  -1.5347307746173111      -0.50748772250138552       -4.8767409983161469     
 -0.91318728694713758       -4.0373024517282694        4.1756881833483295     
  -2.4234187842564108       -1.0299105389207521       -4.8503097547145151     
  -1.5759785141544580       -3.3712061707352357       0.96374649658252831     
  -1.5763487645417396       -1.1921749269129551      -0.45160888502581126     
  -2.2406322764988311       -1.4036087498288314        1.3273114853999801     
 -0.85777220364122653       -3.5426648083433463        1.8718258138417323     
 -0.46931096754615748       -1.0861078695066058       -1.0366977598619456     
  -3.2060390849141904       -1.1610039651334996       -1.9734308717757612     
  -1.1436332527658670       -2.8467966652049088       -3.5181921598402615     
 -0.73876637399553757       -2.1066392022966434       -2.7426123223791241     
  0.76777255480189099       -1.6835858979733458       -4.1456686831190934     
 -0.15264902077654893       -1.8027851800269228       -4.9148204037865790     
   1.0914564090078547        3.0758540877334199E-002   2.7443171104608766     
  0.61415487303498206       -2.2850067469459030        2.2369753630077009     
  -2.4297342658116072      -0.59792162638439939       0.27406434812088842     
  0.13575187339982742       -1.5414077621761157      -0.28032482059486946     
  -1.4915140847083990       -2.1333392138417580      -0.84923555702557740     
 -0.76716671081831700      -0.64431369152292794        8.6482276424481377E-002
 -0.28599880118555454       -1.7263741910443424       -3.5777792023941011     
  0.51821072027463799       0.11885189792106161       -4.6754063408247957     
   1.1508710194345999       -2.9504834450422393        4.7372142511497461     
  0.73644558855324982       -3.4296480712843525        3.8863448587367868     
   1.1689923446003476       -4.0924484763088875       0.19180423202990138     
 -0.16037046834011331       -2.9033555971830092        2.4718283079648966     
 -0.49897733169105879       -2.5352242063849713        1.3603754700086159     
   1.5680443887474482      -0.63750197961242672        1.5905664982956216     
   2.1971993433727839      -0.61925194499526082       -1.5258260366766765     
  0.38140203575213449       -2.1352525390924995       -2.3018183723779608     
  0.67034934023627291      -0.11480043673131178       -3.2502680703219342     
  -1.2590328393125039       -3.1277098650533501       -2.5417580234493888     
   1.6063635955403370      -0.91825705383969369        3.8762850929522012     
   5.1747868911334844      -0.58092154105214966        4.0534181432949188     
  0.14831366753985745       -1.9067324144251714        3.0453942081106486     
 -0.32036426285420921       -1.5820258199393020        2.0423395965589202     
   1.7348851416473952      -0.82175906972095436       0.56114699420210434     
   3.1599255258173828       -1.2977509989106641      -0.69688205541392734     
 -0.82472351790860665       -1.6699244968347984       0.10176782500360253     
   1.4440983821790374       -1.8037267183483987       -1.6512370663206968     
   2.6291985487390881       -1.5042646636652670       -3.8711278199424801     
   2.1230777863127255       -2.4626792902524142       -3.4652310361655605     
   1.6585790772980578       -1.4227326925797847       -3.5376901050681471     
   3.6438796087502641       -1.2389481219840430        5.0148366431465865     
  0.19993950181864018      -0.41331587727876085        2.4804377152212167     
   2.4844049144697484       -2.3892664369199870        1.1797089779530991     
   4.1234413062754687       -1.4349736277386851        2.5551244637886690     
   3.9937831724571993       -1.8049513210572787      -0.39141750462840719     
   1.9270714000222013       -1.8314632342225023      -0.74468538112815885     
   1.5656404633341403       -1.0534984001822216       -2.3224188544716307     
   1.8527321742885743       -2.4384722660888647       -4.4381686340828335     
   2.6194797879092278       -2.1226753942684131        4.0603241453702843     
  -5.1726746342809760       -1.2114017364336342        5.0135669577677433     
   5.0756045240221344       -1.6412309592589951        4.1033014923940563     
   3.3216137842307418       -1.2010806900215572        3.9284337926016302     
   4.6644711924513231        1.1657583998986351E-002   1.4472283301572662     
   4.9636403317426820       -1.4137180201297823      -0.98248002807684476     
  -4.6954502233851754       -2.3353528484187889      -0.97622309990482814     
   2.1024495805691750       -2.6306742331225914        1.2169653422674861E-002
  -4.3154300445623903       -2.2655863362053297       -3.0460178047230642     
   3.5436357486278545      -0.59744092084623879       -4.2469757652554865     
   2.3953244773973297      -0.99791189974757077        4.7240695563452437     
  -4.7732820676548497       -1.3021419703329702        2.0481212236514179     
  -4.5545653461502775       -1.7058367735322797        3.3438597087034636     
  -4.4577900548940113        4.1310677053866408E-002  -3.1149286138539263     
   3.1902784984365020       -1.9258612834272344        3.1993543816923826     
   4.4744524794133103      -0.46345951737447189       0.30847079970305402     
  -4.1322339406062536       -2.5661623973125018      -0.14054901589540270     
   5.1343802413914341       -2.5371355060650296       -2.4383163636422598     
  -5.1045498992489096       -1.9539363309493218       -4.3420227629696360     
   4.1727198505866516      -0.95816346291037868       -2.7377093465628537     
   3.3214748526080125       -2.2117358770763160        5.0284140308420291     
  -3.1143084241287817       -1.7306965464454371       -5.0538181383831766     
   3.6574221779528076       -2.6176233693832796        4.0630596799128611     
   4.1491968394311831       -1.8852407913083393        3.5290589556926717     
  -4.6746661818268107       -3.5039740640992898        1.7360734840694430     
  -4.3197647062555857       -5.0920638966944152       0.42647179254246226     
   3.7563591430151226       -3.0837478259462370       -1.0368594921902434     
  -4.2086544221644369       -2.6066138735663880       -1.9603714457728194     
  -3.4632782133429649       -2.8589184197124156       -2.9353277622799538     
  -3.8653289562307562       -2.7645609958082273       -4.8260971204701812     
  -4.1705647904744900        3.1781902042524408E-002  -4.3949175968300427     
  -2.4773522265265790       -3.0762225456944603       -5.1232266671440270     
  -2.2473219978606558       -1.5669900364162179        4.4830145691219210     
  -2.3032739092472712       -2.8352458440020532        3.9780713144298856     
  -4.8503721657904713       -2.8256027601359111        1.0015207285424548     
  -2.3363636251463853       -3.4819611785364333        1.7229454065066800     
  -4.2376768698686913       -3.5071737253367044       -2.7577915833537112     
   3.8006824057226862       -2.9000155714422777       -4.4167320724914291E-002
  -2.4661347986136932       -2.4083801367577236       -2.6977348794808664     
  -2.8700799096964942       -1.8775259091176315       -3.4750052843466221     
  -3.7394279222752220       -1.3948088087013475       -3.2109496592040272     
  -1.2056636703921295      -0.97253598065104097        4.4021353012847424     
   4.7358506363127164       -1.8516872458944433        1.7816739287665400     
  -1.1164190150405682       -2.6068710033618729        2.2114645524780685     
  -2.8998680997353743       -2.3204684996028355        1.0345355630281996     
  -2.6822275534425910       -3.4807123285351569       -2.8150119377525007     
  -3.5444378589514423       -1.8029945035853967        1.7156188313803908     
  -1.7559412722240466       -1.9409475937015963       -3.3111755094519353     
  -2.5646689189626057       -2.3553207453810305       -1.0295371088906105     
  -2.2751477548576471       -1.8768212148539725       -4.3388682423490881     
  -1.2341269104618351       -2.0731546181079650       -4.1764417838164993     
 -0.95052710679955976       -1.0639594670180157       -4.2032386505486565     
  -1.8759549299907863       -3.7770725031364094        3.7555432520335623     
  -1.2938443378949742       -1.7041434804575100        1.6924057113590736     
  -1.7871030013032403       -4.4055167170955007        1.8483277495691683     
   1.7530447326430155E-002  -3.8478036509516871        1.4331031420450184     
  -3.2034971518553350      -0.75709196736129558      -0.86358294770050448     
  -3.3208961672592197       -3.3559631605517581       -1.9115019482245657     
 -0.35450205980441785       -1.3282699852079027       -2.2343766765421891     
  -2.2411171095746050       -1.4035753008707932       -2.3357368686130164     
  -1.0621205176664961       -1.2322069735778052       -3.1455863484722504     
  0.30197039646233481       -2.8280197029653760       -5.0354104614299935     
 -0.63957162239259924       -3.1770604015029509        4.9366832358785668     
  -1.9824960026862621       -2.4329526887223030        1.6159014476765667     
  -1.7091760370528939       -3.7997781411764322       -1.1582364727078562     
  -2.7601058305439889       -1.5429343174393502      -0.37313986282100597     
  -1.8246657197744340       -2.2430697222667049       -1.9317897261603878     
  -1.3609716407891730       -1.3419516605492641       -1.6705000147826203     
 -0.59090757786473047       -2.0388801791772955       -1.5538723786931865     
  0.16737260970769022       -2.6137558168634683       -3.3076826689631411     
 -0.78830114303634236       -4.0026365763520753       -4.7310767365174513     
   1.0100535807255113        1.0833592271137398        3.8663404534642143     
 -0.35038764142464734       -2.2743132749012602        4.5807058751069336     
   1.1337564479328019       -2.8737020966906521        2.8842838077049775     
   1.3144930376961641       -2.5447036878963587       0.74530626064826533     
  0.39133736578412337       -2.1345090819923396        1.0623664736842595     
  -2.2241296569230675      -0.31812758886408293      -0.67326013376853977     
 -0.12450739640335473       -2.8780185158316716       -1.8521040000079336     
   1.6285464932851215       -2.0053116280635637       -2.6577763248188333     
   1.6309877945872437       -1.3090672545811903       -4.6941240639421915     
 -0.45328743429899632       -2.7250137898836968       -4.2566959699603633     
  0.62528066451474140      -0.92526086583472122       -5.0277479381624852     
 -0.25750017825745825       -1.4493323832709324        3.9996307124711530     
   1.8215306770438024       -4.5768575178595032        3.2185326580060605     
   2.2470476752260020       -2.8502006723347733        2.9792228294994292     
   1.1265393977625024       -1.6972362415475128       0.23127644898774086     
   3.0429925945231178       -2.8000449669813956       -1.6804740501144282     
   8.5513914560219492E-002  -2.5506426844198322      -0.70720147296039881     
   2.4449345447490551       -3.1882537351342259       -2.5946311530653916     
   3.1409951107133032       -2.5637559129750458       -3.0697590981887015     
   1.0249746009228933       -2.6438641749949534       -3.8938872243634153     
   1.2783769790437849       -4.2345374110439069        4.1632184521941555     
   2.2282959124536825       -4.6830183238806384        4.4427775624245500     
   4.2355063916149236      -0.91133324560128059        4.2367546791809065     
   2.0239533911432561      -0.87437612604544668        2.4979800597641684     
   2.4890049276152535       -1.8520658135264669        2.0640690547764904     
  -5.0108192873230539       -2.0599480175437885       -2.3910756442736920E-003
   2.1574320817155588       -4.0980060015576223       -1.2244719094167944     
   1.0435601868507076       -2.8832095373980944       -2.5115522065341973     
   4.1306044995643010       -3.6145540770104634       -2.0233803738207126     
   3.0737418721061029       -4.3624378063531202       -3.4928692006511817     
   2.8574278646662088       -3.3676715877376653        4.1131280733196167     
   3.0703074271117985       -4.9295436719114614        5.0064717748109011     
   4.5561612957397184       -2.8930861772896508        1.9520799053780982     
   4.5010575914946127       -1.9215413687624241       0.65398654173121262     
   5.0584595857452523        4.6038803203408332       0.68827180618580497     
   4.5635078964269011       -2.3186798258795789       -1.5091814832060666     
   4.9685834761106848       -2.1717739879885105       -3.3721789819162691     
   4.4657557318715080       -4.6050268027545691       -2.2470086774551286     
   4.2644630301003623       -2.6028754498217306       -4.0106672575248767     
   4.3867891370654633       -2.8843005393308188        3.3056282299641220     
  -1.7557703915476170       -3.6574598032035195        4.7672875088052598     
   3.2240133784618483       -3.0781836076990148        3.1066906007097468     
  -4.6466013328428000      -0.65187796369323459        3.1768738310335345     
  -4.2180171164273395       -3.4627751468896149        2.6424064202162332     
   3.6655597034808758       -1.0270506607283361       0.50550710055002468     
   4.0905610513928439      -0.88859583458498004      -0.81233580333514976     
   4.7030484961050734       -2.7179203146474058      -0.58934417876331313     
  -3.1265023472354603       -1.1437634151656484       -4.1210359578677478     
   5.1625460850481559       -3.1201280501890181       -3.6526287460177880     
   4.6789193135632443       -3.2275584509960318        4.3928795962503431     
  -3.8428136271444933       -3.3148291358302231        4.6914328313462583     
  -4.6020693311484688       -3.9604164454711217        3.9855762664268894     
  -4.1781357045901464       -4.4992063264015574        2.3519570382572197     
  -4.2412578040661719        5.0552853251732257       -2.0847260531508542     
  -3.3792361162907425       -3.7451161316547625        1.5618470588485418     
  -3.6209700937136815       -2.8480651129641519       -1.0180879009280968     
  -3.5966081141048654       -4.0446702840036446       -1.0501001984729994     
  -4.6542023256309299      -0.66491119015226474       -2.2466677221577624     
   5.0986007596145440       -3.2206367933847244       -1.7004668802728116     
  -3.2586844926221805       -2.6605058293586832       -3.9637096529130904     
  -1.5299660447660426       -2.4874466474941030        4.9545253069861364     
  -3.1707406424248714       -2.5575236475704175        4.6602082356516412     
  -3.7416978803638554       -2.8029463950287745        1.6684305275519145     
  -2.4682244766760140        4.1773867237763342       0.95967543790221421     
  -2.9773385389031573       -2.6190012030295819        3.2047933472236276     
  -3.1610880763565170       -5.1768979999437246       -1.9549546433476654     
  -1.9789809467270334       -4.9818611378193074       -2.7805941514176498     
  -4.1999808881774578       -3.1024326051467557       -3.7984378914974708     
  -3.3940459221972752       -3.6997560120679105       -3.6437563625429812     
  -3.9355768118486307       -4.9464554684659054       -3.2865578766354195     
  -1.2772525703411710       -2.9800947773048465        4.1130716921959030     
  -1.8200023626924866       -2.4007478811928493        3.1824677183080929     
  -3.4712493696713729       -4.4278487323112765       0.81348481477806489     
  -2.1804903347383910       -4.1665127093327099       0.87329890180714387     
  -1.9369894113801749       -2.7605707798495582      -0.13185547307213105     
  -2.4734068663075459       -4.3607829849516273      -0.23196434971513744     
  -4.2751060617729228        4.2333227589301101       -3.3818772073483765     
  -2.4730688322647478       -3.8721748207166136       -4.4752906932021554     
  0.40460381978211402       -3.6979299666894532       -2.3589083283698433     
  -1.6509011461008518       -3.0818291158263169       -4.5156885241671132     
 -0.45125022511610979       -3.4814857434777799       -3.0919409780467895     
 -0.97672699137532115       -4.3522958547511132        1.0115675110691003     
  -1.2005552968602602       -2.4969121245463364       0.57437943076840481     
  -2.7780368407564882       -2.7170912655226243        2.2219167229521126     
  -1.5069193751839298       -4.7486465154270432       0.23221638146091950     
 -0.64495883620556804       -3.4132796997084367       0.46074063327526987     
  -1.2022932830334987       -2.9962390768010594       -1.5294211178770691     
   4.5377804628709253        3.8921939907667906       -2.3756602025094957     
  -1.4350203579153591       -3.8883658548960014       -3.9183681118496154     
  -2.3013879649800439       -4.6104882517749450        4.4044338661722868     
  0.54155700294752862       -4.1698183214192976        3.0269382227035697     
  0.95245647615124540       -4.4747741205164528        2.1423917906618541     
  -1.1621221099415233       -3.2859458944724662        3.0722074906644710     
 -0.30537784194357193       -4.1252565485489052        2.4900531321660790     
 -0.73040959098949643       -4.6789665994052729       -1.1732117652211038     
 -0.35055934767429464       -3.5758386450803483       -1.1324024773243289     
 -0.62401889002359667       -4.0890705707220247       -2.0851316505023996     
  -2.9394319925708543       -4.9626068915812969       -3.9996361667430236     
 -0.21455250853878716       -4.4893675753955540       -2.9541150177943054     
 -0.84910918127907298       -4.7328499401271245       -3.7372135844736776     
  0.23501062376525850       -3.7333068544248933        4.8709194916099205     
  0.17333634170706622       -4.4855562311015937        3.9922506042741004     
  0.92088563165570325       -3.3949652203072684        2.0146581255463425     
 -0.17854421926014966       -2.4523620485400337       0.29636493122817931     
   1.1621885457019290       -2.5864421395862229      -0.47337319412171752     
  0.81230028251732056       -2.6417647385337744       -1.4857116821458927     
 -0.84217779303982698       -2.8479591610299750      -0.44934123731507786     
   1.2169929032713420       -4.2964425469951752       -4.2254545161129133     
  0.70945128456804940       -3.8647611419540073       -3.3298403089282602     
   1.0399564671737440       -2.1072015274165476       -5.0134084214155230     
  0.91707587501134991       -4.4271236867425214        5.1439737563420387     
  0.50131631388927955       -2.4436082707537299        4.0490040817161148     
   2.8546636356854833       -2.8305932957124069        2.1509055519579086     
   1.8511088471208041       -2.8023512336040470        1.9718137691385185     
   2.0497593773943255      -0.60877794401194685      -0.52781844372625919     
   1.5345645894356408       -3.5016726839423682      -0.70168640616611411     
  0.78758610990834543       -3.7547958428702355       -1.4184776780035717     
   1.7624338464985854       -4.7354197694644595       -2.7672385351755628     
  0.59899603795276501       -4.9443584200435788       -2.4755906884275034     
   2.2761102885556674       -2.7242105159808006        4.8266794644527407     
   1.6744583079062356       -2.7033097109862130        3.9064987777593325     
   1.9960108644743086       -3.7023944798255517        4.7692674438048055     
   3.0214602416336422       -4.6891887116097726        1.6299683723127407     
   3.5945393195993298       -2.2638952882657621        1.5002571816914931     
   2.4194325475848921       -1.5928227280048155       0.19014950232521369     
   1.3987414787155534       -1.5910472057811180        1.2681701844925664     
   2.6922752768198217       -3.2303360493539257      -0.54312433875537003     
   1.7535373400538272       -3.5419766098867203       -3.2852553872367101     
   1.1244275226902352       -3.3581048069712534       -4.5984365652580248     
   1.3550650741659949        5.0166841224594068        4.8524363642494386     
   3.7068967529008825       -3.1209718410491765       -5.1077112180349111     
   2.7896010690984454       -4.2868790935824315        3.6542219300228189     
   3.6814873997451616       -5.0444906914802523       0.93849569703557745     
   4.1778614442694746       -2.8504765195150483       0.93793136125478871     
   3.1841016501704704       -3.0621214923266455       0.81473468384955805     
   4.1097973004946020       -2.0190364011293149       -2.4113881288024799     
   3.4157045651385554       -3.5317619826752780       -2.7312295104547513     
   3.1052734694460704       -3.7787390227414992       -1.4756158952457910     
   3.1201696089439772       -3.8863345287345696        4.9325277016864923     
  -4.5378972510096443       -3.7015138674731465       -4.6580929108783060     
   3.8771828290461050       -3.7066797417352628        3.9014470312877036     
  -4.6062722159960492       -2.5948417365493337        2.1716350614486100     
   3.5278485178135766       -3.5948705333268824        1.6439390493371926     
   4.9648984713405175        5.0880155023486759      -0.24114125024084257     
   4.8844726778904226       -3.1855720167965482       0.27977609708625534     
   4.1319320594348374       -4.2024719524655758       0.63417864853727612     
  -4.5096947953763795       -3.6285056274877894       0.38634693021633504     
  -4.6823420443509232       -3.3349598870131847      -0.62660298901307776     
   4.5867408724695160        4.8467095578287207       -2.9832351340340688     
   4.6481860034374209       -3.7190907271103981       -4.5034814795112226     
   4.2190876104937676       -4.1486631571823169        4.8347444547861178     
  -2.9476697603008306       -4.6198362579004710       -5.0455533075249921     
   4.8227467926321843       -3.6471833722561597        1.1780345407812158     
  -4.7749780769831522       -5.1669244277679134       -1.0597045534576417     
   3.8710428018191041       -5.0047990242670748      -0.28408022364221680     
  -4.3112121162396733       -3.5236774474054542       -1.5746379556559109     
   4.0976290133594473        4.3794397760471462      -0.14149108815313904     
   4.0040395802550428       -4.5861201468461852       -4.6194702088757085     
  -4.4935431705899012       -4.0977989302135418       -3.5610111259317736     
  -3.9039604119393467        4.8088773136519301        4.8059111998619874     
  -4.0884914526608247        3.2345146279156052        3.0573163192804254     
  -2.8334486693841106       -3.5913460305987490        4.3887998728258752     
   5.0626790685396275       -4.3346955213330522        1.9219507912376830     
  -2.8011128210939238       -4.5302666685336046        2.1671597830693354     
   5.0688208686804010       -4.6198216121287530       0.69687929207022303     
  -2.7219495656493886        5.1010450426734959       -1.0598626597349250     
  -1.9672751667510746        4.8821909701714477       -1.7693137566151638     
   4.9365797572237495       -4.4791964123169361       -3.8023929400577696     
  -5.0855352403902199       -4.6805131917527243       -2.8355095713448186     
  -3.7252783181058935       -3.3704724097870020        3.6310142106681256     
  -1.6126897563344482        4.5494465254382126        2.2921433789909362     
  -2.0561975009216531       -5.0078023242804575        2.7136133265944862     
  -3.5728889931406318       -5.1784466309686419        1.4963436058553135     
 -0.70649279683505406        4.9729804481532982       0.80438485426770523     
 -0.38092057824046643        3.5567803727375247        1.7211486023724696     
  -2.9559530114289636       -2.4495748116327243        4.3074881746224335E-002
  -1.5761942232480193       -4.4827395988667602       -1.9484920256965539     
  -3.7553522968510551       -4.3113095378867472       -2.0055394630760124     
  -2.4736801029052211        4.4762389652707908       -3.2013915045662862     
  -3.5163053790373886        4.5327553389725264        3.8691450221372268     
  0.34183231516309082        2.6282554132400868        3.6036867974193294     
  -2.5879907801018840        4.9050178628488572        1.7549482288402953     
  0.19720464885820596       -4.8199400655965743        1.1640516689603140     
   3.9316433319927090E-002  -4.1454078146997100       0.31218235351997803     
  -2.5351361743799763       -3.2095781357731270       0.70971254406735429     
  -2.6408002551406455       -4.3223825376199603       -1.9218997148907389     
  -2.2311465740731835       -3.3126478345860413       -1.9285139512494902     
 -0.88190488731477967        5.1244754344572208       -4.7422525214082913     
  -3.4628450641855850       -3.7364368094124401       -4.6925182217020236     
  -2.5066457811927791        5.0746165657317670        3.6869443294993278     
 -0.74817241733060535        4.7767069452490318        3.8705603583647994     
  -1.3429850596691524       -4.3097088817676159        2.8183964617232178     
   4.4909245625344006E-002   4.6501123572817473       0.20878252666538924     
  0.80981790561797251       -5.0238507309482596       0.11817952013370844     
 -0.70726608741547836       -4.0954402116716802      -0.35535852372928428     
  -1.6636853471911053       -3.7442042954028492       -5.0672639540439018E-002
 -0.12620619559857643        4.7544218886465321       -1.8856606232639772     
  -1.4815519679872715        4.5264497050131585       -3.0295888338058381     
 -0.97959169814774849        4.4936985362344313       -3.9019720356586598     
  -1.0779996804717507       -4.9189290359600797        4.6627489948145691     
  -1.0671224931729186        5.0832382334340585        2.9641348832212828     
  0.93387828904921266        3.4099938704423369        3.8025493637669388     
  -2.1385651229958231       -3.3849380453007818        2.8489483000822764     
  0.53720557590535634       -3.3530866207551373      -0.26265599807442797     
   1.9633779449528006       -4.8141286503027159        1.9362709489713443     
  0.56902401499357602       -3.2377705194959141       0.73661248759151055     
   1.3405459958043318       -4.5834851544312896       -1.8682428035542940     
   1.1880075886291277        4.6168697972316011       -2.9629888844784356     
  -1.1956396849915989       -4.2210627324572467       -2.9445085535360418     
  0.38948968738310191        4.8904944301155231        4.5525449573398227     
   1.0451907310304540        3.9646266193619129        4.6730409076865831     
   1.5286581542174111       -1.8809572939960388        2.3537009078793241     
  0.28520617946492161        5.0246011521051033        2.0686634617762096     
   2.7557069900792390       -4.0666355318094372        2.5405129435591927     
   2.2198135732582309       -4.0460138265392107      -0.16042410423518919     
   1.1989821396268485       -4.8125694350494461        1.1890153699409984     
  0.50858075214081633       -4.2919919815101668      -0.60573156289718966     
 -0.28967822921183101        4.6093237332185799       -3.1155520772434855     
  0.74065338934079117       -5.0803918095691136       -3.6021580417217134     
  0.29480921388070791       -3.9626562253863842       -4.4491003263059588     
   2.3541911417167691        4.6286323310243676        4.3742560195852747     
   4.3530340676229367       -4.9649978498434360        2.7968488226323887     
  0.78203701824856642        5.1604800326007894        3.6390735047387324     
   2.3044036689923812       -3.9133186917752560        1.6312416253325481     
   2.1490461459084198       -3.3870062896779247       0.76393956081954284     
   1.6754102143594358        4.7302053070848080       -1.1502146399095743     
   2.7293180213009847       -3.3779515845331010       -3.6126348790454781     
   2.6729864509689487       -4.1774223738327647       -2.4290713648167856     
   2.1165675909583670       -4.4395311150396175       -3.8062751544824844     
   1.9577615643902657       -3.6537305739650754        3.6126963006756116     
  -5.0501537075490139       -4.7684089284540638       -4.7576289834151408     
   3.9468025888730831        5.1345260214786075        4.2137169442424556     
   4.0541928127845352        4.4491251021944063        3.3464811382219786     
   3.0747693370121558       -4.0690304005586295       0.82305918032001546     
   3.5717256678540568        4.6297647509390201        1.8539771337741038     
   1.9900599364862888       -2.7781442974169526       -1.3425887828088654     
   3.4646694850832622       -3.8521416007978204       -8.4744795907037998E-002
   2.8881302168691851        4.1878672470958236       -3.7909891168761085     
   3.5644336024583980       -3.6078010014881730       -4.2170252836983284     
   4.8759316893721101       -5.0914265270906673        4.7230469825857435     
  -4.8031855355054693       -2.9295699319889956        3.2635646537089982     
   4.9734396736492021       -2.2873450532031359        2.7347688624086404     
   4.0151270283159537       -4.5064160932480686        1.8604308023324991     
   4.5807381087799941        4.9554461708814550        1.4973057876382503     
   2.8775518125721304       -4.8289946972225515       0.19148302415581092     
   3.9954670170431266       -4.0814950745367247       -1.1342485346894529     
   4.6404473930591408       -4.1886553588038700      -0.36454916521603403     
   3.4733836638038813       -4.6453610190485879       -1.9764521527536554     
   3.1989486742430708        3.7541257977417346       -4.6973934576468004     
  -5.0720105695271567       -4.0284928908005897        4.9144935295743641     
