   1.5670634936302115        7.4518292428187012        4.9684499095447485     
  0.20024438084129798       -11.936686477895430       -6.8692833921176559     
   3.2406411372127635        4.2053221792434288        3.0814848654022686     
   11.839115669378739       0.70302061773480040       -6.7248055931526514     
  -9.6507353350695659       -3.6431239055059010        2.8541005547614668     
   4.1444723259563663       0.48924986187859987       -10.850424506054857     
  -8.1067928518306811       -13.810810656777626        7.2464614990542664     
   4.5599722422862419       -1.3638345944086645       -8.6658865395991018     
   14.545033383103073       -10.350569612830382       -2.4051959510262488     
   9.0983560365421141       -9.9654777691135852        12.982337736293951     
  -8.4807817102730159        1.2426569169242065       -7.7070207722471702     
   8.0851586392621595       -4.7942742185598179       -1.6119609477538559     
 -0.90062687078996984        11.622951526915699        13.982259248105853     
  -8.5389565149470048       -9.6939333961279672       -9.6792755142593077     
   5.8705914266988142       -8.9427775140803156       -4.9268560803195589     
 -0.93504583676981023        6.0882295691036852        7.0417944915633859     
  -13.506306814175181        8.0805904281359400        5.3199037334930042     
   6.4425535680408927        6.6802962711086185       -6.4734864817792319     
   9.2143172477648694        8.9289021668201745        1.1703066983654831     
  -8.1764582504418026        7.9382474028503509        5.7206331069938239     
  -6.5883320196563586        14.904528383147820        14.523836617873719     
  -12.261290889886917        6.5050302983373953       0.69456588695032451     
  0.47263652863228856       -2.5980464422865657        4.2191478234531088     
   8.7460634973532478       -1.4385655740328067        2.5891669484334030     
   14.795731300618202        8.3475606478661142       -12.834551048695715     
  -7.7331306526933421       -9.6631345888587283        6.5270530220280705     
   15.472539903758618       -8.3017145661854581        6.9263776248826403     
  -13.087811386958879        14.084884523075271       -6.1741036991596605     
  -11.728477236209812        2.7801531422423693       -9.3557351359031227     
   3.0632003489803710        10.790093702765509       -14.559030272041509     
  -2.3121461603224168E-002  -3.7889433237828172       -15.487037622250103     
  -6.3539781612877437       -9.8278692175733973       -1.5783135196731248     
   13.532939758832800        2.8688819241883330       0.95870064081786877     
  -2.3972755138309969        5.5683459132551505       -1.4398729761385554     
  -11.560537693613306        13.493322288730583       -2.7570584014100312     
   12.894190274901211       -9.7436479120002915       -5.2358378195256856     
  -3.5371163139305262        11.912686251241857        5.3039771430942260     
  -1.1283786275247962       -1.2968002828378051        7.4339360897716560     
  -7.8430709406411969       -10.472555560944304       -12.226011266751712     
   2.8590932082200271       -6.6546592395573301        6.4763145001612621     
  0.17293005452758581        13.002844650511429       -6.7424413779267134     
   13.626872052458708        4.1569649802729884       -11.457926170042146     
   1.7771749934173819        1.4955131995539823       -11.225076018757413     
  -3.7385223970931825        9.0019433242324940       -13.924684079607744     
  -9.3290129517474814       -10.184041339616499      -0.70541166560065793     
 -0.21936419552280143       -3.3825588074958315        1.4211045655033450     
  -13.792818348793160       -2.3783959497862881        10.016590387046124     
  0.58255165771510387        15.396674008464119        5.0744839397330930     
  -1.2985696493763279        8.6797320629092241        14.367320591738235     
  -8.0358324003984265        5.8631426325199030        7.4839220741421979     
   4.0259965042849526        13.014676860365448        6.2046514725585018     
  -6.1720075904338083       -11.681489471300949        10.717726015938590     
   2.1097326091840456       -8.6631834665904073       -10.704446679154675     
   1.8571419381009950       0.32917051748479254        4.2967581447042695     
  -15.460639077123425        13.660948400471803       -9.5326485108273449     
  -10.326371183840482        6.2078073909720963        1.9722381194856569     
  -9.8921100954332477        12.479317482578143       -2.4970635735767286     
  -8.6056401275122028       -2.7643841553108501       0.12509113254766946     
  -2.7854984517152426        1.5276107733356361        15.353233486415325     
  -14.901489877752482        9.5768178209347159       -1.2944174347501083     
   13.723757975222929       -6.8937765210292818        2.0855403823426548     
  -12.200638655487024        5.2456630947189158       -8.3847101192390792     
   4.9118811972874896        2.9798444692403274       -9.7747607424300185     
  -1.0915225039661831       0.57530822016281835       -6.1834964439645024     
   6.5567615003731188       -13.394459812029593       -5.7112518889107342     
   9.8533374866630865       -3.1946789722041573       -3.6285252183544614     
  -2.4157281731733562       -11.210102250144203       -14.275262697975185     
  -13.703511753580479       -7.1606586498562992        8.5524971714272429     
   7.3283218478282075      -0.43783926734037104        7.3159121088478436     
  0.85147403307002645        5.5907659354028842        12.423714075624623     
  -5.4917445317251872      -0.45344101245543289       -8.2393010616398605     
   11.048031043076703       -10.361801918806952        7.6790802588703340     
   13.514676231990766       -3.7029444250722263       -11.506284999608960     
   9.9448460068741049        3.5972781126266153       -4.0310276573242962     
  -8.9760266238068329      -0.29942900420420748        6.8657001845215602     
   8.6801187547650205       -14.512999022286618        9.3786818624965882     
  -6.1299339729196376       -1.7848536178074561        13.257667037890906     
   3.6402808578008590       -3.5106962764622636        8.2343103373812880     
  -12.484176044540352       -4.5976203234276936       -5.8482330397186200     
  -6.9580975038207145       -12.621399575770219        7.1505428035647522     
  -7.1615753211628892       -4.3150280142704496        7.9479210141084842     
   7.1472230923522888        4.6451746454922054       -4.8377565138981078     
  -4.0158948232229310       -5.4703508524371083       -11.517421864839514     
   7.3600989609160825        7.1849774063720423E-002  -13.895224026319893     
   14.180390142858023       -10.773159754900925        6.7128785494295862     
   13.637890231801521        1.5201336888392700        12.719132389226932     
   3.5553409833924188       0.48668343556464971       -1.1759204915015438     
  -3.4330933313157579       -6.8830071856720680        15.233968611909162     
  -6.2945034017432500       -8.0294382741001478       -4.9451071175473107     
  -2.8319435670699526       -6.5433592386807229       -10.611902115048963     
  -2.8987506616087857       0.40277045478264956        7.5919871024420278     
   6.6862150062652654       -7.5396996166884911        7.6684901823212064     
  -8.1281428134252707        14.141736653444385       -7.6718275705065420     
   2.4837319062394134       -5.8792542830230099       -6.4138652456068952     
   1.9048984739076482        12.223576266010085       -14.308702913050878     
   11.280960664741205        10.777048808619575        6.8445071936453470     
   5.1033652845442345        6.0473103328495492        13.327583271384084     
   14.354414062044139       -12.336827306992012       -14.225540072054955     
  -10.329652839841398        3.5507885823875021        7.7951416143595926     
   4.6290880456916534        7.8045907010923292       -2.2270602063110414     
   10.208937432778319        10.956513544739417        5.5565715125710264     
   15.161827691110481       -8.7678461082028782       -14.219167050273246     
   15.418549396364590       -6.9842268856858496       -9.5843672748266435     
  -8.5348424028644310       -3.6604288909430323       -5.7048887075623638     
  -11.437434464173798        11.111038243057681        5.1621309359042238     
   6.4693549405008648        8.3776033371660805        7.9083902666587731     
  -3.4971583404747983        10.715142203070851       -6.5350637850604736     
  -2.2637753531060234       -9.2248215027168623       0.58774470648528121     
  -4.4592301009335422       -15.450572670248771        6.2242762854376839     
   13.554654400717261        5.3843067314431305        14.117638815063437     
 -0.54945603073397209       -15.393981624562700       -12.931142505403610     
  -7.0971312860835063        6.4785544313591243        2.2868710011582638     
   1.6152975879927953        2.9267409295823672       -15.117703015906041     
  -15.061314457933999       -5.7413573449843955        10.795099421223474     
   12.750113643915137       -13.273466614898052       -8.9763524382792692     
  -7.9625220337727152       0.15264270441040617       -9.5500980642039490     
  -8.7984184193792121        9.1301898103066659       -8.8918063857213330     
  -8.5019349523286216       -3.3159098978609531        5.1875828106134207     
  -10.931001020278527       -15.492612616696663       -12.592852830763741     
  -9.1154406016723666       -4.7840609811059949        1.6005761326545926     
  -3.3063875933163107       -2.3131234824993250       -11.240602664199708     
   8.8377436928038708       -1.6261376606035369        5.2152489446436689     
  0.96205773258391258       -6.5017199770574940       -4.7973381414817791     
  -7.1971298504528756        11.300030592161077       -3.6649900762653655     
   4.6154717812341337       -2.7436275304981184       -12.491222168383796     
 -0.37766129664956338        14.772019983409038       -3.1317499142069383     
   13.805781158503834       -10.852911684132362       -7.8273237049249387     
   4.6036553022777751        11.679868789685980        13.538349297652232     
  -12.990199502631580        7.6804324193182847       -8.3219220497779869     
  -1.8388276741327580        1.1675339481977298        13.083960537014363     
  -10.201301151941594        9.9862702086577340        13.292274215293773     
  -1.1235070917332846        11.656885345842536        9.7474265146941104     
   11.846506317951388       -12.181284150419236        10.236407328455838     
  -9.3435242253314996        12.385275243795720        11.848680407039616     
  -5.5005607688393132       -14.610241231716476       -4.5827736882672223     
   12.145247493693967        14.895181483451498        6.1488393990602068     
  -1.7098154292534886       -11.618523179243933       -11.337409848645981     
   10.100588835819488       -8.6964169192264169        2.5463674727750853     
   9.0166584505468297       -11.542999704648572       -8.1517783829132622     
  -3.4315297404050997        13.745279304011119       -11.818077914331115     
   5.1399904864379726       -1.3895954791135610        7.2665145762003220     
  0.22144803120285572        15.095035044376564       -5.2027312969310433     
   9.3586726430783234       -14.226591277582447       -11.747934444318417     
 -0.33875268772427503        11.266775798059294       -15.174249191295180     
   1.4727545266506381       -5.7801336499387457       -6.1723645118844139     
   4.0757836007752939        11.248939850196377        5.0703408801113303     
  -4.3075085745293222       -14.421714793931187       -5.8110636105447044     
   3.7523167406656635        9.5723168574280848        3.9385677587182042     
  0.37558755522175741        8.8604646982194755        6.9435077392812339     
  -12.723678874352331       -10.469124149082463       -2.8329668697042658     
  0.69121161910789419        10.783486502542353       -11.547334378985514     
   3.3601533732960749       -14.265019103613158       -3.1276555021335715     
   13.155415735662759        10.451432885639505       -10.913090560305752     
  -1.8351824670597694        12.453706612232843        14.549208644243004     
  -11.658496151242732       -7.4619786185262083       -11.042055809035128     
   11.437752242750094        7.6880940219110325       -9.9935835292456030     
   13.175463237157832        3.4266595816304974       -13.734299808848155     
  -8.9172151731309466       -2.5483688594459473        9.4013437806998965     
  0.61092446755352825        15.113623984521089       -11.516797247866943     
  -6.5693524730353872        14.453448874335418       -11.879690266174368     
   5.2764058659573827       -3.3288329868118347        11.751198653080211     
   8.2367264436938399        1.7295475609611035      -0.63416052706152126     
   4.7490671156975912        7.2841210074118292       -7.9750129230378946     
   5.1000316487435580        10.677321591006729       -2.3478230866150951     
   13.193809111575371        14.652349419831628       -5.4936413708995282     
 -0.93267902190185970        7.7899526509281891       -7.1169681827937818     
  -15.261644556708768        13.671773953043076        15.115055742372096     
  -3.0011029885047580       -12.655996465172395        12.694358328314609     
   5.9425052656951927       -4.7740611579735983        6.8862282138653352     
  -14.278841850412189       -12.359656152861735        13.043324751658593     
  -10.000758675967798       -10.083148578652601        14.066859736873246     
  -7.2758513166313730       -14.275849038968554       -12.111321884937885     
   7.0505218765629998E-002  0.25832485896206442       -9.3036525195570672     
  -11.700834427076080       -6.1652214360794204       -7.9163916262423131     
   2.0386517319567710       -12.045484866202033        12.616154474025228     
  -7.9629767977452390       -8.0185062865059944        2.0452161857716109     
  -2.4922084749975468        3.8396866122245985        11.811621399950546     
   13.318905830051547       0.33482501357818817        9.1116034414394385     
  0.31649290618698261       -10.093466701647918        2.9637510414823960     
   12.640266149739400       -7.3748374932710865        9.5100112241328993     
   14.268880982337960       -15.224009389926193       -8.5162269351505024     
   6.0084042534259821       -2.8554516705026729      -0.24465574926703582     
  -13.033921259759083       -1.0980280474344279       -8.7904953240800978     
 -0.60221003117291383        7.4773492625684295        11.713686006636767     
   11.572138926419836       -13.224955067138479       -1.4207522289619881     
   2.1625720981570886       -12.356304750888178        1.1280460020975018     
  -15.206604397735584      -0.63359546290470092       -13.649202305999603     
 -0.66473857130697211        2.9944371497586166        5.7572190964074048     
  -12.178152107149140       0.41678183812786340        12.519997795179650     
  -2.9365842718537083        8.7325959835320486        12.344732142806995     
  -12.997468616554066        3.9854551742260580       -9.5113401003603162     
 -0.98822747462466554       -10.947581073306429        6.2690693405991826     
  -7.8817149745698334      -0.66509051308337364       -14.099123085830023     
   15.422401671912414       -12.986947704630454       -3.0906525104762990     
  -12.341760087239734       -9.3924685452771293       0.48043876311294881     
 -0.34714660144285853      -0.86640290078574789       -10.245991633314963     
   12.795978101123174       -3.6908970565903716      -0.86397489204464362     
  -12.552293938150006       -3.2695277968109071        6.6517714486836450     
   10.904136601298704       -8.8254371212736160        5.2893738620092972     
   14.420770711866412        11.900175230448964        3.6683710490666011     
  -7.7529945084934910       -1.0991039581611861        6.9052856894883083     
  -6.7324741667874646        6.1025606156905488        3.3182150152793124     
  -6.4857695082043030        6.0394042705434909       -4.0373126521255562     
  -4.3319827987374264        10.504133979181555        12.721646011982850     
  -11.813007668593455        13.169678377560462       -9.0164657496921752     
  -6.9393836513342251        12.737629880222798       -1.3634234436524466     
   8.5562697029624477       -14.914026799904439        13.738527046724450     
  -14.768840358313682       -3.6244806577936783        6.5730757707643823     
   10.196000026741554       -2.6050494483615889       -8.1523940526633343     
   7.5675648645307891        4.0929590172695685       -8.9480847322452579     
  -14.916722598836527        2.9061627068984150       -1.7949351685238262     
   8.6912871365619946        14.285894832093350        6.7013180664162260     
  -10.606702080017618        5.9113430221078707       -12.928677571472766     
   5.4672602491681790        4.9116422630289094       -9.9159874945700235     
  -3.7023951569223006        13.189461777995744        7.9935467605240316     
  -10.785181282008965       -3.3182225405101962       -2.5115620050825949     
   3.8630188946966255       -11.980324928719547        1.8929461314986822     
 -0.79939767297876718       -13.290508193500939       -2.4492534404797204     
  -3.7523466396907037       -10.909610154208588       -10.615122734587896     
   6.8688029274367777       -10.731375338730585        4.8305616620338965     
  -6.8367268054223143       -6.9244852351869346        14.836660405187589     
 -0.59910023901547882       -10.028767072108156        6.1473482488365958     
   3.6144703675200023        1.6473230753903765        13.760591629705493     
  -5.1754902867368457        10.832100501836431        2.6167111318706389     
  -13.266901958108727        5.7439601553684829       -10.411294637499370     
   1.3107753762865302       -13.946645778504916       -4.3692293023724416     
   11.869546400186094       -6.9950172322703379        3.7394117845684525     
   4.9946064361165341        8.0943087999596646       0.43723370071438022     
  0.11971559772578406        9.6919065973625216        2.7162587181934588     
  -4.1148773599546784       -14.120176580716709        14.379994735565013     
  -2.3721870746302569        12.149880783081063       -12.331845226625086     
  -8.3229039026000322        10.502033895219132        4.8800521778555976E-002
  0.43904218919604948        6.2858030514095935        9.0956364735436122     
  -4.7099287243103127       0.87502561500904152       -13.047724629986961     
   15.160614000062424       0.26600322530667719       -2.0080208641599433     
  -11.022480489152009       -11.917250596891179        13.660654448473624     
   1.7467658917984330       -10.343975892840595       -5.0172404365699936     
  -11.560577565113615        6.9752663826144534       -9.4920524803712887     
   7.5700415718908705        2.2892605380516766        8.5725061222641017     
  -14.882975461408657        8.0514074997671976       -14.998031534580056     
   2.5479809567051430        10.658988868839584      -0.15756199462333059     
   5.3797857740394734        4.5894901074276837E-002  -6.9230562553190076     
  -2.7303259614352515       -7.0204712891104637E-002   5.4107126505906722     
  -9.0177748923794532        12.631152325991607      -0.99207180078831536     
  -9.5231023911794583       -5.6889890613766356       -7.8290248172589028     
  -1.6335481893317030        12.331010730908156        10.524929352972075     
  -11.073437070948234       -13.591372305880840        10.100603647655340     
   5.1791971989857464        2.2985687313675109        1.4301327956855194     
   4.5938646660887867        15.403889459341491        4.1240020961846469     
   1.6812607219451763       -14.407869079043659       -8.2508639531779746     
  -2.4448069432298167       -10.507651555277009        14.689557121634659     
   6.4060412568899796       -6.4935601327079731       -12.916282952851226     
  -2.8607206813318982       -14.285899307979761        13.807803532303110     
  -14.728056203710294       -4.6578657158942791        5.3028018957688179     
   4.7997713373874964        3.3803826747660475       -14.045896968495752     
  -15.167341802222980        10.347379950115407        14.664269618276652     
   10.040556684896934       0.49696849626659279       -11.559618917033717     
   1.1971366929018035       -4.3590736485569588        2.1755186164245672     
   8.6632480446484017       -1.4707899463964655       -11.566126447411527     
   10.511723774557495       0.14518223305284239       -5.8163197792910353     
  -8.2308986834971343        4.0020813542938827       -5.4053805479969714     
  -3.3710228161666986       -15.495581206679672        11.344111620211109     
   4.5985265406143556       -5.1716157323419090       -8.4142755907063727     
  -11.755051267367847       -11.638790881335025       -6.3148939856932529     
   6.0014485669479622       -12.146615559581598       -3.1619308248807410     
  -4.4722268241831973        12.215769300913859        3.0700079103783282     
  -8.7491155961636178        1.5064146746385139        11.800386572937967     
  -12.004574531166131       -13.837880973597754        14.220012665731250     
   2.0931052982611531       -9.1930435528965084        7.4024134921506546     
  -5.4184857078919224       -3.3591194279170327        7.9418725988231058     
  -5.0414944542139137        5.5147365055336248      -0.39675979255824495     
  -4.4005925628266169       -2.3891300513110698        11.605355031121686     
   14.951662151018581        1.2509533684103222       -3.2657848252445678     
  0.57361728659638334        4.3766314867092913       -8.0950007523525471     
  -5.1716495614484561       -13.979700715838069        15.103264643723774     
   9.2855164327357098        9.5132513615566747        11.046722738429564     
 -0.53334654142667381       -12.762425273817792        11.713230092379082     
  -14.534016303651654       -14.896115426622663       -8.1506342804102250     
  -15.095179956803696        8.2972082952411892        8.6499261552054119     
   5.1786428910600941       -13.995436403706028       -12.266472554625073     
  -8.5495194781499997       -4.4372571485632166        4.8079475786550905     
  -4.8519652307534775       -6.2937807540861019       0.20014646621747320     
  -6.6128452497968855        11.324252108607398        6.5566760476931742     
   1.5522687277267417       -14.041816376071097        5.2519160903101261     
   8.5940912970659653        7.3577209356945561       -9.8885247790533182     
   13.360784370661255        9.0940596960683013       -4.3163312719492337     
  -3.1295697282975183        10.432622022487593       -11.569876838257633     
   4.1924946090216944       -2.7776743062472633       -9.3473410252899498     
  -9.4172357303073628        1.1833300416938739      -0.68830532927051857     
  -9.5769707526965604        3.7408504410843073       -8.1789955258307501     
  -3.5036547983784407       0.94055508698951862       -10.124461661223513     
  -9.4473518284055409       -3.7449815417712715       -11.678114647172283     
   3.8126867826295028       -9.1338142887410054       -15.488914154321098     
   13.085789306417814       0.82448743750022357        14.528340601432411     
  -13.319491832295306        1.3664678245493869       -13.725739167781320     
   5.8578877311068691        9.8386587370937697       -9.2457414652154881     
  -10.129396467008492        4.9968299418430959       -11.849146819364124     
  -15.212036543063396       -12.184403411401945       -9.4431777109981709     
  -12.704055987319629       -7.3004823942180561        14.789090461421674     
  -10.069607593407998       -12.007688297770780       -1.0170500473316304     
   15.477043224416253        14.497307953107805        1.7000972450611895     
   7.8198203867573914       -1.3334370064974312       -1.5971149816329882     
   8.3617283875531143        12.828221223726823       -9.2234536665273410     
  -13.911977431143782       -14.086098846116720        13.444327934471969     
  -7.5696978255692136        12.846863530926351        8.8869764891196539     
   4.9258694888147607       -10.118779964026917       -5.0578160761619149     
   4.7995815157994421       -1.2661740073822243       -10.707970058523292     
  -5.1087976505863431       -10.810544603963063       -3.0210277521700606     
   9.2361723022720437        2.0750396260213395        12.504926806622164     
  -8.7831465082074516        8.4577661174373091        4.3272689839588265     
  -7.8007437319748529       -4.0009529231550660      -0.63801220587759544     
   11.460353978084122       -7.6531857261447174       -10.430915072969794     
  -9.2411135192463600        9.3194332389916799        1.6913554814755087     
  -8.4290323873092312        2.0958077274109277        5.6301147761809291     
   12.796964477027796       -9.3173992000609083        9.6157329850993669     
  -14.912918128096484       -12.168179911893832        2.2496717796218153     
   3.5625126985907882       -5.2730170233244760       -5.7589019374095036     
  -13.680028056455205        7.8649030777397275       -11.102976627498741     
   14.236142015274121        5.6236543988606353       -6.5932108208246776     
  -5.4186103655725173        14.862696888643651        9.7042582390644476     
   13.932317415494222        14.371331808335375        14.511077288167071     
   5.0379401616939319        15.353608982842751       -2.0655098807188943     
  -2.8067306588912300       -9.9450169460515561       -10.174584106145932     
   3.9068959842000224        12.904217479284251       -1.9573174170623804     
  -6.1261015695779921       -11.057046429211333       -14.518844391610727     
   13.332056417981049        13.358023827091667       -8.1079364070425743     
   14.830345922643110       -1.2914878837803683        5.0735687237732803     
   13.586471621793303       -11.227742332551205        3.2945348579634999     
   15.431972291414478        2.0993744483050247       -1.9842739213626441     
  -14.485121170098243       0.28010678464154759        14.429232189570689     
   2.9593358768605142        9.6463298438169627        5.1858144204797227     
  -10.902566089295966       -1.0917443332797812       -3.0203127522189779     
 -0.35316854204898818        11.573028180138611        5.6486702687472636     
  -11.784178639618982        15.151600828295662        7.8882876485872515     
   1.6799297625718863       -15.252500627577991        10.572801342250930     
  0.98212942976767104       -14.306209757363929       -12.207876048282989     
   4.9094679447860905        4.2853846255879713        8.9459093987071245     
  -7.5839745840981863       -7.2604813942989379       -12.650234215682739     
  -14.212848435070169       -12.271550620457266       -11.976111351129672     
  0.56398995163054944       -6.0814068907455603        4.3841902894534224     
  -14.906985131954805       0.84334827993730554       -3.5410689738211665     
   1.7265158539565615       -10.531897618713916       -3.3166001836071266     
   5.1277034686708891        14.649298655108142       -14.330779155409054     
 Energia de la configuracion inicial =    1375.6063928447782     
