   4.9999998882412910E-003   0.0000000000000000     
   1.4999999664723873E-002   0.0000000000000000     
   2.4999999441206455E-002   0.0000000000000000     
   3.4999999217689037E-002   0.0000000000000000     
   4.4999998994171619E-002   0.0000000000000000     
   5.4999998770654202E-002   0.0000000000000000     
   6.4999998547136784E-002   0.0000000000000000     
   7.4999998323619366E-002   0.0000000000000000     
   8.4999998100101948E-002   0.0000000000000000     
   9.4999997876584530E-002   0.0000000000000000     
  0.10499999765306711        0.0000000000000000     
  0.11499999742954969        0.0000000000000000     
  0.12499999720603228        0.0000000000000000     
  0.13499999698251486        0.0000000000000000     
  0.14499999675899744        0.0000000000000000     
  0.15499999653548002        0.0000000000000000     
  0.16499999631196260        0.0000000000000000     
  0.17499999608844519        0.0000000000000000     
  0.18499999586492777        0.0000000000000000     
  0.19499999564141035        0.0000000000000000     
  0.20499999541789293        0.0000000000000000     
  0.21499999519437551        0.0000000000000000     
  0.22499999497085810        0.0000000000000000     
  0.23499999474734068        0.0000000000000000     
  0.24499999452382326        0.0000000000000000     
  0.25499999430030584        0.0000000000000000     
  0.26499999407678843        0.0000000000000000     
  0.27499999385327101        0.0000000000000000     
  0.28499999362975359        0.0000000000000000     
  0.29499999340623617        0.0000000000000000     
  0.30499999318271875        0.0000000000000000     
  0.31499999295920134        0.0000000000000000     
  0.32499999273568392        0.0000000000000000     
  0.33499999251216650        0.0000000000000000     
  0.34499999228864908        0.0000000000000000     
  0.35499999206513166        0.0000000000000000     
  0.36499999184161425        0.0000000000000000     
  0.37499999161809683        0.0000000000000000     
  0.38499999139457941        0.0000000000000000     
  0.39499999117106199        0.0000000000000000     
  0.40499999094754457        0.0000000000000000     
  0.41499999072402716        0.0000000000000000     
  0.42499999050050974        0.0000000000000000     
  0.43499999027699232        0.0000000000000000     
  0.44499999005347490        0.0000000000000000     
  0.45499998982995749        0.0000000000000000     
  0.46499998960644007        0.0000000000000000     
  0.47499998938292265        0.0000000000000000     
  0.48499998915940523        0.0000000000000000     
  0.49499998893588781        0.0000000000000000     
  0.50499998871237040        0.0000000000000000     
  0.51499998848885298        0.0000000000000000     
  0.52499998826533556        0.0000000000000000     
  0.53499998804181814        0.0000000000000000     
  0.54499998781830072        0.0000000000000000     
  0.55499998759478331        0.0000000000000000     
  0.56499998737126589        0.0000000000000000     
  0.57499998714774847        0.0000000000000000     
  0.58499998692423105        0.0000000000000000     
  0.59499998670071363        0.0000000000000000     
  0.60499998647719622        0.0000000000000000     
  0.61499998625367880        0.0000000000000000     
  0.62499998603016138        0.0000000000000000     
  0.63499998580664396        0.0000000000000000     
  0.64499998558312654        0.0000000000000000     
  0.65499998535960913        0.0000000000000000     
  0.66499998513609171        0.0000000000000000     
  0.67499998491257429        0.0000000000000000     
  0.68499998468905687        0.0000000000000000     
  0.69499998446553946        0.0000000000000000     
  0.70499998424202204        0.0000000000000000     
  0.71499998401850462        0.0000000000000000     
  0.72499998379498720        0.0000000000000000     
  0.73499998357146978        0.0000000000000000     
  0.74499998334795237        0.0000000000000000     
  0.75499998312443495        0.0000000000000000     
  0.76499998290091753        0.0000000000000000     
  0.77499998267740011        0.0000000000000000     
  0.78499998245388269        0.0000000000000000     
  0.79499998223036528        0.0000000000000000     
  0.80499998200684786        0.0000000000000000     
  0.81499998178333044        0.0000000000000000     
  0.82499998155981302        0.0000000000000000     
  0.83499998133629560        0.0000000000000000     
  0.84499998111277819        0.0000000000000000     
  0.85499998088926077        0.0000000000000000     
  0.86499998066574335        0.0000000000000000     
  0.87499998044222593        0.0000000000000000     
  0.88499998021870852        0.0000000000000000     
  0.89499997999519110        0.0000000000000000     
  0.90499997977167368        0.0000000000000000     
  0.91499997954815626        0.0000000000000000     
  0.92499997932463884        0.0000000000000000     
  0.93499997910112143        0.0000000000000000     
  0.94499997887760401        0.0000000000000000     
  0.95499997865408659        0.0000000000000000     
  0.96499997843056917        0.0000000000000000     
  0.97499997820705175        0.0000000000000000     
  0.98499997798353434        0.0000000000000000     
  0.99499997776001692        0.0000000000000000     
   1.0049999775364995        0.0000000000000000     
   1.0149999773129821        0.0000000000000000     
   1.0249999770894647        0.0000000000000000     
   1.0349999768659472        0.0000000000000000     
   1.0449999766424298        0.0000000000000000     
   1.0549999764189124        0.0000000000000000     
   1.0649999761953950        0.0000000000000000     
   1.0749999759718776        0.0000000000000000     
   1.0849999757483602        0.0000000000000000     
   1.0949999755248427        0.0000000000000000     
   1.1049999753013253        0.0000000000000000     
   1.1149999750778079        0.0000000000000000     
   1.1249999748542905        0.0000000000000000     
   1.1349999746307731        0.0000000000000000     
   1.1449999744072556        0.0000000000000000     
   1.1549999741837382        0.0000000000000000     
   1.1649999739602208        0.0000000000000000     
   1.1749999737367034        0.0000000000000000     
   1.1849999735131860        0.0000000000000000     
   1.1949999732896686        0.0000000000000000     
   1.2049999730661511        0.0000000000000000     
   1.2149999728426337        0.0000000000000000     
   1.2249999726191163        0.0000000000000000     
   1.2349999723955989        0.0000000000000000     
   1.2449999721720815        0.0000000000000000     
   1.2549999719485641        0.0000000000000000     
   1.2649999717250466        0.0000000000000000     
   1.2749999715015292        0.0000000000000000     
   1.2849999712780118        0.0000000000000000     
   1.2949999710544944        0.0000000000000000     
   1.3049999708309770        0.0000000000000000     
   1.3149999706074595        0.0000000000000000     
   1.3249999703839421        0.0000000000000000     
   1.3349999701604247        0.0000000000000000     
   1.3449999699369073        0.0000000000000000     
   1.3549999697133899        0.0000000000000000     
   1.3649999694898725        0.0000000000000000     
   1.3749999692663550        0.0000000000000000     
   1.3849999690428376        0.0000000000000000     
   1.3949999688193202        0.0000000000000000     
   1.4049999685958028        0.0000000000000000     
   1.4149999683722854        0.0000000000000000     
   1.4249999681487679        0.0000000000000000     
   1.4349999679252505        0.0000000000000000     
   1.4449999677017331        0.0000000000000000     
   1.4549999674782157        0.0000000000000000     
   1.4649999672546983        0.0000000000000000     
   1.4749999670311809        0.0000000000000000     
   1.4849999668076634        0.0000000000000000     
   1.4949999665841460        0.0000000000000000     
   1.5049999663606286        0.0000000000000000     
   1.5149999661371112        0.0000000000000000     
   1.5249999659135938        0.0000000000000000     
   1.5349999656900764        0.0000000000000000     
   1.5449999654665589        0.0000000000000000     
   1.5549999652430415        0.0000000000000000     
   1.5649999650195241        0.0000000000000000     
   1.5749999647960067        0.0000000000000000     
   1.5849999645724893        0.0000000000000000     
   1.5949999643489718        0.0000000000000000     
   1.6049999641254544        0.0000000000000000     
   1.6149999639019370        0.0000000000000000     
   1.6249999636784196        0.0000000000000000     
   1.6349999634549022        0.0000000000000000     
   1.6449999632313848        0.0000000000000000     
   1.6549999630078673        0.0000000000000000     
   1.6649999627843499        0.0000000000000000     
   1.6749999625608325        0.0000000000000000     
   1.6849999623373151        0.0000000000000000     
   1.6949999621137977        0.0000000000000000     
   1.7049999618902802        0.0000000000000000     
   1.7149999616667628        0.0000000000000000     
   1.7249999614432454        0.0000000000000000     
   1.7349999612197280        0.0000000000000000     
   1.7449999609962106        0.0000000000000000     
   1.7549999607726932        0.0000000000000000     
   1.7649999605491757        0.0000000000000000     
   1.7749999603256583        0.0000000000000000     
   1.7849999601021409        0.0000000000000000     
   1.7949999598786235        0.0000000000000000     
   1.8049999596551061        0.0000000000000000     
   1.8149999594315886        0.0000000000000000     
   1.8249999592080712        0.0000000000000000     
   1.8349999589845538        0.0000000000000000     
   1.8449999587610364        0.0000000000000000     
   1.8549999585375190        0.0000000000000000     
   1.8649999583140016        0.0000000000000000     
   1.8749999580904841        0.0000000000000000     
   1.8849999578669667        0.0000000000000000     
   1.8949999576434493        0.0000000000000000     
   1.9049999574199319        0.0000000000000000     
   1.9149999571964145        0.0000000000000000     
   1.9249999569728971        0.0000000000000000     
   1.9349999567493796        0.0000000000000000     
   1.9449999565258622        0.0000000000000000     
   1.9549999563023448        0.0000000000000000     
   1.9649999560788274        0.0000000000000000     
   1.9749999558553100        0.0000000000000000     
   1.9849999556317925        0.0000000000000000     
   1.9949999554082751        0.0000000000000000     
   2.0049999551847577        0.0000000000000000     
   2.0149999549612403        0.0000000000000000     
   2.0249999547377229        0.0000000000000000     
   2.0349999545142055        0.0000000000000000     
   2.0449999542906880        0.0000000000000000     
   2.0549999540671706        0.0000000000000000     
   2.0649999538436532        0.0000000000000000     
   2.0749999536201358        0.0000000000000000     
   2.0849999533966184        0.0000000000000000     
   2.0949999531731009        0.0000000000000000     
   2.1049999529495835        0.0000000000000000     
   2.1149999527260661        0.0000000000000000     
   2.1249999525025487        0.0000000000000000     
   2.1349999522790313        0.0000000000000000     
   2.1449999520555139        0.0000000000000000     
   2.1549999518319964        0.0000000000000000     
   2.1649999516084790        0.0000000000000000     
   2.1749999513849616        0.0000000000000000     
   2.1849999511614442        0.0000000000000000     
   2.1949999509379268        0.0000000000000000     
   2.2049999507144094        0.0000000000000000     
   2.2149999504908919        0.0000000000000000     
   2.2249999502673745        0.0000000000000000     
   2.2349999500438571        0.0000000000000000     
   2.2449999498203397        0.0000000000000000     
   2.2549999495968223        0.0000000000000000     
   2.2649999493733048        0.0000000000000000     
   2.2749999491497874        0.0000000000000000     
   2.2849999489262700        0.0000000000000000     
   2.2949999487027526        0.0000000000000000     
   2.3049999484792352        0.0000000000000000     
   2.3149999482557178        0.0000000000000000     
   2.3249999480322003        0.0000000000000000     
   2.3349999478086829        0.0000000000000000     
   2.3449999475851655        0.0000000000000000     
   2.3549999473616481        0.0000000000000000     
   2.3649999471381307        0.0000000000000000     
   2.3749999469146132        0.0000000000000000     
   2.3849999466910958        0.0000000000000000     
   2.3949999464675784        0.0000000000000000     
   2.4049999462440610        0.0000000000000000     
   2.4149999460205436        0.0000000000000000     
   2.4249999457970262        0.0000000000000000     
   2.4349999455735087        0.0000000000000000     
   2.4449999453499913        0.0000000000000000     
   2.4549999451264739        0.0000000000000000     
   2.4649999449029565        0.0000000000000000     
   2.4749999446794391        0.0000000000000000     
   2.4849999444559216        0.0000000000000000     
   2.4949999442324042        0.0000000000000000     
   2.5049999440088868        0.0000000000000000     
   2.5149999437853694        0.0000000000000000     
   2.5249999435618520        0.0000000000000000     
   2.5349999433383346        0.0000000000000000     
   2.5449999431148171        0.0000000000000000     
   2.5549999428912997        0.0000000000000000     
   2.5649999426677823        0.0000000000000000     
   2.5749999424442649        0.0000000000000000     
   2.5849999422207475        0.0000000000000000     
   2.5949999419972301        0.0000000000000000     
   2.6049999417737126        0.0000000000000000     
   2.6149999415501952        0.0000000000000000     
   2.6249999413266778        0.0000000000000000     
   2.6349999411031604        0.0000000000000000     
   2.6449999408796430        0.0000000000000000     
   2.6549999406561255        0.0000000000000000     
   2.6649999404326081        0.0000000000000000     
   2.6749999402090907        0.0000000000000000     
   2.6849999399855733        0.0000000000000000     
   2.6949999397620559        0.0000000000000000     
   2.7049999395385385        0.0000000000000000     
   2.7149999393150210        0.0000000000000000     
   2.7249999390915036        0.0000000000000000     
   2.7349999388679862        0.0000000000000000     
   2.7449999386444688        0.0000000000000000     
   2.7549999384209514        0.0000000000000000     
   2.7649999381974339        0.0000000000000000     
   2.7749999379739165        0.0000000000000000     
   2.7849999377503991        0.0000000000000000     
   2.7949999375268817        0.0000000000000000     
   2.8049999373033643        0.0000000000000000     
   2.8149999370798469        0.0000000000000000     
   2.8249999368563294        0.0000000000000000     
   2.8349999366328120        0.0000000000000000     
   2.8449999364092946        0.0000000000000000     
   2.8549999361857772        0.0000000000000000     
   2.8649999359622598        0.0000000000000000     
   2.8749999357387424        0.0000000000000000     
   2.8849999355152249        0.0000000000000000     
   2.8949999352917075        0.0000000000000000     
   2.9049999350681901        0.0000000000000000     
   2.9149999348446727        0.0000000000000000     
   2.9249999346211553        0.0000000000000000     
   2.9349999343976378        0.0000000000000000     
   2.9449999341741204        0.0000000000000000     
   2.9549999339506030        0.0000000000000000     
   2.9649999337270856        0.0000000000000000     
   2.9749999335035682        0.0000000000000000     
   2.9849999332800508        0.0000000000000000     
   2.9949999330565333        0.0000000000000000     
   3.0049999328330159        0.0000000000000000     
   3.0149999326094985        0.0000000000000000     
   3.0249999323859811        0.0000000000000000     
   3.0349999321624637        0.0000000000000000     
   3.0449999319389462        0.0000000000000000     
   3.0549999317154288        0.0000000000000000     
   3.0649999314919114        0.0000000000000000     
   3.0749999312683940        0.0000000000000000     
   3.0849999310448766        0.0000000000000000     
   3.0949999308213592        0.0000000000000000     
   3.1049999305978417        0.0000000000000000     
   3.1149999303743243        0.0000000000000000     
   3.1249999301508069        0.0000000000000000     
   3.1349999299272895        0.0000000000000000     
   3.1449999297037721        0.0000000000000000     
   3.1549999294802547        0.0000000000000000     
   3.1649999292567372        0.0000000000000000     
   3.1749999290332198        0.0000000000000000     
   3.1849999288097024        0.0000000000000000     
   3.1949999285861850        0.0000000000000000     
   3.2049999283626676        0.0000000000000000     
   3.2149999281391501        0.0000000000000000     
   3.2249999279156327        0.0000000000000000     
   3.2349999276921153        0.0000000000000000     
   3.2449999274685979        0.0000000000000000     
   3.2549999272450805        0.0000000000000000     
   3.2649999270215631        0.0000000000000000     
   3.2749999267980456        0.0000000000000000     
   3.2849999265745282        7.5046823080998187E-005
   3.2949999263510108        7.4591995246623346E-005
   3.3049999261274934        1.4828257940421464E-004
   3.3149999259039760        7.3694656781556688E-005
   3.3249999256804585        1.4650409512962170E-004
   3.3349999254569411        3.6406706932020474E-005
   3.3449999252334237        1.0856806231595737E-004
   3.3549999250099063        0.0000000000000000     
   3.3649999247863889        3.5760447345388675E-005
   3.3749999245628715        1.4219539073784693E-004
   3.3849999243393540        7.0678241159263393E-005
   3.3949999241158366        7.0262488001866008E-005
   3.4049999238923192        2.7940156993135144E-004
   3.4149999236688018        3.1248860320344583E-004
   3.4249999234452844        1.3807400773344449E-004
   3.4349999232217669        2.0590688121352232E-004
   3.4449999229982495        4.0942644297324728E-004
   3.4549999227747321        4.0705982274389643E-004
   3.4649999225512147        3.3726138594359403E-004
   3.4749999223276973        3.0179079672005941E-004
   3.4849999221041799        5.0010223552257702E-004
   3.4949999218806624        7.9559122601733539E-004
   3.5049999216571450        7.9105795497849251E-004
   3.5149999214336276        7.8656331963318125E-004
   3.5249999212101102        7.4951909542744506E-004
   3.5349999209865928        1.4905690711248440E-003
   3.5449999207630754        1.6432771212941200E-003
   3.5549999205395579        1.6020051487291855E-003
   3.5649999203160405        2.3258243161211650E-003
   3.5749999200925231        2.0276873802308913E-003
   3.5849999198690057        3.2136233172248194E-003
   3.5949999196454883        3.5404117524023542E-003
   3.6049999194219708        3.9881598110230879E-003
   3.6149999191984534        3.9661258351204928E-003
   3.6249999189749360        4.5913814037403036E-003
   3.6349999187514186        6.4355191971589270E-003
   3.6449999185279012        8.0155589135864312E-003
   3.6549999183043838        8.0626907570204142E-003
   3.6649999180808663        8.7121032766087764E-003
   3.6749999178573489        1.0463666080026961E-002
   3.6849999176338315        1.1450629774985977E-002
   3.6949999174103141        1.3197882579059376E-002
   3.7049999171867967        1.5398102789737914E-002
   3.7149999169632792        1.8131927604069089E-002
   3.7249999167397618        1.9493824290303344E-002
   3.7349999165162444        2.1711684817819488E-002
   3.7449999162927270        2.3183822487777710E-002
   3.7549999160692096        2.8086143803170916E-002
   3.7649999158456922        3.2279115571364897E-002
   3.7749999156221747        3.6938783273849071E-002
   3.7849999153986573        3.9202868020151063E-002
   3.7949999151751399        4.4085487366826048E-002
   3.8049999149516225        4.9615508076987350E-002
   3.8149999147281051        5.8842950120332256E-002
   3.8249999145045877        6.2770172707308058E-002
   3.8349999142810702        6.8582947290289326E-002
   3.8449999140575528        7.4361869655151194E-002
   3.8549999138340354        8.4494055887836553E-002
   3.8649999136105180        9.1620121042373978E-002
   3.8749999133870006       0.10438856231079771     
   3.8849999131634831       0.11203445443224687     
   3.8949999129399657       0.12621981844489197     
   3.9049999127164483       0.13800149866497430     
   3.9149999124929309       0.15040103143202735     
   3.9249999122694135       0.16790311371790725     
   3.9349999120458961       0.17845253050348794     
   3.9449999118223786       0.19459097104855266     
   3.9549999115988612       0.21413650909103096     
   3.9649999113753438       0.23052064257656854     
   3.9749999111518264       0.25250349135082834     
   3.9849999109283090       0.27665992732783073     
   3.9949999107047915       0.29587797841725572     
   4.0049999104812741       0.31558248266371647     
   4.0149999102577567       0.34330115960138097     
   4.0249999100342393       0.36759153292465102     
   4.0349999098107219       0.38922474356267833     
   4.0449999095872045       0.41450045268399949     
   4.0549999093636870       0.44843696880169726     
   4.0649999091401696       0.47691342626662753     
   4.0749999089166522       0.50617823044510002     
   4.0849999086931348       0.53452020820027246     
   4.0949999084696174       0.57409781941684268     
   4.1049999082460999       0.61114526778856249     
   4.1149999080225825       0.64050888356492786     
   4.1249999077990651       0.66812929592325687     
   4.1349999075755477       0.71262127017927224     
   4.1449999073520303       0.74340780297798592     
   4.1549999071285129       0.78181776787835233     
   4.1649999069049954       0.82687674641517861     
   4.1749999066814780       0.86954419923487336     
   4.1849999064579606       0.90594559887430304     
   4.1949999062344432       0.94882429115048417     
   4.2049999060109258       0.98801059554484749     
   4.2149999057874084        1.0265412840316539     
   4.2249999055638909        1.0724998454202426     
   4.2349999053403735        1.1192551244654974     
   4.2449999051168561        1.1587722809457062     
   4.2549999048933387        1.2074112590942896     
   4.2649999046698213        1.2587428555872791     
   4.2749999044463038        1.2970187751650515     
   4.2849999042227864        1.3494571560758071     
   4.2949999039992690        1.3906817724637262     
   4.3049999037757516        1.4287562873834418     
   4.3149999035522342        1.4928214305185159     
   4.3249999033287168        1.5280732196083087     
   4.3349999031051993        1.5768392026856035     
   4.3449999028816819        1.6268564427223402     
   4.3549999026581645        1.6702280458234524     
   4.3649999024346471        1.7177335579615978     
   4.3749999022111297        1.7518831075664836     
   4.3849999019876122        1.8111848045362640     
   4.3949999017640948        1.8433270862576312     
   4.4049999015405774        1.9080889068165827     
   4.4149999013170600        1.9443260145628209     
   4.4249999010935426        1.9824705358680066     
   4.4349999008700252        2.0367827340428466     
   4.4449999006465077        2.0748266728203562     
   4.4549999004229903        2.1185479484430445     
   4.4649999001994729        2.1548702005696123     
   4.4749998999759555        2.1946888420263022     
   4.4849998997524381        2.2319170038419998     
   4.4949998995289207        2.2726002662855391     
   4.5049998993054032        2.3004906436137782     
   4.5149998990818858        2.3450158212510037     
   4.5249998988583684        2.3701405155137194     
   4.5349998986348510        2.4036447250235180     
   4.5449998984113336        2.4285201000449201     
   4.5549998981878161        2.4594968830803436     
   4.5649998979642987        2.4760724351228580     
   4.5749998977407813        2.5089044695369025     
   4.5849998975172639        2.5234556664250150     
   4.5949998972937465        2.5511660638416838     
   4.6049998970702291        2.5744113800978208     
   4.6149998968467116        2.5991805940306256     
   4.6249998966231942        2.6145496470451208     
   4.6349998963996768        2.6345683449947237     
   4.6449998961761594        2.6410845880050946     
   4.6549998959526420        2.6455584721075378     
   4.6649998957291245        2.6767634477714646     
   4.6749998955056071        2.6759774504334857     
   4.6849998952820897        2.6813539138478726     
   4.6949998950585723        2.6968371539172580     
   4.7049998948350549        2.6888976390302428     
   4.7149998946115375        2.6927128700063054     
   4.7249998943880200        2.7047785744832695     
   4.7349998941645026        2.7080493285312586     
   4.7449998939409852        2.7052796408958715     
   4.7549998937174678        2.7161201404808475     
   4.7649998934939504        2.6989357805713730     
   4.7749998932704329        2.6927223461010237     
   4.7849998930469155        2.6862896304562098     
   4.7949998928233981        2.6702360028922700     
   4.8049998925998807        2.6871768413439545     
   4.8149998923763633        2.6705251180910667     
   4.8249998921528459        2.6493790233871342     
   4.8349998919293284        2.6403192126432797     
   4.8449998917058110        2.6297073116539629     
   4.8549998914822936        2.6096432501833147     
   4.8649998912587762        2.6004657940203622     
   4.8749998910352588        2.5937439891499654     
   4.8849998908117414        2.5732769306312191     
   4.8949998905882239        2.5529384009582916     
   4.9049998903647065        2.5289236626348259     
   4.9149998901411891        2.5256667833006872     
   4.9249998899176717        2.5030003380410379     
   4.9349998896941543        2.4951445678402515     
   4.9449998894706368        2.4607542105592635     
   4.9549998892471194        2.4422062616046398     
   4.9649998890236020        2.4264815093294465     
   4.9749998888000846        2.3898241823081423     
   4.9849998885765672        2.3652710308456144     
   4.9949998883530498        2.3580009273797544     
   5.0049998881295323        2.3355267618615470     
   5.0149998879060149        2.3119249054709927     
   5.0249998876824975        2.2870650181104293     
   5.0349998874589801        2.2538548493336599     
   5.0449998872354627        2.2414445677480832     
   5.0549998870119452        2.2047746618700614     
   5.0649998867884278        2.1862123988522115     
   5.0749998865649104        2.1592894240056562     
   5.0849998863413930        2.1342523928498456     
   5.0949998861178756        2.1089895312714413     
   5.1049998858943582        2.0835196048433171     
   5.1149998856708407        2.0625970059702810     
   5.1249998854473233        2.0364875753283092     
   5.1349998852238059        2.0211463175847721     
   5.1449998850002885        1.9837895581549310     
   5.1549998847767711        1.9671255279044682     
   5.1649998845532537        1.9464317872814738     
   5.1749998843297362        1.9134393711037143     
   5.1849998841062188        1.8883230640034205     
   5.1949998838827014        1.8490571205744746     
   5.2049998836591840        1.8354723554883547     
   5.2149998834356666        1.8088609080453413     
   5.2249998832121491        1.7962333337320102     
   5.2349998829886317        1.7673325599252836     
   5.2449998827651143        1.7401697134936522     
   5.2549998825415969        1.7163238835064503     
   5.2649998823180795        1.6814425225119467     
   5.2749998820945621        1.6514115695406142     
   5.2849998818710446        1.6403694911099000     
   5.2949998816475272        1.6184226949501417     
   5.3049998814240098        1.5849032897147077     
   5.3149998812004924        1.5690545688744588     
   5.3249998809769750        1.5508002950848536     
   5.3349998807534575        1.5232678776042239     
   5.3449998805299401        1.4984249935058651     
   5.3549998803064227        1.4782613634305048     
   5.3649998800829053        1.4666080042007559     
   5.3749998798593879        1.4290318375026823     
   5.3849998796358705        1.4217604257688445     
   5.3949998794123530        1.3935954578236869     
   5.4049998791888356        1.3734047938811216     
   5.4149998789653182        1.3487550864169777     
   5.4249998787418008        1.3441037491399055     
   5.4349998785182834        1.3094706630322079     
   5.4449998782947659        1.2928786780207286     
   5.4549998780712485        1.2793931321905707     
   5.4649998778477311        1.2547715884180406     
   5.4749998776242137        1.2395339800770537     
   5.4849998774006963        1.2249777976185661     
   5.4949998771771789        1.2009577374715561     
   5.5049998769536614        1.1803775603772650     
   5.5149998767301440        1.1677401491997268     
   5.5249998765066266        1.1559823167665721     
   5.5349998762831092        1.1235111679602596     
   5.5449998760595918        1.1181587002709064     
   5.5549998758360744        1.1050035312954443     
   5.5649998756125569        1.0883007522700743     
   5.5749998753890395        1.0666686925221223     
   5.5849998751655221        1.0591655872403298     
   5.5949998749420047        1.0487729705231770     
   5.6049998747184873        1.0345423191254113     
   5.6149998744949698        1.0120196808778736     
   5.6249998742714524       0.99766181394371722     
   5.6349998740479350       0.98878083395195104     
   5.6449998738244176       0.97475927520265948     
   5.6549998736009002       0.96916233118534234     
   5.6649998733773828       0.94849564445754098     
   5.6749998731538653       0.93850471708649164     
   5.6849998729303479       0.92663617824302558     
   5.6949998727068305       0.91137433166839510     
   5.7049998724833131       0.90534553885699143     
   5.7149998722597957       0.88839376548407667     
   5.7249998720362782       0.88342740061128855     
   5.7349998718127608       0.86807482184663554     
   5.7449998715892434       0.85963273527616568     
   5.7549998713657260       0.85265001656746298     
   5.7649998711422086       0.84111732485444701     
   5.7749998709186912       0.83069135113009229     
   5.7849998706951737       0.82107044616397351     
   5.7949998704716563       0.81521267537470765     
   5.8049998702481389       0.79733806466113288     
   5.8149998700246215       0.78716162756624219     
   5.8249998698011041       0.78096462231212782     
   5.8349998695775867       0.77174893623692642     
   5.8449998693540692       0.75345353394801795     
   5.8549998691305518       0.75375231262109377     
   5.8649998689070344       0.74160204278144104     
   5.8749998686835170       0.73896227320698182     
   5.8849998684599996       0.73363534866320179     
   5.8949998682364821       0.71906518286353438     
   5.9049998680129647       0.71299702298838519     
   5.9149998677894473       0.70613246347186209     
   5.9249998675659299       0.69956390356762854     
   5.9349998673424125       0.69425410117199593     
   5.9449998671188951       0.68658153053775905     
   5.9549998668953776       0.67959597518457460     
   5.9649998666718602       0.67184536607955714     
   5.9749998664483428       0.66481198334680103     
   5.9849998662248254       0.66234355054926819     
   5.9949998660013080       0.65761201045849915     
   6.0049998657777905       0.64904545680125036     
   6.0149998655542731       0.64175210060010213     
   6.0249998653307557       0.63761571951759033     
   6.0349998651072383       0.63478175429626271     
   6.0449998648837209       0.62797386031173452     
   6.0549998646602035       0.62364826867033385     
   6.0649998644366860       0.62021740590928831     
   6.0749998642131686       0.61416151372128691     
   6.0849998639896512       0.61041670207563115     
   6.0949998637661338       0.60501454245538355     
   6.1049998635426164       0.60288203628308779     
   6.1149998633190989       0.60181062580471156     
   6.1249998630955815       0.59442881218544841     
   6.1349998628720641       0.58554269359528599     
   6.1449998626485467       0.58220156564365255     
   6.1549998624250293       0.57957379525641428     
   6.1649998622015119       0.57950627046829040     
   6.1749998619779944       0.57280964633070053     
   6.1849998617544770       0.56909591677866134     
   6.1949998615309596       0.56631054151948668     
   6.2049998613074422       0.55855511784658773     
   6.2149998610839248       0.55809047995325745     
   6.2249998608604074       0.55229670870277481     
   6.2349998606368899       0.54918286625715451     
   6.2449998604133725       0.54515168115167068     
   6.2549998601898551       0.53668281965758025     
   6.2649998599663377       0.53952047785077195     
   6.2749998597428203       0.52984274250897834     
   6.2849998595193028       0.53002369633770507     
   6.2949998592957854       0.53149856073981083     
   6.3049998590722680       0.52679888692251042     
   6.3149998588487506       0.52252228868204686     
   6.3249998586252332       0.52108390586399844     
   6.3349998584017158       0.51704884051080480     
   6.3449998581781983       0.52247097401516263     
   6.3549998579546809       0.51835148020384614     
   6.3649998577311635       0.51501488417715946     
   6.3749998575076461       0.51293213319363207     
   6.3849998572841287       0.50570500958528775     
   6.3949998570606112       0.51027338993569327     
   6.4049998568370938       0.50821736545784923     
   6.4149998566135764       0.50974346690388428     
   6.4249998563900590       0.51284667893424918     
   6.4349998561665416       0.50792926827691809     
   6.4449998559430242       0.50653951216130255     
   6.4549998557195067       0.50837261037130466     
   6.4649998554959893       0.50276121947712138     
   6.4749998552724719       0.50450291635031230     
   6.4849998550489545       0.50218756680870080     
   6.4949998548254371       0.50236055304229055     
   6.5049998546019197       0.50347746033582863     
   6.5149998543784022       0.50602567540549848     
   6.5249998541548848       0.50375301482262436     
   6.5349998539313674       0.50304686869090964     
   6.5449998537078500       0.50422376218490006     
   6.5549998534843326       0.50082999924661165     
   6.5649998532608151       0.50969644294447836     
   6.5749998530372977       0.50679842496473060     
   6.5849998528137803       0.50666106835604408     
   6.5949998525902629       0.50727631342737645     
   6.6049998523667455       0.50947268387053990     
   6.6149998521432281       0.50826662446709547     
   6.6249998519197106       0.51251793649885380     
   6.6349998516961932       0.51411071291702282     
   6.6449998514726758       0.51095054438114129     
   6.6549998512491584       0.51493838501571876     
   6.6649998510256410       0.51399595567251166     
   6.6749998508021235       0.51701924861915305     
   6.6849998505786061       0.52087388772607934     
   6.6949998503550887       0.52369141761859306     
   6.7049998501315713       0.51980670814210106     
   6.7149998499080539       0.52095369620968346     
   6.7249998496845365       0.52307644410300158     
   6.7349998494610190       0.52058697062667159     
   6.7449998492375016       0.52443813284146568     
   6.7549998490139842       0.52378282244784125     
   6.7649998487904668       0.52328835332557844     
   6.7749998485669494       0.53112225070944685     
   6.7849998483434319       0.52961939730548568     
   6.7949998481199145       0.53495483187759585     
   6.8049998478963971       0.53427564906302161     
   6.8149998476728797       0.52971841510145357     
   6.8249998474493623       0.53759913294288841     
   6.8349998472258449       0.54109772269392709     
   6.8449998470023274       0.54412419137752865     
   6.8549998467788100       0.54474378833892034     
   6.8649998465552926       0.54676655004765573     
   6.8749998463317752       0.54973474861577953     
   6.8849998461082578       0.54994138935659587     
   6.8949998458847404       0.55252937909122157     
   6.9049998456612229       0.55310429555773877     
   6.9149998454377055       0.55958435212392188     
   6.9249998452141881       0.56193793909247858     
   6.9349998449906707       0.56477237743745023     
   6.9449998447671533       0.56682421309298270     
   6.9549998445436358       0.56750581412525358     
   6.9649998443201184       0.57170360608970350     
   6.9749998440966010       0.57449337504379616     
   6.9849998438730836       0.57880850254056404     
   6.9949998436495662       0.57885125682721328     
   7.0049998434260488       0.58666475315351541     
   7.0149998432025313       0.58658966381540700     
   7.0249998429790139       0.59077103962360522     
   7.0349998427554965       0.59489356023320006     
   7.0449998425319791       0.59548214687573164     
   7.0549998423084617       0.59692736148071956     
   7.0649998420849442       0.60081195622705674     
   7.0749998418614268       0.60903244711663029     
   7.0849998416379094       0.61163010594476508     
   7.0949998414143920       0.61589189268323397     
   7.1049998411908746       0.62044011092432216     
   7.1149998409673572       0.62160885713177827     
   7.1249998407438397       0.62952456117046462     
   7.1349998405203223       0.63089506266759598     
   7.1449998402968049       0.63522190421581559     
   7.1549998400732875       0.64066899952282674     
   7.1649998398497701       0.64269948217582051     
   7.1749998396262527       0.64482628179122847     
   7.1849998394027352       0.65493931159000451     
   7.1949998391792178       0.65786792444421338     
   7.2049998389557004       0.65671386588042702     
   7.2149998387321830       0.67057634449930792     
   7.2249998385086656       0.67086231362218318     
   7.2349998382851481       0.67442405210636824     
   7.2449998380616307       0.67702243882218494     
   7.2549998378381133       0.68640460202022902     
   7.2649998376145959       0.69247969924374009     
   7.2749998373910785       0.70109714547774971     
   7.2849998371675611       0.70539199998101010     
   7.2949998369440436       0.70741605623035064     
   7.3049998367205262       0.71403995635275308     
   7.3149998364970088       0.71955045042934296     
   7.3249998362734914       0.72877138376674466     
   7.3349998360499740       0.72850159500186973     
   7.3449998358264565       0.73990940245476577     
   7.3549998356029391       0.73973267361405715     
   7.3649998353794217       0.75008724277905892     
   7.3749998351559043       0.75406238897440947     
   7.3849998349323869       0.76133205879056320     
   7.3949998347088695       0.76487962832812972     
   7.4049998344853520       0.77296152951429076     
   7.4149998342618346       0.77791866426608214     
   7.4249998340383172       0.78352203008346288     
   7.4349998338147998       0.79082849581841363     
   7.4449998335912824       0.80074476483415458     
   7.4549998333677649       0.80500951303125912     
   7.4649998331442475       0.80883437125115321     
   7.4749998329207301       0.82307864524049268     
   7.4849998326972127       0.82433559768162390     
   7.4949998324736953       0.83593396822296073     
   7.5049998322501779       0.83743171220074009     
   7.5149998320266604       0.84033817671531363     
   7.5249998318031430       0.85195748537910510     
   7.5349998315796256       0.86177200308721769     
   7.5449998313561082       0.87106207002052050     
   7.5549998311325908       0.87752612516003770     
   7.5649998309090734       0.88199307404115734     
   7.5749998306855559       0.88730137893817085     
   7.5849998304620385       0.89564730168854589     
   7.5949998302385211       0.90655754589643933     
   7.6049998300150037       0.90671645418153668     
   7.6149998297914863       0.91752725055706352     
   7.6249998295679688       0.91933575855003058     
   7.6349998293444514       0.93062033330478766     
   7.6449998291209340       0.93304398554359047     
   7.6549998288974166       0.94470439981516241     
   7.6649998286738992       0.94925025052262824     
   7.6749998284503818       0.95580395441310251     
   7.6849998282268643       0.96205296116214212     
   7.6949998280033469       0.97576802946070873     
   7.7049998277798295       0.97888438366428099     
   7.7149998275563121       0.98292693143437171     
   7.7249998273327947       0.99256360273773669     
   7.7349998271092772       0.99612377248893857     
   7.7449998268857598       0.99620604515392674     
   7.7549998266622424        1.0094139649342930     
   7.7649998264387250        1.0157341640063322     
   7.7749998262152076        1.0221123067853439     
   7.7849998259916902        1.0262629054131847     
   7.7949998257681727        1.0349670870573371     
   7.8049998255446553        1.0400006893222571     
   7.8149998253211379        1.0493146733958916     
   7.8249998250976205        1.0470907364686051     
   7.8349998248741031        1.0593006674990184     
   7.8449998246505857        1.0649839916408281     
   7.8549998244270682        1.0694799284004222     
   7.8649998242035508        1.0770130980520383     
   7.8749998239800334        1.0799927748150779     
   7.8849998237565160        1.0866336316160679     
   7.8949998235329986        1.0964141111456658     
   7.9049998233094811        1.1015797909094827     
   7.9149998230859637        1.1048673041524819     
   7.9249998228624463        1.1186824348687461     
   7.9349998226389289        1.1219869221549301     
   7.9449998224154115        1.1246489995825011     
   7.9549998221918941        1.1307814550959894     
   7.9649998219683766        1.1352328608963222     
   7.9749998217448592        1.1392254648355540     
   7.9849998215213418        1.1492404127481721     
   7.9949998212978244        1.1498198070292818     
   8.0049998210743070        1.1546833449409606     
   8.0149998208507895        1.1624563724551487     
   8.0249998206272721        1.1686717882496185     
   8.0349998204037547        1.1684427624448792     
   8.0449998201802373        1.1773705641360279     
   8.0549998199567199        1.1794229909752127     
   8.0649998197332025        1.1842630373220846     
   8.0749998195096850        1.1883116813419796     
   8.0849998192861676        1.1895491137622491     
   8.0949998190626502        1.2034629219385382     
   8.1049998188391328        1.2026093488335372     
   8.1149998186156154        1.2138327336097670     
   8.1249998183920979        1.2154408611373713     
   8.1349998181685805        1.2140882108618665     
   8.1449998179450631        1.2239021507228143     
   8.1549998177215457        1.2286594108267122     
   8.1649998174980283        1.2298851214340620     
   8.1749998172745109        1.2373842991370569     
   8.1849998170509934        1.2383577951576454     
   8.1949998168274760        1.2463772770856454     
   8.2049998166039586        1.2467273300344617     
   8.2149998163804412        1.2516920598826788     
   8.2249998161569238        1.2539295067231193     
   8.2349998159334064        1.2580989425221922     
   8.2449998157098889        1.2628579945174496     
   8.2549998154863715        1.2688024941166633     
   8.2649998152628541        1.2705058634839748     
   8.2749998150393367        1.2735751206363735     
   8.2849998148158193        1.2784310017327005     
   8.2949998145923018        1.2799171445458633     
   8.3049998143687844        1.2825019997951845     
   8.3149998141452670        1.2889302539511225     
   8.3249998139217496        1.2886575523716413     
   8.3349998136982322        1.2945549054516203     
   8.3449998134747148        1.2920995984445971     
   8.3549998132511973        1.2932081596862162     
   8.3649998130276799        1.2942151405849482     
   8.3749998128041625        1.3011944851575850     
   8.3849998125806451        1.2998147327703420     
   8.3949998123571277        1.3022988706561722     
   8.4049998121336102        1.3024403657940429     
   8.4149998119100928        1.3080499006362256     
   8.4249998116865754        1.3049808091150350     
   8.4349998114630580        1.3088715305593419     
   8.4449998112395406        1.3109289818146810     
   8.4549998110160232        1.3099879580663532     
   8.4649998107925057        1.3149529344155240     
   8.4749998105689883        1.3095909558451821     
   8.4849998103454709        1.3144474704993605     
   8.4949998101219535        1.3107598797026294     
   8.5049998098984361        1.3170278482767881     
   8.5149998096749187        1.3178064695290070     
   8.5249998094514012        1.3164215829083625     
   8.5349998092278838        1.3229661444124636     
   8.5449998090043664        1.3157511009734575     
   8.5549998087808490        1.3109783935184030     
   8.5649998085573316        1.3168222759193648     
   8.5749998083338141        1.3098538951431273     
   8.5849998081102967        1.3185394731831943     
   8.5949998078867793        1.3121130821459950     
   8.6049998076632619        1.3184109411379534     
   8.6149998074397445        1.3118929725982436     
   8.6249998072162271        1.3139148517236927     
   8.6349998069927096        1.3115141955764329     
   8.6449998067691922        1.3081296206328008     
   8.6549998065456748        1.3144655297622603     
   8.6649998063221574        1.3099124690528345     
   8.6749998060986400        1.3079542260696142     
   8.6849998058751225        1.3136996113904966     
   8.6949998056516051        1.3079266701159902     
   8.7049998054280877        1.3021340243557309     
   8.7149998052045703        1.3115748959212092     
   8.7249998049810529        1.3039477998129825     
   8.7349998047575355        1.3033096244810496     
   8.7449998045340180        1.3031633775158962     
   8.7549998043105006        1.3027608250891698     
   8.7649998040869832        1.2967908414038398     
   8.7749998038634658        1.2993900734484678     
   8.7849998036399484        1.2893137250544098     
   8.7949998034164310        1.2938535544832355     
   8.8049998031929135        1.2884876524182072     
   8.8149998029693961        1.2886091905461368     
   8.8249998027458787        1.2879469759363436     
   8.8349998025223613        1.2866204528023124     
   8.8449998022988439        1.2827242589600538     
   8.8549998020753264        1.2790127893365546     
   8.8649998018518090        1.2808176355210703     
   8.8749998016282916        1.2757480425445895     
   8.8849998014047742        1.2788638678811899     
   8.8949998011812568        1.2728118775209714     
   8.9049998009577394        1.2712007723181011     
   8.9149998007342219        1.2682995991537542     
   8.9249998005107045        1.2671518461387343     
   8.9349998002871871        1.2636272557853510     
   8.9449998000636697        1.2592701094893151     
   8.9549997998401523        1.2552069817617559     
   8.9649997996166348        1.2586707497275111     
   8.9749997993931174        1.2580592248432261     
   8.9849997991696000        1.2540165193056314     
   8.9949997989460826        1.2458598608998877     
   9.0049997987225652        1.2445924103400818     
   9.0149997984990478        1.2434769875693803     
   9.0249997982755303        1.2393905509476335     
   9.0349997980520129        1.2339451174405105     
   9.0449997978284955        1.2334008718058134     
   9.0549997976049781        1.2292015174615267     
   9.0649997973814607        1.2268359749451236     
   9.0749997971579432        1.2250482137869712     
   9.0849997969344258        1.2216610997204953     
   9.0949997967109084        1.2167781991595379     
   9.1049997964873910        1.2147516420456623     
   9.1149997962638736        1.2091196224546366     
   9.1249997960403562        1.2120196753215626     
   9.1349997958168387        1.2020355839116721     
   9.1449997955933213        1.1968856122570728     
   9.1549997953698039        1.1899000733960488     
   9.1649997951462865        1.1929450696060031     
   9.1749997949227691        1.1865941223830390     
   9.1849997946992517        1.1841845536260234     
   9.1949997944757342        1.1780039153655308     
   9.2049997942522168        1.1779690654190227     
   9.2149997940286994        1.1713415116369035     
   9.2249997938051820        1.1683275767971639     
   9.2349997935816646        1.1631541621294059     
   9.2449997933581471        1.1610608826953586     
   9.2549997931346297        1.1558585861937585     
   9.2649997929111123        1.1512090738133549     
   9.2749997926875949        1.1465722081702772     
   9.2849997924640775        1.1362271390897027     
   9.2949997922405601        1.1375143177025024     
   9.3049997920170426        1.1224622639833284     
   9.3149997917935252        1.1220975516448304     
   9.3249997915700078        1.1168050619301151     
   9.3349997913464904        1.1133355827197478     
   9.3449997911229730        1.1082230646868840     
   9.3549997908994555        1.1062298427433015     
   9.3649997906759381        1.0983190199007993     
   9.3749997904524207        1.0956777255064452     
   9.3849997902289033        1.0866135369417027     
   9.3949997900053859        1.0817830350893840     
   9.4049997897818685        1.0806969299533111     
   9.4149997895583510        1.0745789832675554     
   9.4249997893348336        1.0700389623935256     
   9.4349997891113162        1.0672351821551318     
   9.4449997888877988        1.0625026765013523     
   9.4549997886642814        1.0576609677964659     
   9.4649997884407640        1.0556668166604788     
   9.4749997882172465        1.0501335501430411     
   9.4849997879937291        1.0433024976480487     
   9.4949997877702117        1.0367583800633060     
   9.5049997875466943        1.0353578898449625     
   9.5149997873231769        1.0308257320843792     
   9.5249997870996594        1.0236190233474263     
   9.5349997868761420        1.0225375335773355     
   9.5449997866526246        1.0152138243967452     
   9.5549997864291072        1.0097014636854940     
   9.5649997862055898        1.0092643227432647     
   9.5749997859820724        1.0016982851468184     
   9.5849997857585549       0.99542214419060371     
   9.5949997855350375       0.99333515395168548     
   9.6049997853115201       0.98973605289605859     
   9.6149997850880027       0.98252312233868255     
   9.6249997848644853       0.97749724494079371     
   9.6349997846409678       0.97583563780801430     
   9.6449997844174504       0.97059210788797456     
   9.6549997841939330       0.96492513009597336     
   9.6649997839704156       0.95694739018001174     
   9.6749997837468982       0.95504376629762033     
   9.6849997835233808       0.95224804050422096     
   9.6949997832998633       0.95045265596797734     
   9.7049997830763459       0.94137559147363059     
   9.7149997828528285       0.93734922881039606     
   9.7249997826293111       0.93861221382368309     
   9.7349997824057937       0.93171574014002101     
   9.7449997821822762       0.92789429011898605     
   9.7549997819587588       0.92669922936761473     
   9.7649997817352414       0.92036463049060480     
   9.7749997815117240       0.92020727699864835     
   9.7849997812882066       0.91230509499587098     
   9.7949997810646892       0.91052343811657988     
   9.8049997808411717       0.90939578075509331     
   9.8149997806176543       0.90882986830485724     
   9.8249997803941369       0.90085221435242258     
   9.8349997801706195       0.89958217136733798     
   9.8449997799471021       0.89524478450468492     
   9.8549997797235847       0.89522165923481900     
   9.8649997795000672       0.88805265571969305     
   9.8749997792765498       0.89033678782675862     
   9.8849997790530324       0.88597117201136211     
   9.8949997788295150       0.88327149308354169     
   9.9049997786059976       0.87801373390505233     
   9.9149997783824801       0.87838540645841467     
   9.9249997781589627       0.87327016894803444     
   9.9349997779354453       0.86750094304807135     
   9.9449997777119279       0.86775926267260439     
   9.9549997774884105       0.86404327098743472     
   9.9649997772648931       0.86214279812611050     
   9.9749997770413756       0.85772914741621997     
   9.9849997768178582       0.85729131782238333     
   9.9949997765943408       0.85248002156190250     
   10.004999776370823       0.85092643745980656     
   10.014999776147306       0.84889290125735506     
   10.024999775923789       0.84185362085506865     
   10.034999775700271       0.84225952192510567     
   10.044999775476754       0.83913066366987366     
   10.054999775253236       0.83600456993442995     
   10.064999775029719       0.84068759331253262     
   10.074999774806201       0.83412085415154891     
   10.084999774582684       0.83265859416635934     
   10.094999774359167       0.83029852977716212     
   10.104999774135649       0.82729979141179211     
   10.114999773912132       0.83526220631572590     
   10.124999773688614       0.82765275988991205     
   10.134999773465097       0.82780607320372857     
   10.144999773241580       0.82469169155047539     
   10.154999773018062       0.82368868152925778     
   10.164999772794545       0.81988996157972682     
   10.174999772571027       0.81714885382177682     
   10.184999772347510       0.81738746906341475     
   10.194999772123992       0.81419525440986518     
   10.204999771900475       0.81491771779735522     
   10.214999771676958       0.81433191814957950     
   10.224999771453440       0.80875456191877326     
   10.234999771229923       0.80843509343630660     
   10.244999771006405       0.81009828421865193     
   10.254999770782888       0.80739098846803548     
   10.264999770559371       0.80677937685396306     
   10.274999770335853       0.80683597367374904     
   10.284999770112336       0.80740376866164498     
   10.294999769888818       0.80319602655262745     
   10.304999769665301       0.80631660066583200     
   10.314999769441783       0.80336108475913670     
   10.324999769218266       0.80479118225400215     
   10.334999768994749       0.80511106571617130     
   10.344999768771231       0.80341151685534451     
   10.354999768547714       0.80514218496018286     
   10.364999768324196       0.80447131926645132     
   10.374999768100679       0.80421534219897917     
   10.384999767877162       0.79917178024846902     
   10.394999767653644       0.80034049936868723     
   10.404999767430127       0.80317135897651093     
   10.414999767206609       0.80081970866841179     
   10.424999766983092       0.79788692040585818     
   10.434999766759574       0.79945234114728159     
   10.444999766536057       0.79914339250553035     
   10.454999766312540       0.80033447016822135     
   10.464999766089022       0.80373427275523024     
   10.474999765865505       0.79950648767091881     
   10.484999765641987       0.80138184813406677     
   10.494999765418470       0.80412724335148278     
   10.504999765194952       0.80636171496523890     
   10.514999764971435       0.80485068221004941     
   10.524999764747918       0.80815072088603312     
   10.534999764524400       0.80721921706828359     
   10.544999764300883       0.80808505049369439     
   10.554999764077365       0.80748867962085202     
   10.564999763853848       0.80569959611610753     
   10.574999763630331       0.80866641047046628     
   10.584999763406813       0.80773549926313137     
   10.594999763183296       0.80799703950033996     
   10.604999762959778       0.81172335264523232     
   10.614999762736261       0.81504967813024587     
   10.624999762512743       0.80986834350684855     
   10.634999762289226       0.81360524095207420     
   10.644999762065709       0.81636185481267776     
   10.654999761842191       0.81517262261604551     
   10.664999761618674       0.81609038118129740     
   10.674999761395156       0.81725200604402870     
   10.684999761171639       0.82092246419751425     
   10.694999760948122       0.81964645520678714     
   10.704999760724604       0.82084720029665359     
   10.714999760501087       0.82365381515740577     
   10.724999760277569       0.82499465923881132     
   10.734999760054052       0.82845137727411855     
   10.744999759830534       0.82965270320742002     
   10.754999759607017       0.83448533837914740     
   10.764999759383500       0.83271555767497196     
   10.774999759159982       0.83884356580999198     
   10.784999758936465       0.83762291091654772     
   10.794999758712947       0.84014420712833726     
   10.804999758489430       0.84087547164674692     
   10.814999758265913       0.84795872952364204     
   10.824999758042395       0.84522135340229398     
   10.834999757818878       0.84887706115136086     
   10.844999757595360       0.85292066424440016     
   10.854999757371843       0.85441868428288459     
   10.864999757148325       0.85635909726536563     
   10.874999756924808       0.85782186389731152     
   10.884999756701291       0.86423669572153228     
   10.894999756477773       0.86489898221204708     
   10.904999756254256       0.86727012141032833     
   10.914999756030738       0.87058958539927966     
   10.924999755807221       0.87089640470548302     
   10.934999755583704       0.87339163442273793     
   10.944999755360186       0.87409493204224609     
   10.954999755136669       0.88055367215641767     
   10.964999754913151       0.87943326175115710     
   10.974999754689634       0.88214113268176997     
   10.984999754466116       0.88714971496895934     
   10.994999754242599       0.88544292930131119     
   11.004999754019082       0.89208610074172734     
   11.014999753795564       0.89908415967320310     
   11.024999753572047       0.89816014734057947     
   11.034999753348529       0.89868450458151639     
   11.044999753125012       0.90446984553468657     
   11.054999752901495       0.90565386322960195     
   11.064999752677977       0.90294276773316573     
   11.074999752454460       0.91279485300396668     
   11.084999752230942       0.91359714247389756     
   11.094999752007425       0.91423387641823906     
   11.104999751783907       0.92008102491792643     
   11.114999751560390       0.91839342749144737     
   11.124999751336873       0.92276959469883790     
   11.134999751113355       0.92426770432087813     
   11.144999750889838       0.92741827703438551     
   11.154999750666320       0.93254759627523642     
   11.164999750442803       0.93487326766000844     
   11.174999750219285       0.93501341562137719     
   11.184999749995768       0.94035940571826282     
   11.194999749772251       0.94484800459673979     
   11.204999749548733       0.94610039140427460     
   11.214999749325216       0.95102658409306706     
   11.224999749101698       0.95470610827746305     
   11.234999748878181       0.95727391324336075     
   11.244999748654664       0.96008085327509196     
   11.254999748431146       0.96266533783347008     
   11.264999748207629       0.96434887973668404     
   11.274999747984111       0.96931846094551410     
   11.284999747760594       0.97583327578584367     
   11.294999747537076       0.97719439687616327     
   11.304999747313559       0.97806442047974695     
   11.314999747090042       0.98137148285128073     
   11.324999746866524       0.98409074103325367     
   11.334999746643007       0.98921615275915842     
   11.344999746419489       0.99329007076217291     
   11.354999746195972       0.99313983668207839     
   11.364999745972455       0.99808293227204259     
   11.374999745748937        1.0025189210267547     
   11.384999745525420        1.0033764617448173     
   11.394999745301902        1.0088073964669715     
   11.404999745078385        1.0152979693394995     
   11.414999744854867        1.0155646487488297     
   11.424999744631350        1.0157574901021951     
   11.434999744407833        1.0204693056301841     
   11.444999744184315        1.0247055966974294     
   11.454999743960798        1.0249508945878967     
   11.464999743737280        1.0305292535557449     
   11.474999743513763        1.0332236432372375     
   11.484999743290246        1.0377612551583031     
   11.494999743066728        1.0388247976609644     
   11.504999742843211        1.0421804943035193     
   11.514999742619693        1.0439655167517605     
   11.524999742396176        1.0471999781362933     
   11.534999742172658        1.0521137081293668     
   11.544999741949141        1.0571850526127511     
   11.554999741725624        1.0540913655750384     
   11.564999741502106        1.0592385268148272     
   11.574999741278589        1.0573667881663726     
   11.584999741055071        1.0631662335748000     
   11.594999740831554        1.0674411998972848     
   11.604999740608037        1.0678693848742022     
   11.614999740384519        1.0729257916325172     
   11.624999740161002        1.0741009772344832     
   11.634999739937484        1.0789048066386642     
   11.644999739713967        1.0798206612170005     
   11.654999739490449        1.0820135765855854     
   11.664999739266932        1.0861078526564241     
   11.674999739043415        1.0910985261855179     
   11.684999738819897        1.0888462744785674     
   11.694999738596380        1.0919912953025801     
   11.704999738372862        1.0925911226154870     
   11.714999738149345        1.0962675849374324     
   11.724999737925828        1.0948549570095281     
   11.734999737702310        1.1030312710141148     
   11.744999737478793        1.1007281383914722     
   11.754999737255275        1.1046319865848022     
   11.764999737031758        1.1096940740843468     
   11.774999736808240        1.1087767167337637     
   11.784999736584723        1.1108230295880439     
   11.794999736361206        1.1121593653706814     
   11.804999736137688        1.1154799423378696     
   11.814999735914171        1.1118665690306757     
   11.824999735690653        1.1179445332855871     
   11.834999735467136        1.1149344349518671     
   11.844999735243618        1.1179936002107351     
   11.854999735020101        1.1176871687661660     
   11.864999734796584        1.1168106693797044     
   11.874999734573066        1.1180977621140908     
   11.884999734349549        1.1201386063879493     
   11.894999734126031        1.1228378176194045     
   11.904999733902514        1.1212951235875670     
   11.914999733678997        1.1219294275032643     
   11.924999733455479        1.1212786737101619     
   11.934999733231962        1.1241449243845631     
   11.944999733008444        1.1282543725009491     
   11.954999732784927        1.1284018833994953     
   11.964999732561409        1.1304254136379992     
   11.974999732337892        1.1286229381444552     
   11.984999732114375        1.1312958588183923     
   11.994999731890857        1.1336571691009005     
   12.004999731667340        1.1317299793229634     
   12.014999731443822        1.1348341107306561     
   12.024999731220305        1.1357729315438989     
   12.034999730996788        1.1292510955016810     
   12.044999730773270        1.1328946263607185     
   12.054999730549753        1.1359338077602787     
   12.064999730326235        1.1355787478807178     
   12.074999730102718        1.1311853316937428     
   12.084999729879200        1.1321753338623151     
   12.094999729655683        1.1334013303189521     
   12.104999729432166        1.1349975543673803     
   12.114999729208648        1.1331246215347057     
   12.124999728985131        1.1375691566594555     
   12.134999728761613        1.1349361407519769     
   12.144999728538096        1.1378309032053164     
   12.154999728314579        1.1408160134164296     
   12.164999728091061        1.1363582328957984     
   12.174999727867544        1.1383358154771086     
   12.184999727644026        1.1363345263068783     
   12.194999727420509        1.1390268649592090     
   12.204999727196991        1.1378461497730221     
   12.214999726973474        1.1361521404613022     
   12.224999726749957        1.1385885890292506     
   12.234999726526439        1.1374233326251941     
   12.244999726302922        1.1378482988820202     
   12.254999726079404        1.1397829134625628     
   12.264999725855887        1.1361565828132540     
   12.274999725632370        1.1384796789042841     
   12.284999725408852        1.1397741628467177     
   12.294999725185335        1.1387914338621166     
   12.304999724961817        1.1364117336811426     
   12.314999724738300        1.1370286117645256     
   12.324999724514782        1.1326999183486024     
   12.334999724291265        1.1346963832982784     
   12.344999724067748        1.1329199296553387     
   12.354999723844230        1.1298797485110184     
   12.364999723620713        1.1341575263888604     
   12.374999723397195        1.1355405484703431     
   12.384999723173678        1.1326595281059670     
   12.394999722950161        1.1287979712771252     
   12.404999722726643        1.1299759129336999     
   12.414999722503126        1.1263383392677013     
   12.424999722279608        1.1305770637451951     
   12.434999722056091        1.1291286494653525     
   12.444999721832573        1.1268337261893528     
   12.454999721609056        1.1296869520851627     
   12.464999721385539        1.1261681183209196     
   12.474999721162021        1.1259088966390682     
   12.484999720938504        1.1249268874495695     
   12.494999720714986        1.1246598148541918     
   12.504999720491469        1.1207229198573874     
   12.514999720267951        1.1213990083373822     
   12.524999720044434        1.1170511190471202     
   12.534999719820917        1.1173775745982100     
   12.544999719597399        1.1166363670539767     
   12.554999719373882        1.1151845288920652     
   12.564999719150364        1.1125894440945558     
   12.574999718926847        1.1106029629794212     
   12.584999718703330        1.1074709072186779     
   12.594999718479812        1.1122782178131803     
   12.604999718256295        1.1056923015581390     
   12.614999718032777        1.1029731141739108     
   12.624999717809260        1.1043817606666229     
   12.634999717585742        1.1007827276226967     
   12.644999717362225        1.1034487705827523     
   12.654999717138708        1.1046891005828625     
   12.664999716915190        1.0994439322495977     
   12.674999716691673        1.0972939202829057     
   12.684999716468155        1.0974770571803525     
   12.694999716244638        1.0919498306230866     
   12.704999716021121        1.0937786780286747     
   12.714999715797603        1.0896569766218145     
   12.724999715574086        1.0887752508528481     
   12.734999715350568        1.0883718294039617     
   12.744999715127051        1.0892496506980183     
   12.754999714903533        1.0853471281011353     
   12.764999714680016        1.0850836372450698     
   12.774999714456499        1.0812616838767877     
   12.784999714232981        1.0802521389151158     
   12.794999714009464        1.0789006264839289     
   12.804999713785946        1.0740872667564907     
   12.814999713562429        1.0710160508408366     
   12.824999713338912        1.0727758353007268     
   12.834999713115394        1.0700872338195397     
   12.844999712891877        1.0720293629334943     
   12.854999712668359        1.0686101278716005     
   12.864999712444842        1.0683905233643416     
   12.874999712221324        1.0623736674012598     
   12.884999711997807        1.0617838072547765     
   12.894999711774290        1.0611141374576694     
   12.904999711550772        1.0595650987091412     
   12.914999711327255        1.0589178107681174     
   12.924999711103737        1.0539543149433859     
   12.934999710880220        1.0520784743988607     
   12.944999710656703        1.0501467599894201     
   12.954999710433185        1.0497397382002682     
   12.964999710209668        1.0473935149802522     
   12.974999709986150        1.0442667610512952     
   12.984999709762633        1.0414005544180314     
   12.994999709539115        1.0418509539577736     
   13.004999709315598        1.0361098408410365     
   13.014999709092081        1.0342457599093262     
   13.024999708868563        1.0369091855756551     
   13.034999708645046        1.0300711389356179     
   13.044999708421528        1.0313121904277782     
   13.054999708198011        1.0275494366733215     
   13.064999707974494        1.0249309103215203     
   13.074999707750976        1.0208246089631299     
   13.084999707527459        1.0227863504716592     
   13.094999707303941        1.0172931789504041     
   13.104999707080424        1.0151282273548652     
   13.114999706856906        1.0126085061895351     
   13.124999706633389        1.0151725321894778     
   13.134999706409872        1.0094403195160038     
   13.144999706186354        1.0089970882786907     
   13.154999705962837        1.0062001287096130     
   13.164999705739319        1.0072957938680249     
   13.174999705515802        1.0029959403741646     
   13.184999705292284        1.0001520928125855     
   13.194999705068767       0.99744827598942898     
   13.204999704845250       0.99601708930288246     
   13.214999704621732       0.99187160879575664     
   13.224999704398215       0.99039996308590050     
   13.234999704174697       0.98860799739668070     
   13.244999703951180       0.98377351624514731     
   13.254999703727663       0.98375548279201008     
   13.264999703504145       0.98453951265151007     
   13.274999703280628       0.98188721379174448     
   13.284999703057110       0.97907429816847724     
   13.294999702833593       0.97781963703969299     
   13.304999702610075       0.97342474184818217     
   13.314999702386558       0.97211388565452417     
   13.324999702163041       0.97039992925087193     
   13.334999701939523       0.96830290712402500     
   13.344999701716006       0.96831426574183999     
   13.354999701492488       0.96582035011827760     
   13.364999701268971       0.96460908530744893     
   13.374999701045454       0.96170497964085999     
   13.384999700821936       0.95886949655620701     
   13.394999700598419       0.95827786800404757     
   13.404999700374901       0.95426175750632014     
   13.414999700151384       0.95104406979275635     
   13.424999699927866       0.95213284091184969     
   13.434999699704349       0.94822809593646917     
   13.444999699480832       0.94798290164584398     
   13.454999699257314       0.94411394916702551     
   13.464999699033797       0.94166916321938632     
   13.474999698810279       0.94110160917139019     
   13.484999698586762       0.93774013096841269     
   13.494999698363245       0.93669552152023194     
   13.504999698139727       0.93618359476459390     
   13.514999697916210       0.93214067446488624     
   13.524999697692692       0.92917563748679632     
   13.534999697469175       0.92919786527301707     
   13.544999697245657       0.92762992686549239     
   13.554999697022140       0.92132740866866347     
   13.564999696798623       0.92264980591821444     
   13.574999696575105       0.92018571696063445     
   13.584999696351588       0.91950289818191522     
   13.594999696128070       0.91837415617124452     
   13.604999695904553       0.91609266293903957     
   13.614999695681036       0.91444817946839141     
   13.624999695457518       0.91500402814130966     
   13.634999695234001       0.91353605472834398     
   13.644999695010483       0.90963993472045168     
   13.654999694786966       0.91061439793157040     
   13.664999694563448       0.90975918083812257     
   13.674999694339931       0.90293791497134324     
   13.684999694116414       0.90458092636914389     
   13.694999693892896       0.90372239295890078     
   13.704999693669379       0.90213026181396838     
   13.714999693445861       0.89937935825607862     
   13.724999693222344       0.89811655496182385     
   13.734999692998827       0.89823233394758184     
   13.744999692775309       0.89604277293223122     
   13.754999692551792       0.89218927974900419     
   13.764999692328274       0.89185298427481075     
   13.774999692104757       0.89109846469644083     
   13.784999691881239       0.88978264163736254     
   13.794999691657722       0.88610784258066433     
   13.804999691434205       0.89065265002211913     
   13.814999691210687       0.88310275901689395     
   13.824999690987170       0.88250997499095518     
   13.834999690763652       0.88509970829522000     
   13.844999690540135       0.88153379745965699     
   13.854999690316617       0.88216020916659088     
   13.864999690093100       0.88147795091503511     
   13.874999689869583       0.87639026621183747     
   13.884999689646065       0.87647885917068025     
   13.894999689422548       0.87651805191865606     
   13.904999689199030       0.87357399362315813     
   13.914999688975513       0.87567114030384141     
   13.924999688751996       0.87508004801437766     
   13.934999688528478       0.87270268531121187     
   13.944999688304961       0.87371075819773369     
   13.954999688081443       0.87094946400749818     
   13.964999687857926       0.87092344713074021     
   13.974999687634408       0.86977079118561484     
   13.984999687410891       0.86745285033810471     
   13.994999687187374       0.87114234856034245     
   14.004999686963856       0.86816253440077740     
   14.014999686740339       0.86768683339241726     
   14.024999686516821       0.86737835083732950     
   14.034999686293304       0.86806068803910741     
   14.044999686069787       0.86585818314871510     
   14.054999685846269       0.86480075472236373     
   14.064999685622752       0.86620172173727317     
   14.074999685399234       0.86060333719122217     
   14.084999685175717       0.86311488939940062     
   14.094999684952199       0.86161138206533272     
   14.104999684728682       0.86123271642947896     
   14.114999684505165       0.86148430609910476     
   14.124999684281647       0.86154557350934702     
   14.134999684058130       0.86120452577424433     
   14.144999683834612       0.85731586046233388     
   14.154999683611095       0.85975074011532160     
   14.164999683387578       0.85955639482179924     
   14.174999683164060       0.86024844854647264     
   14.184999682940543       0.85821692982026199     
   14.194999682717025       0.85806922539560859     
   14.204999682493508       0.86021278212428931     
   14.214999682269990       0.85626356499718248     
   14.224999682046473       0.85588055377579353     
   14.234999681822956       0.85545381092806949     
   14.244999681599438       0.85448664594648693     
   14.254999681375921       0.85756650517132982     
   14.264999681152403       0.85667501353772735     
   14.274999680928886       0.85783189711657482     
   14.284999680705369       0.85790522974776540     
   14.294999680481851       0.85960238877169248     
   14.304999680258334       0.85654291296210106     
   14.314999680034816       0.85759533152204614     
   14.324999679811299       0.86034492697256859     
   14.334999679587781       0.85762574306122508     
   14.344999679364264       0.86234159911766239     
   14.354999679140747       0.86053927030538035     
   14.364999678917229       0.86548353446304804     
   14.374999678693712       0.86242410282626181     
   14.384999678470194       0.86393958603297993     
   14.394999678246677       0.86596982167427683     
   14.404999678023160       0.86593681075498163     
   14.414999677799642       0.86667474151704049     
   14.424999677576125       0.86692913363879098     
   14.434999677352607       0.86801760812285067     
   14.444999677129090       0.86910611979255759     
   14.454999676905572       0.87258606605723399     
   14.464999676682055       0.87302883479755289     
   14.474999676458538       0.87272743890839666     
   14.484999676235020       0.87553126321904029     
   14.494999676011503       0.87529689284176360     
   14.504999675787985       0.87831296648359747     
   14.514999675564468       0.87622484367893838     
   14.524999675340950       0.87832377442243348     
   14.534999675117433       0.87913386112671954     
   14.544999674893916       0.88290187570442302     
   14.554999674670398       0.88444532077466931     
   14.564999674446881       0.88638644550336687     
   14.574999674223363       0.88622846333724892     
   14.584999673999846       0.88929466660679757     
   14.594999673776329       0.89236684464319449     
   14.604999673552811       0.89302649994480754     
   14.614999673329294       0.89516597322357350     
   14.624999673105776       0.89553814617457683     
   14.634999672882259       0.89818090622366753     
   14.644999672658741       0.90077596812474015     
   14.654999672435224       0.90047469189291884     
   14.664999672211707       0.90228404283242336     
   14.674999671988189       0.90330168006002887     
   14.684999671764672       0.90811804566701015     
   14.694999671541154       0.90717690842329657     
   14.704999671317637       0.90922427577907183     
   14.714999671094120       0.91136435428548401     
   14.724999670870602       0.91477702652037107     
   14.734999670647085       0.91624002387779535     
   14.744999670423567       0.91836310571818702     
   14.754999670200050       0.92151370940861810     
   14.764999669976532       0.92230346411778430     
   14.774999669753015       0.92690203829846718     
   14.784999669529498       0.92966829180729127     
   14.794999669305980       0.93232077892036969     
   14.804999669082463       0.93460316695867374     
   14.814999668858945       0.93816258739209246     
   14.824999668635428       0.93895901080149757     
   14.834999668411911       0.94167882826177540     
   14.844999668188393       0.94612501007812477     
   14.854999667964876       0.94985007328329929     
   14.864999667741358       0.95391060195976707     
   14.874999667517841       0.95649349851162269     
   14.884999667294323       0.95877435547264511     
   14.894999667070806       0.96278757022408457     
   14.904999666847289       0.96685112630630055     
   14.914999666623771       0.96799237075241196     
   14.924999666400254       0.97266711696488184     
   14.934999666176736       0.97380486406087852     
   14.944999665953219       0.98072557539330329     
   14.954999665729702       0.98270051792176760     
   14.964999665506184       0.98870134728824499     
   14.974999665282667       0.98758716599798835     
   14.984999665059149       0.99343929204482673     
   14.994999664835632       0.99726157022461570     
   15.004999664612114       0.99841824935193346     
   15.014999664388597        1.0063151977606837     
   15.024999664165080        1.0113042176352067     
   15.034999663941562        1.0108962443969887     
   15.044999663718045        1.0156834626193354     
   15.054999663494527        1.0199604166543783     
   15.064999663271010        1.0234293856353425     
   15.074999663047493        1.0276811560879742     
   15.084999662823975        1.0289971406975420     
   15.094999662600458        1.0352561298790859     
   15.104999662376940        1.0400689914943586     
   15.114999662153423        1.0446076743912538     
   15.124999661929905        1.0495777284061127     
   15.134999661706388        1.0524655305876522     
   15.144999661482871        1.0554877877004061     
   15.154999661259353        1.0597493844486530     
   15.164999661035836        1.0658105999956140     
   15.174999660812318        1.0684295736980989     
   15.184999660588801        1.0735080159143671     
   15.194999660365283        1.0774637873635173     
   15.204999660141766        1.0837867114487796     
   15.214999659918249        1.0881837539907826     
   15.224999659694731        1.0926119846288138     
   15.234999659471214        1.0951609647636766     
   15.244999659247696        1.1050146776536911     
   15.254999659024179        1.1089117044101919     
   15.264999658800662        1.1120868469920344     
   15.274999658577144        1.1183036401117084     
   15.284999658353627        1.1225239313238284     
   15.294999658130109        1.1269035930882718     
   15.304999657906592        1.1337186202144363     
   15.314999657683074        1.1382429609284517     
   15.324999657459557        1.1449579813533428     
   15.334999657236040        1.1464647424230157     
   15.344999657012522        1.1532854763408340     
   15.354999656789005        1.1606473507748247     
   15.364999656565487        1.1650081162248003     
   15.374999656341970        1.1723062476765309     
   15.384999656118453        1.1795810048098232     
   15.394999655894935        1.1811004557204985     
   15.404999655671418        1.1890698209245714     
   15.414999655447900        1.1965114117272162     
   15.424999655224383        1.2019313280849095     
   15.434999655000865        1.2069180842530376     
   15.444999654777348        1.2112883264825258     
   15.454999654553831        1.2206252186501343     
   15.464999654330313        1.2239096458947289     
   15.474999654106796        1.2309991858063594     
   15.484999653883278        1.2359382656321356     
   15.494999653659761        1.2459787741957280     
   15.504999653436244        1.2473769595582216     
   15.514999653212726        1.2490732966792999     
