   4.9999998882412910E-003   0.0000000000000000     
   1.4999999664723873E-002   0.0000000000000000     
   2.4999999441206455E-002   0.0000000000000000     
   3.4999999217689037E-002   0.0000000000000000     
   4.4999998994171619E-002   0.0000000000000000     
   5.4999998770654202E-002   0.0000000000000000     
   6.4999998547136784E-002   0.0000000000000000     
   7.4999998323619366E-002   0.0000000000000000     
   8.4999998100101948E-002   0.0000000000000000     
   9.4999997876584530E-002   0.0000000000000000     
  0.10499999765306711        0.0000000000000000     
  0.11499999742954969        0.0000000000000000     
  0.12499999720603228        0.0000000000000000     
  0.13499999698251486        0.0000000000000000     
  0.14499999675899744        0.0000000000000000     
  0.15499999653548002        0.0000000000000000     
  0.16499999631196260        0.0000000000000000     
  0.17499999608844519        0.0000000000000000     
  0.18499999586492777        0.0000000000000000     
  0.19499999564141035        0.0000000000000000     
  0.20499999541789293        0.0000000000000000     
  0.21499999519437551        0.0000000000000000     
  0.22499999497085810        0.0000000000000000     
  0.23499999474734068        0.0000000000000000     
  0.24499999452382326        0.0000000000000000     
  0.25499999430030584        0.0000000000000000     
  0.26499999407678843        0.0000000000000000     
  0.27499999385327101        0.0000000000000000     
  0.28499999362975359        0.0000000000000000     
  0.29499999340623617        0.0000000000000000     
  0.30499999318271875        0.0000000000000000     
  0.31499999295920134        0.0000000000000000     
  0.32499999273568392        0.0000000000000000     
  0.33499999251216650        0.0000000000000000     
  0.34499999228864908        0.0000000000000000     
  0.35499999206513166        0.0000000000000000     
  0.36499999184161425        0.0000000000000000     
  0.37499999161809683        0.0000000000000000     
  0.38499999139457941        0.0000000000000000     
  0.39499999117106199        0.0000000000000000     
  0.40499999094754457        0.0000000000000000     
  0.41499999072402716        0.0000000000000000     
  0.42499999050050974        0.0000000000000000     
  0.43499999027699232        0.0000000000000000     
  0.44499999005347490        0.0000000000000000     
  0.45499998982995749        0.0000000000000000     
  0.46499998960644007        0.0000000000000000     
  0.47499998938292265        0.0000000000000000     
  0.48499998915940523        0.0000000000000000     
  0.49499998893588781        0.0000000000000000     
  0.50499998871237040        0.0000000000000000     
  0.51499998848885298        0.0000000000000000     
  0.52499998826533556        0.0000000000000000     
  0.53499998804181814        0.0000000000000000     
  0.54499998781830072        0.0000000000000000     
  0.55499998759478331        0.0000000000000000     
  0.56499998737126589        0.0000000000000000     
  0.57499998714774847        0.0000000000000000     
  0.58499998692423105        0.0000000000000000     
  0.59499998670071363        0.0000000000000000     
  0.60499998647719622        0.0000000000000000     
  0.61499998625367880        0.0000000000000000     
  0.62499998603016138        0.0000000000000000     
  0.63499998580664396        0.0000000000000000     
  0.64499998558312654        0.0000000000000000     
  0.65499998535960913        0.0000000000000000     
  0.66499998513609171        0.0000000000000000     
  0.67499998491257429        0.0000000000000000     
  0.68499998468905687        0.0000000000000000     
  0.69499998446553946        0.0000000000000000     
  0.70499998424202204        0.0000000000000000     
  0.71499998401850462        0.0000000000000000     
  0.72499998379498720        0.0000000000000000     
  0.73499998357146978        0.0000000000000000     
  0.74499998334795237        0.0000000000000000     
  0.75499998312443495        0.0000000000000000     
  0.76499998290091753        0.0000000000000000     
  0.77499998267740011        0.0000000000000000     
  0.78499998245388269        0.0000000000000000     
  0.79499998223036528        0.0000000000000000     
  0.80499998200684786        0.0000000000000000     
  0.81499998178333044        0.0000000000000000     
  0.82499998155981302        0.0000000000000000     
  0.83499998133629560        0.0000000000000000     
  0.84499998111277819        0.0000000000000000     
  0.85499998088926077        0.0000000000000000     
  0.86499998066574335        0.0000000000000000     
  0.87499998044222593        0.0000000000000000     
  0.88499998021870852        0.0000000000000000     
  0.89499997999519110        0.0000000000000000     
  0.90499997977167368        0.0000000000000000     
  0.91499997954815626        0.0000000000000000     
  0.92499997932463884        0.0000000000000000     
  0.93499997910112143        0.0000000000000000     
  0.94499997887760401        0.0000000000000000     
  0.95499997865408659        0.0000000000000000     
  0.96499997843056917        0.0000000000000000     
  0.97499997820705175        0.0000000000000000     
  0.98499997798353434        0.0000000000000000     
  0.99499997776001692        0.0000000000000000     
   1.0049999775364995        0.0000000000000000     
   1.0149999773129821        0.0000000000000000     
   1.0249999770894647        0.0000000000000000     
   1.0349999768659472        0.0000000000000000     
   1.0449999766424298        0.0000000000000000     
   1.0549999764189124        0.0000000000000000     
   1.0649999761953950        0.0000000000000000     
   1.0749999759718776        0.0000000000000000     
   1.0849999757483602        0.0000000000000000     
   1.0949999755248427        0.0000000000000000     
   1.1049999753013253        0.0000000000000000     
   1.1149999750778079        0.0000000000000000     
   1.1249999748542905        0.0000000000000000     
   1.1349999746307731        0.0000000000000000     
   1.1449999744072556        0.0000000000000000     
   1.1549999741837382        0.0000000000000000     
   1.1649999739602208        0.0000000000000000     
   1.1749999737367034        0.0000000000000000     
   1.1849999735131860        0.0000000000000000     
   1.1949999732896686        0.0000000000000000     
   1.2049999730661511        0.0000000000000000     
   1.2149999728426337        0.0000000000000000     
   1.2249999726191163        0.0000000000000000     
   1.2349999723955989        0.0000000000000000     
   1.2449999721720815        0.0000000000000000     
   1.2549999719485641        0.0000000000000000     
   1.2649999717250466        0.0000000000000000     
   1.2749999715015292        0.0000000000000000     
   1.2849999712780118        0.0000000000000000     
   1.2949999710544944        0.0000000000000000     
   1.3049999708309770        0.0000000000000000     
   1.3149999706074595        0.0000000000000000     
   1.3249999703839421        0.0000000000000000     
   1.3349999701604247        0.0000000000000000     
   1.3449999699369073        0.0000000000000000     
   1.3549999697133899        0.0000000000000000     
   1.3649999694898725        0.0000000000000000     
   1.3749999692663550        0.0000000000000000     
   1.3849999690428376        0.0000000000000000     
   1.3949999688193202        0.0000000000000000     
   1.4049999685958028        0.0000000000000000     
   1.4149999683722854        0.0000000000000000     
   1.4249999681487679        0.0000000000000000     
   1.4349999679252505        0.0000000000000000     
   1.4449999677017331        0.0000000000000000     
   1.4549999674782157        0.0000000000000000     
   1.4649999672546983        0.0000000000000000     
   1.4749999670311809        0.0000000000000000     
   1.4849999668076634        0.0000000000000000     
   1.4949999665841460        0.0000000000000000     
   1.5049999663606286        0.0000000000000000     
   1.5149999661371112        0.0000000000000000     
   1.5249999659135938        0.0000000000000000     
   1.5349999656900764        0.0000000000000000     
   1.5449999654665589        0.0000000000000000     
   1.5549999652430415        0.0000000000000000     
   1.5649999650195241        0.0000000000000000     
   1.5749999647960067        0.0000000000000000     
   1.5849999645724893        0.0000000000000000     
   1.5949999643489718        0.0000000000000000     
   1.6049999641254544        0.0000000000000000     
   1.6149999639019370        0.0000000000000000     
   1.6249999636784196        0.0000000000000000     
   1.6349999634549022        0.0000000000000000     
   1.6449999632313848        0.0000000000000000     
   1.6549999630078673        0.0000000000000000     
   1.6649999627843499        0.0000000000000000     
   1.6749999625608325        0.0000000000000000     
   1.6849999623373151        0.0000000000000000     
   1.6949999621137977        0.0000000000000000     
   1.7049999618902802        0.0000000000000000     
   1.7149999616667628        0.0000000000000000     
   1.7249999614432454        0.0000000000000000     
   1.7349999612197280        0.0000000000000000     
   1.7449999609962106        0.0000000000000000     
   1.7549999607726932        0.0000000000000000     
   1.7649999605491757        0.0000000000000000     
   1.7749999603256583        0.0000000000000000     
   1.7849999601021409        0.0000000000000000     
   1.7949999598786235        0.0000000000000000     
   1.8049999596551061        0.0000000000000000     
   1.8149999594315886        0.0000000000000000     
   1.8249999592080712        0.0000000000000000     
   1.8349999589845538        0.0000000000000000     
   1.8449999587610364        0.0000000000000000     
   1.8549999585375190        0.0000000000000000     
   1.8649999583140016        0.0000000000000000     
   1.8749999580904841        0.0000000000000000     
   1.8849999578669667        0.0000000000000000     
   1.8949999576434493        0.0000000000000000     
   1.9049999574199319        0.0000000000000000     
   1.9149999571964145        0.0000000000000000     
   1.9249999569728971        0.0000000000000000     
   1.9349999567493796        0.0000000000000000     
   1.9449999565258622        0.0000000000000000     
   1.9549999563023448        0.0000000000000000     
   1.9649999560788274        0.0000000000000000     
   1.9749999558553100        0.0000000000000000     
   1.9849999556317925        0.0000000000000000     
   1.9949999554082751        0.0000000000000000     
   2.0049999551847577        0.0000000000000000     
   2.0149999549612403        0.0000000000000000     
   2.0249999547377229        0.0000000000000000     
   2.0349999545142055        0.0000000000000000     
   2.0449999542906880        0.0000000000000000     
   2.0549999540671706        0.0000000000000000     
   2.0649999538436532        0.0000000000000000     
   2.0749999536201358        0.0000000000000000     
   2.0849999533966184        0.0000000000000000     
   2.0949999531731009        0.0000000000000000     
   2.1049999529495835        0.0000000000000000     
   2.1149999527260661        0.0000000000000000     
   2.1249999525025487        0.0000000000000000     
   2.1349999522790313        0.0000000000000000     
   2.1449999520555139        0.0000000000000000     
   2.1549999518319964        0.0000000000000000     
   2.1649999516084790        0.0000000000000000     
   2.1749999513849616        0.0000000000000000     
   2.1849999511614442        0.0000000000000000     
   2.1949999509379268        0.0000000000000000     
   2.2049999507144094        0.0000000000000000     
   2.2149999504908919        0.0000000000000000     
   2.2249999502673745        0.0000000000000000     
   2.2349999500438571        0.0000000000000000     
   2.2449999498203397        0.0000000000000000     
   2.2549999495968223        0.0000000000000000     
   2.2649999493733048        0.0000000000000000     
   2.2749999491497874        0.0000000000000000     
   2.2849999489262700        0.0000000000000000     
   2.2949999487027526        0.0000000000000000     
   2.3049999484792352        0.0000000000000000     
   2.3149999482557178        0.0000000000000000     
   2.3249999480322003        0.0000000000000000     
   2.3349999478086829        0.0000000000000000     
   2.3449999475851655        0.0000000000000000     
   2.3549999473616481        0.0000000000000000     
   2.3649999471381307        0.0000000000000000     
   2.3749999469146132        0.0000000000000000     
   2.3849999466910958        0.0000000000000000     
   2.3949999464675784        0.0000000000000000     
   2.4049999462440610        0.0000000000000000     
   2.4149999460205436        0.0000000000000000     
   2.4249999457970262        0.0000000000000000     
   2.4349999455735087        0.0000000000000000     
   2.4449999453499913        0.0000000000000000     
   2.4549999451264739        0.0000000000000000     
   2.4649999449029565        0.0000000000000000     
   2.4749999446794391        0.0000000000000000     
   2.4849999444559216        0.0000000000000000     
   2.4949999442324042        0.0000000000000000     
   2.5049999440088868        0.0000000000000000     
   2.5149999437853694        0.0000000000000000     
   2.5249999435618520        0.0000000000000000     
   2.5349999433383346        0.0000000000000000     
   2.5449999431148171        0.0000000000000000     
   2.5549999428912997        0.0000000000000000     
   2.5649999426677823        0.0000000000000000     
   2.5749999424442649        0.0000000000000000     
   2.5849999422207475        0.0000000000000000     
   2.5949999419972301        0.0000000000000000     
   2.6049999417737126        0.0000000000000000     
   2.6149999415501952        0.0000000000000000     
   2.6249999413266778        0.0000000000000000     
   2.6349999411031604        0.0000000000000000     
   2.6449999408796430        0.0000000000000000     
   2.6549999406561255        0.0000000000000000     
   2.6649999404326081        0.0000000000000000     
   2.6749999402090907        0.0000000000000000     
   2.6849999399855733        0.0000000000000000     
   2.6949999397620559        0.0000000000000000     
   2.7049999395385385        0.0000000000000000     
   2.7149999393150210        0.0000000000000000     
   2.7249999390915036        0.0000000000000000     
   2.7349999388679862        0.0000000000000000     
   2.7449999386444688        0.0000000000000000     
   2.7549999384209514        0.0000000000000000     
   2.7649999381974339        0.0000000000000000     
   2.7749999379739165        0.0000000000000000     
   2.7849999377503991        0.0000000000000000     
   2.7949999375268817        0.0000000000000000     
   2.8049999373033643        0.0000000000000000     
   2.8149999370798469        0.0000000000000000     
   2.8249999368563294        0.0000000000000000     
   2.8349999366328120        0.0000000000000000     
   2.8449999364092946        0.0000000000000000     
   2.8549999361857772        0.0000000000000000     
   2.8649999359622598        0.0000000000000000     
   2.8749999357387424        0.0000000000000000     
   2.8849999355152249        0.0000000000000000     
   2.8949999352917075        0.0000000000000000     
   2.9049999350681901        0.0000000000000000     
   2.9149999348446727        0.0000000000000000     
   2.9249999346211553        0.0000000000000000     
   2.9349999343976378        0.0000000000000000     
   2.9449999341741204        0.0000000000000000     
   2.9549999339506030        0.0000000000000000     
   2.9649999337270856        0.0000000000000000     
   2.9749999335035682        0.0000000000000000     
   2.9849999332800508        3.0296542132919966E-005
   2.9949999330565333        0.0000000000000000     
   3.0049999328330159        2.9894602780810616E-005
   3.0149999326094985        1.4848313002461343E-004
   3.0249999323859811        8.8501828156787164E-005
   3.0349999321624637        2.9306527131453251E-005
   3.0449999319389462        1.4557176936961651E-004
   3.0549999317154288        5.7848129317902387E-005
   3.0649999314919114        2.5862071445006800E-004
   3.0749999312683940        3.7113752734002273E-004
   3.0849999310448766        5.1055663999915882E-004
   3.0949999308213592        5.0726273765494740E-004
   3.1049999305978417        5.3200064298281806E-004
   3.1149999303743243        6.9551367653431656E-004
   3.1249999301508069        9.6749732079964943E-004
   3.1349999299272895        1.3458689137359175E-003
   3.1449999297037721        1.3919083856561881E-003
   3.1549999294802547        1.8712514102048464E-003
   3.1649999292567372        2.3445181721813381E-003
   3.1749999290332198        3.0795847668675142E-003
   3.1849999288097024        3.2199437195479037E-003
   3.1949999285861850        4.3105001597815518E-003
   3.2049999283626676        5.3348444188221211E-003
   3.2149999281391501        6.3724973322118262E-003
   3.2249999279156327        7.3712424300139343E-003
   3.2349999276921153        8.5123047742685348E-003
   3.2449999274685979        1.0562083844700939E-002
   3.2549999272450805        1.3198044033666301E-002
   3.2649999270215631        1.4358150089751507E-002
   3.2749999267980456        1.6611281198717267E-002
   3.2849999265745282        2.0137564193401188E-002
   3.2949999263510108        2.2104094591416060E-002
   3.3049999261274934        2.6196589028077928E-002
   3.3149999259039760        3.0288503937219807E-002
   3.3249999256804585        3.4184288863578410E-002
   3.3349999254569411        3.9052260969080640E-002
   3.3449999252334237        4.3668487287085098E-002
   3.3549999250099063        4.9955814014547593E-002
   3.3649999247863889        5.7478959033154753E-002
   3.3749999245628715        6.3300648110131544E-002
   3.3849999243393540        7.6733010485240324E-002
   3.3949999241158366        8.4268143943571322E-002
   3.4049999238923192        9.5951155807258312E-002
   3.4149999236688018       0.10788958366898233     
   3.4249999234452844       0.12162018847854240     
   3.4349999232217669       0.13397674404293189     
   3.4449999229982495       0.15540008102184591     
   3.4549999227747321       0.16773126140508229     
   3.4649999225512147       0.18762975104661958     
   3.4749999223276973       0.20854861797047666     
   3.4849999221041799       0.22555722160369396     
   3.4949999218806624       0.24696477640954795     
   3.5049999216571450       0.27368407859047578     
   3.5149999214336276       0.29694950214262694     
   3.5249999212101102       0.32726827981214601     
   3.5349999209865928       0.34808028178311046     
   3.5449999207630754       0.38476313459634365     
   3.5549999205395579       0.41126676178175670     
   3.5649999203160405       0.45067890720967030     
   3.5749999200925231       0.48402587505594913     
   3.5849999198690057       0.51871661073322983     
   3.5949999196454883       0.56310301140421892     
   3.6049999194219708       0.60401926637885639     
   3.6149999191984534       0.63953779091317964     
   3.6249999189749360       0.68687887523696123     
   3.6349999187514186       0.73066637640378396     
   3.6449999185279012       0.77837274124355560     
   3.6549999183043838       0.82605196856199914     
   3.6649999180808663       0.87727965912462835     
   3.6749999178573489       0.93473418191492064     
   3.6849999176338315       0.98218969668877154     
   3.6949999174103141        1.0430578240834436     
   3.7049999171867967        1.0971984022322450     
   3.7149999169632792        1.1472013871696400     
   3.7249999167397618        1.2009324147865623     
   3.7349999165162444        1.2749325795205324     
   3.7449999162927270        1.3259144704985832     
   3.7549999160692096        1.3743639530023368     
   3.7649999158456922        1.4382393187588154     
   3.7749999156221747        1.5073865020597643     
   3.7849999153986573        1.5595034683738349     
   3.7949999151751399        1.6056901680608653     
   3.8049999149516225        1.6730923603022283     
   3.8149999147281051        1.7341838141373762     
   3.8249999145045877        1.7885070990703975     
   3.8349999142810702        1.8540064024741971     
   3.8449999140575528        1.9146378309220851     
   3.8549999138340354        1.9607561820154482     
   3.8649999136105180        2.0120465280037405     
   3.8749999133870006        2.0786205051126747     
   3.8849999131634831        2.1165104141361430     
   3.8949999129399657        2.1782193663116169     
   3.9049999127164483        2.2192652013516998     
   3.9149999124929309        2.2717873695596174     
   3.9249999122694135        2.3102886691857116     
   3.9349999120458961        2.3615322806185004     
   3.9449999118223786        2.4103713080045446     
   3.9549999115988612        2.4430166094791477     
   3.9649999113753438        2.4907047126747863     
   3.9749999111518264        2.5114867374102290     
   3.9849999109283090        2.5636983274973568     
   3.9949999107047915        2.6010131918509551     
   4.0049999104812741        2.6233156762245238     
   4.0149999102577567        2.6479428580185256     
   4.0249999100342393        2.6916721495002092     
   4.0349999098107219        2.7140943960811725     
   4.0449999095872045        2.7368067383974060     
   4.0549999093636870        2.7331753044131131     
   4.0649999091401696        2.7681824184085659     
   4.0749999089166522        2.7754699965922200     
   4.0849999086931348        2.7905151441903895     
   4.0949999084696174        2.7917292350022822     
   4.1049999082460999        2.8081011282102559     
   4.1149999080225825        2.8210448760873370     
   4.1249999077990651        2.8191870640371066     
   4.1349999075755477        2.8260608319391087     
   4.1449999073520303        2.8240367811950735     
   4.1549999071285129        2.8285511515632500     
   4.1649999069049954        2.8024424026727024     
   4.1749999066814780        2.8133482967702119     
   4.1849999064579606        2.7981469415411961     
   4.1949999062344432        2.7852059510397251     
   4.2049999060109258        2.7780966076503555     
   4.2149999057874084        2.7560870912766378     
   4.2249999055638909        2.7425871681617817     
   4.2349999053403735        2.7285667639415472     
   4.2449999051168561        2.7126554693009566     
   4.2549999048933387        2.6764364915899361     
   4.2649999046698213        2.6593593680134084     
   4.2749999044463038        2.6432692713778967     
   4.2849999042227864        2.6295055512354248     
   4.2949999039992690        2.5880663515202156     
   4.3049999037757516        2.5737845129259935     
   4.3149999035522342        2.5601290561403167     
   4.3249999033287168        2.5228613687705130     
   4.3349999031051993        2.4935376969862495     
   4.3449999028816819        2.4617115538169276     
   4.3549999026581645        2.4409399404199790     
   4.3649999024346471        2.4176548332679020     
   4.3749999022111297        2.3694527014261970     
   4.3849999019876122        2.3479460276434510     
   4.3949999017640948        2.3210621020776663     
   4.4049999015405774        2.2796510816219655     
   4.4149999013170600        2.2595446451130186     
   4.4249999010935426        2.2143670962989455     
   4.4349999008700252        2.1922463551341838     
   4.4449999006465077        2.1615988590384663     
   4.4549999004229903        2.1251378711825466     
   4.4649999001994729        2.0830777535985616     
   4.4749998999759555        2.0535445558223491     
   4.4849998997524381        2.0173557958796535     
   4.4949998995289207        1.9869061079354260     
   4.5049998993054032        1.9549508383499286     
   4.5149998990818858        1.9173792424767582     
   4.5249998988583684        1.8940952715467090     
   4.5349998986348510        1.8584888660412946     
   4.5449998984113336        1.8200799927562430     
   4.5549998981878161        1.7905252324615393     
   4.5649998979642987        1.7616780291766370     
   4.5749998977407813        1.7369090609702094     
   4.5849998975172639        1.7050325801140747     
   4.5949998972937465        1.6643904108515655     
   4.6049998970702291        1.6337340172442107     
   4.6149998968467116        1.6071044853448970     
   4.6249998966231942        1.5700889595431153     
   4.6349998963996768        1.5462195925809963     
   4.6449998961761594        1.5069266056179187     
   4.6549998959526420        1.4937817194070411     
   4.6649998957291245        1.4674751814183231     
   4.6749998955056071        1.4273485427103039     
   4.6849998952820897        1.4123082504335334     
   4.6949998950585723        1.3912965162545983     
   4.7049998948350549        1.3636093713269064     
   4.7149998946115375        1.3358407764561799     
   4.7249998943880200        1.3190924592180970     
   4.7349998941645026        1.2873146594872158     
   4.7449998939409852        1.2618115908910599     
   4.7549998937174678        1.2466240817432928     
   4.7649998934939504        1.2175353352460276     
   4.7749998932704329        1.2029812513945193     
   4.7849998930469155        1.1759815952273778     
   4.7949998928233981        1.1592937239157797     
   4.8049998925998807        1.1398347832591391     
   4.8149998923763633        1.1223670244453554     
   4.8249998921528459        1.1008597743013255     
   4.8349998919293284        1.0742318996648408     
   4.8449998917058110        1.0581411754268830     
   4.8549998914822936        1.0510037130288674     
   4.8649998912587762        1.0304117597771123     
   4.8749998910352588        1.0133192375274789     
   4.8849998908117414       0.98871074629783173     
   4.8949998905882239       0.97407372462226260     
   4.9049998903647065       0.96096148244635249     
   4.9149998901411891       0.94431600951620742     
   4.9249998899176717       0.92727458821838615     
   4.9349998896941543       0.91383278026632619     
   4.9449998894706368       0.90434479418228142     
   4.9549998892471194       0.88514034253655671     
   4.9649998890236020       0.87068242757303771     
   4.9749998888000846       0.86109974267919986     
   4.9849998885765672       0.84714387901589061     
   4.9949998883530498       0.82901901943530554     
   5.0049998881295323       0.81745484181763861     
   5.0149998879060149       0.80698516250652852     
   5.0249998876824975       0.78657499448402091     
   5.0349998874589801       0.78424164847055566     
   5.0449998872354627       0.76676434914852598     
   5.0549998870119452       0.76247651530405569     
   5.0649998867884278       0.74621024513258882     
   5.0749998865649104       0.73631291417084788     
   5.0849998863413930       0.72660242986033685     
   5.0949998861178756       0.72108045663290554     
   5.1049998858943582       0.70464735790615862     
   5.1149998856708407       0.69639539941951534     
   5.1249998854473233       0.68779131164512108     
   5.1349998852238059       0.67458052227226306     
   5.1449998850002885       0.67555046029340249     
   5.1549998847767711       0.66584149826371553     
   5.1649998845532537       0.66011867609366659     
   5.1749998843297362       0.65468707342981791     
   5.1849998841062188       0.64606920516068511     
   5.1949998838827014       0.64106368307444950     
   5.2049998836591840       0.63401927706376815     
   5.2149998834356666       0.62629954023616163     
   5.2249998832121491       0.62174892746919397     
   5.2349998829886317       0.61761264247930314     
   5.2449998827651143       0.61281645888428626     
   5.2549998825415969       0.61081872624747580     
   5.2649998823180795       0.60179091010846797     
   5.2749998820945621       0.60084050179093829     
   5.2849998818710446       0.59173589547121264     
   5.2949998816475272       0.58839567678682936     
   5.3049998814240098       0.58568071346593786     
   5.3149998812004924       0.57841423664036984     
   5.3249998809769750       0.56745675113002580     
   5.3349998807534575       0.56376650952902096     
   5.3449998805299401       0.56075186807671584     
   5.3549998803064227       0.56119181389491413     
   5.3649998800829053       0.55755423124146375     
   5.3749998798593879       0.55065077954673347     
   5.3849998796358705       0.54853307750432745     
   5.3949998794123530       0.54422917827760342     
   5.4049998791888356       0.54058169253035826     
   5.4149998789653182       0.54116469224122843     
   5.4249998787418008       0.54465654385843687     
   5.4349998785182834       0.53585496302965729     
   5.4449998782947659       0.53503577165209970     
   5.4549998780712485       0.53389239605530381     
   5.4649998778477311       0.53166916533530717     
   5.4749998776242137       0.53118768004115791     
   5.4849998774006963       0.52446108855637752     
   5.4949998771771789       0.52901771499379835     
   5.5049998769536614       0.52751617124205563     
   5.5149998767301440       0.52351914919906140     
   5.5249998765066266       0.52552569591807019     
   5.5349998762831092       0.52762007455564763     
   5.5449998760595918       0.52118842568503487     
   5.5549998758360744       0.51777398304047861     
   5.5649998756125569       0.52430028992845734     
   5.5749998753890395       0.52272507015455805     
   5.5849998751655221       0.51744503379580298     
   5.5949998749420047       0.51821855137680384     
   5.6049998747184873       0.51643122092864358     
   5.6149998744949698       0.51715347026594238     
   5.6249998742714524       0.51895085320489120     
   5.6349998740479350       0.51994159443255683     
   5.6449998738244176       0.51683885960208809     
   5.6549998736009002       0.51594113476219960     
   5.6649998733773828       0.51787284305688641     
   5.6749998731538653       0.51288931580841823     
   5.6849998729303479       0.51987346646857924     
   5.6949998727068305       0.51863198060759097     
   5.7049998724833131       0.51758676200661191     
   5.7149998722597957       0.52138904154020504     
   5.7249998720362782       0.51912442728804098     
   5.7349998718127608       0.51925262236209924     
   5.7449998715892434       0.51757739263773339     
   5.7549998713657260       0.52696292014870461     
   5.7649998711422086       0.52161936934448305     
   5.7749998709186912       0.52590135603325017     
   5.7849998706951737       0.52792433992081489     
   5.7949998704716563       0.52382097825356067     
   5.8049998702481389       0.53103800574070292     
   5.8149998700246215       0.52768832385575248     
   5.8249998698011041       0.53233032175450135     
   5.8349998695775867       0.53326645146911200     
   5.8449998693540692       0.53392441084301279     
   5.8549998691305518       0.53722063186326996     
   5.8649998689070344       0.53461331090334907     
   5.8749998686835170       0.53717470045748883     
   5.8849998684599996       0.54174218182931233     
   5.8949998682364821       0.54187886504309424     
   5.9049998680129647       0.54469018042274808     
   5.9149998677894473       0.54766457847449190     
   5.9249998675659299       0.54981608869457566     
   5.9349998673424125       0.55411117488272743     
   5.9449998671188951       0.55491427188222653     
   5.9549998668953776       0.55577736499068398     
   5.9649998666718602       0.56399838142814795     
   5.9749998664483428       0.56342023524683349     
   5.9849998662248254       0.56576685520645853     
   5.9949998660013080       0.57104655883507316     
   6.0049998657777905       0.57297912592976830     
   6.0149998655542731       0.57374666503718763     
   6.0249998653307557       0.57585196032917718     
   6.0349998651072383       0.58084561369080423     
   6.0449998648837209       0.58230887683968269     
   6.0549998646602035       0.58890603744713033     
   6.0649998644366860       0.59453921789943687     
   6.0749998642131686       0.59455112095430640     
   6.0849998639896512       0.59942253786659416     
   6.0949998637661338       0.60316154508181308     
   6.1049998635426164       0.60779270233224747     
   6.1149998633190989       0.61341549107364046     
   6.1249998630955815       0.61192502819969541     
   6.1349998628720641       0.61984378107171589     
   6.1449998626485467       0.62286084528803021     
   6.1549998624250293       0.62842028840191855     
   6.1649998622015119       0.63274717943411163     
   6.1749998619779944       0.63586755659973482     
   6.1849998617544770       0.63830113037695935     
   6.1949998615309596       0.64435927732826115     
   6.2049998613074422       0.64758458984076317     
   6.2149998610839248       0.65338564108057706     
   6.2249998608604074       0.66037914252075858     
   6.2349998606368899       0.66087348503146426     
   6.2449998604133725       0.66903059832394884     
   6.2549998601898551       0.67479322798173180     
   6.2649998599663377       0.67911264538999605     
   6.2749998597428203       0.68298977850632370     
   6.2849998595193028       0.68894367243911592     
   6.2949998592957854       0.69641632207265836     
   6.3049998590722680       0.69907109340558127     
   6.3149998588487506       0.70272094508670868     
   6.3249998586252332       0.71037941123419601     
   6.3349998584017158       0.71288737392286894     
   6.3449998581781983       0.71801790114723818     
   6.3549998579546809       0.72606705720500853     
   6.3649998577311635       0.72931123684006960     
   6.3749998575076461       0.73602537913560340     
   6.3849998572841287       0.73950894471837525     
   6.3949998570606112       0.74610915102984710     
   6.4049998568370938       0.75701412436788906     
   6.4149998566135764       0.76036282828851731     
   6.4249998563900590       0.76440636332601697     
   6.4349998561665416       0.76859712543683989     
   6.4449998559430242       0.77818475379724550     
   6.4549998557195067       0.78000612256783963     
   6.4649998554959893       0.78506123247151116     
   6.4749998552724719       0.79721556765339263     
   6.4849998550489545       0.79932909142252684     
   6.4949998548254371       0.80462541499776574     
   6.5049998546019197       0.81439573284108446     
   6.5149998543784022       0.81722086057512533     
   6.5249998541548848       0.82610536188261319     
   6.5349998539313674       0.83278253145379055     
   6.5449998537078500       0.84012716782825481     
   6.5549998534843326       0.84337089219889183     
   6.5649998532608151       0.85338053317971774     
   6.5749998530372977       0.85839859395428375     
   6.5849998528137803       0.86843732253941364     
   6.5949998525902629       0.87171436182737538     
   6.6049998523667455       0.87913197984948044     
   6.6149998521432281       0.88513125229448053     
   6.6249998519197106       0.89206210275901443     
   6.6349998516961932       0.89985471188496435     
   6.6449998514726758       0.90916758506643081     
   6.6549998512491584       0.91335537393582689     
   6.6649998510256410       0.92349362029320980     
   6.6749998508021235       0.92984701638632805     
   6.6849998505786061       0.93520991976758816     
   6.6949998503550887       0.94212661183749524     
   6.7049998501315713       0.94941222912831746     
   6.7149998499080539       0.95386048246791089     
   6.7249998496845365       0.96018219195669630     
   6.7349998494610190       0.96369485544544697     
   6.7449998492375016       0.97417819470508815     
   6.7549998490139842       0.97818820341599289     
   6.7649998487904668       0.98578608314120775     
   6.7749998485669494       0.99254679916155919     
   6.7849998483434319        1.0029458986789452     
   6.7949998481199145        1.0089062733628815     
   6.8049998478963971        1.0171532479273160     
   6.8149998476728797        1.0255916264861320     
   6.8249998474493623        1.0285865790200079     
   6.8349998472258449        1.0471843274941477     
   6.8449998470023274        1.0479985815451722     
   6.8549998467788100        1.0583455729279501     
   6.8649998465552926        1.0615996492567987     
   6.8749998463317752        1.0694622105435190     
   6.8849998461082578        1.0755320550838163     
   6.8949998458847404        1.0831634758963091     
   6.9049998456612229        1.0876378796396500     
   6.9149998454377055        1.1025654690304951     
   6.9249998452141881        1.1086771840952150     
   6.9349998449906707        1.1129417267248318     
   6.9449998447671533        1.1148152905573643     
   6.9549998445436358        1.1297713615655145     
   6.9649998443201184        1.1414707051915429     
   6.9749998440966010        1.1366408244243216     
   6.9849998438730836        1.1481724225355869     
   6.9949998436495662        1.1553577689748691     
   7.0049998434260488        1.1591086307816532     
   7.0149998432025313        1.1681874019764544     
   7.0249998429790139        1.1773848593001364     
   7.0349998427554965        1.1827290150527319     
   7.0449998425319791        1.1908718305355739     
   7.0549998423084617        1.1967455042887873     
   7.0649998420849442        1.2036628272900609     
   7.0749998418614268        1.2082658412191425     
   7.0849998416379094        1.2189095946042279     
   7.0949998414143920        1.2260136029832771     
   7.1049998411908746        1.2310514464378106     
   7.1149998409673572        1.2317634674398246     
   7.1249998407438397        1.2447555232631147     
   7.1349998405203223        1.2507234654279225     
   7.1449998402968049        1.2570444435382016     
   7.1549998400732875        1.2574773981095042     
   7.1649998398497701        1.2688719630345684     
   7.1749998396262527        1.2717610417788554     
   7.1849998394027352        1.2763338247684526     
   7.1949998391792178        1.2822998741935081     
   7.2049998389557004        1.2854250381734502     
   7.2149998387321830        1.2917119961900883     
   7.2249998385086656        1.2931964066021626     
   7.2349998382851481        1.3052242507781024     
   7.2449998380616307        1.3001579173504021     
   7.2549998378381133        1.3095928562379140     
   7.2649998376145959        1.3156311294983238     
   7.2749998373910785        1.3166888543102655     
   7.2849998371675611        1.3213879573332963     
   7.2949998369440436        1.3261375252503038     
   7.3049998367205262        1.3300619304576076     
   7.3149998364970088        1.3276235273712667     
   7.3249998362734914        1.3284838416202505     
   7.3349998360499740        1.3349741303177991     
   7.3449998358264565        1.3363453329640020     
   7.3549998356029391        1.3342858705541709     
   7.3649998353794217        1.3384236035352814     
   7.3749998351559043        1.3385734040964132     
   7.3849998349323869        1.3347626553132601     
   7.3949998347088695        1.3420052825070399     
   7.4049998344853520        1.3350305588847486     
   7.4149998342618346        1.3416394752536374     
   7.4249998340383172        1.3369655168410499     
   7.4349998338147998        1.3387774224796265     
   7.4449998335912824        1.3407501051941062     
   7.4549998333677649        1.3368010267985833     
   7.4649998331442475        1.3370875847624919     
   7.4749998329207301        1.3330438549671269     
   7.4849998326972127        1.3340376694736198     
   7.4949998324736953        1.3317921399646639     
   7.5049998322501779        1.3326163721223716     
   7.5149998320266604        1.3264336447606453     
   7.5249998318031430        1.3294321978356833     
   7.5349998315796256        1.3304179863439789     
   7.5449998313561082        1.3251676062462550     
   7.5549998311325908        1.3219692899062128     
   7.5649998309090734        1.3192549406173253     
   7.5749998306855559        1.3168937384772599     
   7.5849998304620385        1.3162764855242597     
   7.5949998302385211        1.3094852701490780     
   7.6049998300150037        1.3118548148643128     
   7.6149998297914863        1.3068567775235020     
   7.6249998295679688        1.3070063451579856     
   7.6349998293444514        1.3017232487672525     
   7.6449998291209340        1.2952162337797244     
   7.6549998288974166        1.2979706193187774     
   7.6649998286738992        1.2945906771726736     
   7.6749998284503818        1.2927270709730951     
   7.6849998282268643        1.2896803605938147     
   7.6949998280033469        1.2850403605050096     
   7.7049998277798295        1.2869724938903944     
   7.7149998275563121        1.2820782118410199     
   7.7249998273327947        1.2789510559721946     
   7.7349998271092772        1.2745092707431309     
   7.7449998268857598        1.2717152468468105     
   7.7549998266622424        1.2673154624852749     
   7.7649998264387250        1.2658531950298957     
   7.7749998262152076        1.2597321506211347     
   7.7849998259916902        1.2584132080534602     
   7.7949998257681727        1.2522232089153345     
   7.8049998255446553        1.2464152893779705     
   7.8149998253211379        1.2434220090565888     
   7.8249998250976205        1.2388792588423645     
   7.8349998248741031        1.2315104639186372     
   7.8449998246505857        1.2281096826408835     
   7.8549998244270682        1.2262841331485925     
   7.8649998242035508        1.2197376806886073     
   7.8749998239800334        1.2162501383919513     
   7.8849998237565160        1.2109049992019485     
   7.8949998235329986        1.2115813132170181     
   7.9049998233094811        1.2071139156279547     
   7.9149998230859637        1.2047550957399145     
   7.9249998228624463        1.1995976253832767     
   7.9349998226389289        1.1950411017327212     
   7.9449998224154115        1.1892463953490755     
   7.9549998221918941        1.1854734312382325     
   7.9649998219683766        1.1841410650214022     
   7.9749998217448592        1.1783380065952138     
   7.9849998215213418        1.1751048103619575     
   7.9949998212978244        1.1701314510683820     
   8.0049998210743070        1.1660976261270306     
   8.0149998208507895        1.1627106045673037     
   8.0249998206272721        1.1570397722800609     
   8.0349998204037547        1.1517280544146078     
   8.0449998201802373        1.1487998852959611     
   8.0549998199567199        1.1406528835014187     
   8.0649998197332025        1.1396728454406333     
   8.0749998195096850        1.1290397541773476     
   8.0849998192861676        1.1317204542124821     
   8.0949998190626502        1.1216633408897698     
   8.1049998188391328        1.1159261381576631     
   8.1149998186156154        1.1123208085049654     
   8.1249998183920979        1.1115104732050778     
   8.1349998181685805        1.1003846521895049     
   8.1449998179450631        1.1011634159950081     
   8.1549998177215457        1.0894897262823222     
   8.1649998174980283        1.0907220620123763     
   8.1749998172745109        1.0836645375420770     
   8.1849998170509934        1.0724596963434068     
   8.1949998168274760        1.0756080663820506     
   8.2049998166039586        1.0693228529800261     
   8.2149998163804412        1.0655090760746551     
   8.2249998161569238        1.0554498249998310     
   8.2349998159334064        1.0530353391897429     
   8.2449998157098889        1.0494262393567548     
   8.2549998154863715        1.0409629743999056     
   8.2649998152628541        1.0399235099328972     
   8.2749998150393367        1.0349122210638046     
   8.2849998148158193        1.0274365799434584     
   8.2949998145923018        1.0262123566764036     
   8.3049998143687844        1.0241730548528580     
   8.3149998141452670        1.0194074881985300     
   8.3249998139217496        1.0122586008925623     
   8.3349998136982322        1.0089140947923940     
   8.3449998134747148        1.0039158479580836     
   8.3549998132511973       0.99544273673929817     
   8.3649998130276799       0.98758207492232131     
   8.3749998128041625       0.98708399349229026     
   8.3849998125806451       0.98282659580386156     
   8.3949998123571277       0.97501676571770024     
   8.4049998121336102       0.97021806057410320     
   8.4149998119100928       0.96985009514376319     
   8.4249998116865754       0.96231222373627245     
   8.4349998114630580       0.95808168257299398     
   8.4449998112395406       0.95584810100548390     
   8.4549998110160232       0.94546958615310273     
   8.4649998107925057       0.94618685545256620     
   8.4749998105689883       0.93938131431695382     
   8.4849998103454709       0.93612602984565474     
   8.4949998101219535       0.92886966723629405     
   8.5049998098984361       0.92371231282395849     
   8.5149998096749187       0.92062062906927900     
   8.5249998094514012       0.91318014898623312     
   8.5349998092278838       0.90660578302056394     
   8.5449998090043664       0.90471428719636926     
   8.5549998087808490       0.90236809836406473     
   8.5649998085573316       0.89430090365526105     
   8.5749998083338141       0.89418407654045917     
   8.5849998081102967       0.88539575286880301     
   8.5949998078867793       0.88188598313368216     
   8.6049998076632619       0.87730371033328725     
   8.6149998074397445       0.87298038210524931     
   8.6249998072162271       0.87101894322616424     
   8.6349998069927096       0.86596155460704993     
   8.6449998067691922       0.86285404916804520     
   8.6549998065456748       0.86038202418264242     
   8.6649998063221574       0.85506077757398014     
   8.6749998060986400       0.85262068261091872     
   8.6849998058751225       0.84902284991204280     
   8.6949998056516051       0.84286132003895731     
   8.7049998054280877       0.84227965104111224     
   8.7149998052045703       0.83509464433422265     
   8.7249998049810529       0.83420630794887596     
   8.7349998047575355       0.83002951997789431     
   8.7449998045340180       0.82856295833634375     
   8.7549998043105006       0.82428345444770257     
   8.7649998040869832       0.82245286877314405     
   8.7749998038634658       0.81777125026538355     
   8.7849998036399484       0.81541387392617570     
   8.7949998034164310       0.81344549535821564     
   8.8049998031929135       0.80899783314780660     
   8.8149998029693961       0.80685070622296373     
   8.8249998027458787       0.80506477989559855     
   8.8349998025223613       0.80249636347035203     
   8.8449998022988439       0.79957864198258088     
   8.8549998020753264       0.79402113184568823     
   8.8649998018518090       0.79188384725919869     
   8.8749998016282916       0.79414447698165336     
   8.8849998014047742       0.78953333892501798     
   8.8949998011812568       0.79163155952437692     
   8.9049998009577394       0.78909887854727512     
   8.9149998007342219       0.78264234531277244     
   8.9249998005107045       0.78322110784680921     
   8.9349998002871871       0.77593024836487889     
   8.9449998000636697       0.77942236787425823     
   8.9549997998401523       0.77944988628661438     
   8.9649997996166348       0.77498801287391506     
   8.9749997993931174       0.77470974356133115     
   8.9849997991696000       0.77088297456201094     
   8.9949997989460826       0.77519879966895766     
   9.0049997987225652       0.77460991058217055     
   9.0149997984990478       0.77194903110955726     
   9.0249997982755303       0.77195939395737156     
   9.0349997980520129       0.77166358153712600     
   9.0449997978284955       0.76905085070498824     
   9.0549997976049781       0.76998375013959997     
   9.0649997973814607       0.77475421188560933     
   9.0749997971579432       0.76877666937434341     
   9.0849997969344258       0.76722582959176344     
   9.0949997967109084       0.76761843599970792     
   9.1049997964873910       0.76847962871083619     
   9.1149997962638736       0.77042365915045274     
   9.1249997960403562       0.77266531900134805     
   9.1349997958168387       0.77218121512271953     
   9.1449997955933213       0.77562891311716908     
   9.1549997953698039       0.77433478159052349     
   9.1649997951462865       0.77707453787302128     
   9.1749997949227691       0.77567338320177903     
   9.1849997946992517       0.77754348783361138     
   9.1949997944757342       0.78053708875830008     
   9.2049997942522168       0.78008461982084687     
   9.2149997940286994       0.78219455475880162     
   9.2249997938051820       0.78701201777871954     
   9.2349997935816646       0.78793252317756091     
   9.2449997933581471       0.78911567110726089     
   9.2549997931346297       0.78997986138933207     
   9.2649997929111123       0.79276623862860529     
   9.2749997926875949       0.79375637958209089     
   9.2849997924640775       0.79769319057388888     
   9.2949997922405601       0.80014270718423297     
   9.3049997920170426       0.80157904063653151     
   9.3149997917935252       0.80763670775463992     
   9.3249997915700078       0.80944140652273244     
   9.3349997913464904       0.81350101499796779     
   9.3449997911229730       0.81512719530338718     
   9.3549997908994555       0.82167062402091129     
   9.3649997906759381       0.82272391453741900     
   9.3749997904524207       0.82501784114733390     
   9.3849997902289033       0.82962330722643562     
   9.3949997900053859       0.82958918338457754     
   9.4049997897818685       0.83525420184103849     
   9.4149997895583510       0.83853921473451598     
   9.4249997893348336       0.84134041896802481     
   9.4349997891113162       0.84795486255239727     
   9.4449997888877988       0.84749171812152313     
   9.4549997886642814       0.85493412282241232     
   9.4649997884407640       0.85305021487686128     
   9.4749997882172465       0.86243030616908634     
   9.4849997879937291       0.86688699572477201     
   9.4949997877702117       0.86977496518350128     
   9.5049997875466943       0.87494065007078348     
   9.5149997873231769       0.87746477296455616     
   9.5249997870996594       0.88222283470689489     
   9.5349997868761420       0.88400762291800006     
   9.5449997866526246       0.89382751767662882     
   9.5549997864291072       0.89385288974039401     
   9.5649997862055898       0.90021411708154087     
   9.5749997859820724       0.90145882033320046     
   9.5849997857585549       0.90854361252164040     
   9.5949997855350375       0.91251519448558860     
   9.6049997853115201       0.91698034118005967     
   9.6149997850880027       0.92037958605238990     
   9.6249997848644853       0.92466022544375526     
   9.6349997846409678       0.92799350160254335     
   9.6449997844174504       0.93223376710821571     
   9.6549997841939330       0.93793716385282733     
   9.6649997839704156       0.93781500238249893     
   9.6749997837468982       0.94596813388425871     
   9.6849997835233808       0.94882760002053990     
   9.6949997832998633       0.95527476661586797     
   9.7049997830763459       0.96168189518190694     
   9.7149997828528285       0.96364448296695415     
   9.7249997826293111       0.96812875201760418     
   9.7349997824057937       0.97425607243274137     
   9.7449997821822762       0.97739136622953882     
   9.7549997819587588       0.98024226757174082     
   9.7649997817352414       0.98407595366470024     
   9.7749997815117240       0.99409321333770384     
   9.7849997812882066       0.99323526062587741     
   9.7949997810646892       0.99949450993110933     
   9.8049997808411717        1.0019775790737420     
   9.8149997806176543        1.0104648150126652     
   9.8249997803941369        1.0083893605422323     
   9.8349997801706195        1.0128200965173524     
   9.8449997799471021        1.0171778407767380     
   9.8549997797235847        1.0236977392711504     
   9.8649997795000672        1.0278784808678070     
   9.8749997792765498        1.0337233028581039     
   9.8849997790530324        1.0325196786579312     
   9.8949997788295150        1.0395238976218908     
   9.9049997786059976        1.0483220001711788     
   9.9149997783824801        1.0497315351050009     
   9.9249997781589627        1.0549013754299836     
   9.9349997779354453        1.0561537429223216     
   9.9449997777119279        1.0588100597268388     
   9.9549997774884105        1.0648666899871535     
   9.9649997772648931        1.0654136970358457     
   9.9749997770413756        1.0682407514494039     
   9.9849997768178582        1.0754650443283293     
   9.9949997765943408        1.0737221462346389     
   10.004999776370823        1.0772751755837568     
   10.014999776147306        1.0805938757930187     
   10.024999775923789        1.0819283258463179     
   10.034999775700271        1.0863488348797552     
   10.044999775476754        1.0886842274536606     
   10.054999775253236        1.0900629906140924     
   10.064999775029719        1.0940509006293573     
   10.074999774806201        1.0981750859807988     
   10.084999774582684        1.0949791224060537     
   10.094999774359167        1.0996424219983694     
   10.104999774135649        1.1039731720083881     
   10.114999773912132        1.1032689445330432     
   10.124999773688614        1.1026153757953832     
   10.134999773465097        1.1057597778728565     
   10.144999773241580        1.1063664374517483     
   10.154999773018062        1.1088088172563728     
   10.164999772794545        1.1092147103977950     
   10.174999772571027        1.1133168150658432     
   10.184999772347510        1.1152277448012244     
   10.194999772123992        1.1150720453631562     
   10.204999771900475        1.1191892297420818     
   10.214999771676958        1.1163108800961508     
   10.224999771453440        1.1195403172928728     
   10.234999771229923        1.1209279489129922     
   10.244999771006405        1.1187124819546519     
   10.254999770782888        1.1204206264186174     
   10.264999770559371        1.1251302410799686     
   10.274999770335853        1.1236802245310054     
   10.284999770112336        1.1253624177568298     
   10.294999769888818        1.1263966601080397     
   10.304999769665301        1.1283144920657491     
   10.314999769441783        1.1260593341030773     
   10.324999769218266        1.1287638204063435     
   10.334999768994749        1.1253345541243636     
   10.344999768771231        1.1258791873006866     
   10.354999768547714        1.1287735484754267     
   10.364999768324196        1.1314209666937134     
   10.374999768100679        1.1311143481747767     
   10.384999767877162        1.1341208469177022     
   10.394999767653644        1.1300461845672740     
   10.404999767430127        1.1358989788100304     
   10.414999767206609        1.1350551553524268     
   10.424999766983092        1.1382189703139118     
   10.434999766759574        1.1360359957516417     
   10.444999766536057        1.1337231999409820     
   10.454999766312540        1.1366305844887741     
   10.464999766089022        1.1393399217869724     
   10.474999765865505        1.1383194530645038     
   10.484999765641987        1.1411240629537842     
   10.494999765418470        1.1392764573856635     
   10.504999765194952        1.1384758919989746     
   10.514999764971435        1.1408210111847958     
   10.524999764747918        1.1436449836911204     
   10.534999764524400        1.1409397790755695     
   10.544999764300883        1.1402650199831355     
   10.554999764077365        1.1406254186865483     
   10.564999763853848        1.1393209123265302     
   10.574999763630331        1.1403728618002145     
   10.584999763406813        1.1402623148658195     
   10.594999763183296        1.1394503545469921     
   10.604999762959778        1.1420142123881312     
   10.614999762736261        1.1418567939466193     
   10.624999762512743        1.1422455399400451     
   10.634999762289226        1.1366424469866769     
   10.644999762065709        1.1385434712875457     
   10.654999761842191        1.1363621896537210     
   10.664999761618674        1.1394962501385988     
   10.674999761395156        1.1385278604168236     
   10.684999761171639        1.1392871581865853     
   10.694999760948122        1.1391920100485202     
   10.704999760724604        1.1382872447033410     
   10.714999760501087        1.1388322373840407     
   10.724999760277569        1.1349845877369438     
   10.734999760054052        1.1349441279283001     
   10.744999759830534        1.1338356637703408     
   10.754999759607017        1.1328717189412967     
   10.764999759383500        1.1360255416888649     
   10.774999759159982        1.1346410041774750     
   10.784999758936465        1.1295138394760063     
   10.794999758712947        1.1331346961240663     
   10.804999758489430        1.1294844162465654     
   10.814999758265913        1.1276482133717551     
   10.824999758042395        1.1268074565022630     
   10.834999757818878        1.1294745447106862     
   10.844999757595360        1.1284759051144502     
   10.854999757371843        1.1214010405137542     
   10.864999757148325        1.1252742028560399     
   10.874999756924808        1.1238288255387516     
   10.884999756701291        1.1252302700025603     
   10.894999756477773        1.1235999990707455     
   10.904999756254256        1.1183758221643281     
   10.914999756030738        1.1209816085010338     
   10.924999755807221        1.1210699965895397     
   10.934999755583704        1.1215512643104224     
   10.944999755360186        1.1183535029017029     
   10.954999755136669        1.1204200284325467     
   10.964999754913151        1.1159367431790312     
   10.974999754689634        1.1163245259379801     
   10.984999754466116        1.1142997099467771     
   10.994999754242599        1.1160921667084187     
   11.004999754019082        1.1107859536734535     
   11.014999753795564        1.1082226800662303     
   11.024999753572047        1.1089404501815208     
   11.034999753348529        1.1061046134433439     
   11.044999753125012        1.1070036523205513     
   11.054999752901495        1.1028526348479391     
   11.064999752677977        1.0993652392951583     
   11.074999752454460        1.0984702573241250     
   11.084999752230942        1.0970560482364804     
   11.094999752007425        1.0911868959960271     
   11.104999751783907        1.0940295990912443     
   11.114999751560390        1.0930976384749960     
   11.124999751336873        1.0867406013683758     
   11.134999751113355        1.0846393136108770     
   11.144999750889838        1.0826133602400321     
   11.154999750666320        1.0814628610960071     
   11.164999750442803        1.0824066491259627     
   11.174999750219285        1.0759438103857164     
   11.184999749995768        1.0757772105982104     
   11.194999749772251        1.0731023008300604     
   11.204999749548733        1.0696590364918634     
   11.214999749325216        1.0672222086828622     
   11.224999749101698        1.0661292475673672     
   11.234999748878181        1.0625747815279969     
   11.244999748654664        1.0627544099635811     
   11.254999748431146        1.0557330776204303     
   11.264999748207629        1.0564165115170732     
   11.274999747984111        1.0538235719811719     
   11.284999747760594        1.0502249327616044     
   11.294999747537076        1.0478836867457559     
   11.304999747313559        1.0434009407070879     
   11.314999747090042        1.0434804259286048     
   11.324999746866524        1.0377298812987905     
   11.334999746643007        1.0351853089413221     
   11.344999746419489        1.0346196107115684     
   11.354999746195972        1.0284076757830658     
   11.364999745972455        1.0288934956365863     
   11.374999745748937        1.0249113100940199     
   11.384999745525420        1.0209519350648764     
   11.394999745301902        1.0209965444015645     
   11.404999745078385        1.0150022318390406     
   11.414999744854867        1.0156154057979683     
   11.424999744631350        1.0129242051007803     
   11.434999744407833        1.0084963788155665     
   11.444999744184315        1.0081836048855091     
   11.454999743960798        1.0039656813684443     
   11.464999743737280        1.0010342184526300     
   11.474999743513763        1.0001185004433155     
   11.484999743290246       0.99638227464425189     
   11.494999743066728       0.99244506068445770     
   11.504999742843211       0.98871988814299161     
   11.514999742619693       0.98549476678031001     
   11.524999742396176       0.98463688075610145     
   11.534999742172658       0.98013466895120060     
   11.544999741949141       0.97950278624707432     
   11.554999741725624       0.97625538839255022     
   11.564999741502106       0.97445479934739565     
   11.574999741278589       0.96996714919253413     
   11.584999741055071       0.96668426067713797     
   11.594999740831554       0.96478665637185379     
   11.604999740608037       0.96296430952233980     
   11.614999740384519       0.96033440589032393     
   11.624999740161002       0.95946197025213220     
   11.634999739937484       0.95566176475569409     
   11.644999739713967       0.95040008321756730     
   11.654999739490449       0.94886925845163494     
   11.664999739266932       0.94855839450149260     
   11.674999739043415       0.94284844082761710     
   11.684999738819897       0.94136584319099748     
   11.694999738596380       0.93887639994608496     
   11.704999738372862       0.93609065512655476     
   11.714999738149345       0.93258133726293901     
   11.724999737925828       0.93079096987953036     
   11.734999737702310       0.93065589560816009     
   11.744999737478793       0.92525382355264107     
   11.754999737255275       0.92239479065319840     
   11.764999737031758       0.92136375378727364     
   11.774999736808240       0.91656359758824524     
   11.784999736584723       0.91523813597450243     
   11.794999736361206       0.91085781491137663     
   11.804999736137688       0.90909446726620069     
   11.814999735914171       0.90711726098409839     
   11.824999735690653       0.90274963409843456     
   11.834999735467136       0.90413106296967760     
   11.844999735243618       0.89927075862638484     
   11.854999735020101       0.89736436258572738     
   11.864999734796584       0.89409206518428197     
   11.874999734573066       0.89034327523792578     
   11.884999734349549       0.88948203860721309     
   11.894999734126031       0.89170367994736754     
   11.904999733902514       0.88339702568467982     
   11.914999733678997       0.88504276713522545     
   11.924999733455479       0.88391212533414609     
   11.934999733231962       0.87929510825772539     
   11.944999733008444       0.87789537911458981     
   11.954999732784927       0.87546215689439233     
   11.964999732561409       0.87260780106075397     
   11.974999732337892       0.87278502238235289     
   11.984999732114375       0.87019592400602042     
   11.994999731890857       0.87028596679552594     
   12.004999731667340       0.86592592213752717     
   12.014999731443822       0.86448511394751748     
   12.024999731220305       0.86233102423229357     
   12.034999730996788       0.86291330528065535     
   12.044999730773270       0.85959250799561671     
   12.054999730549753       0.85784562031709743     
   12.064999730326235       0.85624799198520085     
   12.074999730102718       0.85501920927847053     
   12.084999729879200       0.85166769447156576     
   12.094999729655683       0.85271240243089308     
   12.104999729432166       0.84991321318709068     
   12.114999729208648       0.84829920537580517     
   12.124999728985131       0.84839886054932101     
   12.134999728761613       0.84450622587007618     
   12.144999728538096       0.84293307731401890     
   12.154999728314579       0.84254794809937816     
   12.164999728091061       0.84377913252778591     
   12.174999727867544       0.84164876931655730     
   12.184999727644026       0.83832427733143744     
   12.194999727420509       0.83702076737136588     
   12.204999727196991       0.83693276513918569     
   12.214999726973474       0.83874000812482419     
   12.224999726749957       0.83854789658385331     
   12.234999726526439       0.83665655946361805     
   12.244999726302922       0.83478648305900638     
   12.254999726079404       0.83510888381239312     
   12.264999725855887       0.83314111748311748     
   12.274999725632370       0.83297561910726059     
   12.284999725408852       0.83214059029967080     
   12.294999725185335       0.82968212603936997     
   12.304999724961817       0.82776362827416472     
   12.314999724738300       0.83018093826701522     
   12.324999724514782       0.82796534057163285     
   12.334999724291265       0.82729052082612176     
   12.344999724067748       0.82586398412501771     
   12.354999723844230       0.82727759894282016     
   12.364999723620713       0.82579349918209688     
   12.374999723397195       0.82465508842793422     
   12.384999723173678       0.82658855666220188     
   12.394999722950161       0.82629729209082647     
   12.404999722726643       0.82578485800329460     
   12.414999722503126       0.82912260873812260     
   12.424999722279608       0.82747204631654636     
   12.434999722056091       0.82618884186401809     
   12.444999721832573       0.82805651284846615     
   12.454999721609056       0.82969960018289735     
   12.464999721385539       0.82618498698907539     
   12.474999721162021       0.82888352570826618     
   12.484999720938504       0.82890880903036279     
   12.494999720714986       0.82704481813780528     
   12.504999720491469       0.83153330960801519     
   12.514999720267951       0.82910708936021760     
   12.524999720044434       0.83001899435149185     
   12.534999719820917       0.83100252900625260     
   12.544999719597399       0.83212252890024241     
   12.554999719373882       0.83178735956778438     
   12.564999719150364       0.83402039216995083     
   12.574999718926847       0.83792167235389758     
   12.584999718703330       0.83545203172601867     
   12.594999718479812       0.83935187176436166     
   12.604999718256295       0.83992521635866713     
   12.614999718032777       0.84053470416922371     
   12.624999717809260       0.84204222060686307     
   12.634999717585742       0.84246677612593890     
   12.644999717362225       0.84518837316758544     
   12.654999717138708       0.84674398868779388     
   12.664999716915190       0.84883050088358303     
   12.674999716691673       0.84886277455366532     
   12.684999716468155       0.85243708673305219     
   12.694999716244638       0.85377467810420382     
   12.704999716021121       0.85660712102262471     
   12.714999715797603       0.85851959127599597     
   12.724999715574086       0.85792098180817433     
   12.734999715350568       0.86157266569363478     
   12.744999715127051       0.86535143580593210     
   12.754999714903533       0.86921353966339310     
   12.764999714680016       0.87160791271869653     
   12.774999714456499       0.87283751443066881     
   12.784999714232981       0.87611833148868334     
   12.794999714009464       0.87996825213649033     
   12.804999713785946       0.87999706809862055     
   12.814999713562429       0.88369693719790832     
   12.824999713338912       0.88835580472882691     
   12.834999713115394       0.89209781964588830     
   12.844999712891877       0.89614942414678689     
   12.854999712668359       0.89680422168330309     
   12.864999712444842       0.89985841164672431     
   12.874999712221324       0.90427485965759757     
   12.884999711997807       0.90772695051136321     
   12.894999711774290       0.91170136523853940     
   12.904999711550772       0.91378208886991219     
   12.914999711327255       0.91791715431447662     
   12.924999711103737       0.92206903617911695     
   12.934999710880220       0.92585041924115841     
   12.944999710656703       0.93133788947383256     
   12.954999710433185       0.93639073148645324     
   12.964999710209668       0.93929736770399808     
   12.974999709986150       0.94232381724567926     
   12.984999709762633       0.94821687587664050     
   12.994999709539115       0.95151700077430545     
   13.004999709315598       0.95797891432184068     
   13.014999709092081       0.96067636116167399     
   13.024999708868563       0.96290931274557034     
   13.034999708645046       0.97158308683198780     
   13.044999708421528       0.97655678549426495     
   13.054999708198011       0.97849677691837245     
   13.064999707974494       0.98523896300103508     
   13.074999707750976       0.99199570443173246     
   13.084999707527459       0.99596363123076814     
   13.094999707303941        1.0007967115028464     
   13.104999707080424        1.0066905954308354     
   13.114999706856906        1.0100903349980397     
   13.124999706633389        1.0177754060855373     
   13.134999706409872        1.0236396739260962     
   13.144999706186354        1.0276617362190135     
   13.154999705962837        1.0342567263490798     
   13.164999705739319        1.0409893697804171     
   13.174999705515802        1.0428715524040930     
   13.184999705292284        1.0492531207813143     
   13.194999705068767        1.0573646335989169     
   13.204999704845250        1.0618866033401320     
   13.214999704621732        1.0700479047126801     
   13.224999704398215        1.0761120153953769     
   13.234999704174697        1.0818499024403940     
   13.244999703951180        1.0901851767472774     
   13.254999703727663        1.0942396040039450     
   13.264999703504145        1.1051075349554247     
   13.274999703280628        1.1104804840600122     
   13.284999703057110        1.1168500901866398     
   13.294999702833593        1.1255115145944230     
   13.304999702610075        1.1317514937400319     
   13.314999702386558        1.1391317230000988     
   13.324999702163041        1.1500583467803693     
   13.334999701939523        1.1555784231687400     
   13.344999701716006        1.1625479731941573     
   13.354999701492488        1.1706532197496433     
   13.364999701268971        1.1796623511935180     
   13.374999701045454        1.1887956515815692     
   13.384999700821936        1.1948310719207078     
   13.394999700598419        1.2054765453617213     
   13.404999700374901        1.2119111175452961     
   13.414999700151384        1.2238617921852262     
   13.424999699927866        1.2339691824439540     
   13.434999699704349        1.2436308621816656     
   13.444999699480832        1.2543152521395231     
   13.454999699257314        1.2632054953553162     
   13.464999699033797        1.2709185137482091     
   13.474999698810279        1.2825544531617137     
   13.484999698586762        1.2906881847267357     
   13.494999698363245        1.3050843278340309     
   13.504999698139727        1.3117606000206543     
   13.514999697916210        1.3221829011377191     
   13.524999697692692        1.3312477480633711     
   13.534999697469175        1.3403418406197933     
   13.544999697245657        1.3445874033429557     
   13.554999697022140        1.3500207948843761     
