  -31.027267156152295        9.0190595681685224     
   79.111736370272908        12.879787824441172     
   21.141073212393469        18.834280201795277     
  -6.9052720740846452       -16.500560303780979     
   44.004898880024371        11.800781919928438     
   66.198942270372598       -18.885356547801202     
  -8.3785946401388145        41.548339947999509     
   54.989095489216510        23.724225199764028     
   66.566621770388082        13.251956264842450     
   70.357707179655989       -4.7559383526064201     
  -43.074757360058904        15.004278083416366     
   49.176001851540541        3.1455441249337528     
  -60.673045189949384        6.9714235810547542     
  -81.707253314972547        33.846996403682887     
   44.228704593445876       -28.147304904491531     
   25.655689555007342        10.680092620885464     
  -31.391116700144718        29.112402942166163     
   3.7772893885658299       -18.129829566186849     
  -47.593365646849549        8.0385162048272107     
   81.360205818084182       -2.1315094999413868     
   76.336009046469599        15.041550276141161     
   41.518321457085541        29.534945007242982     
  -46.519088941607897        17.587564859018240     
   15.126709792894211       -14.274756688294277     
   79.705552169709762       -7.3859403285962726     
  -90.253679697602806        40.903374626754925     
   93.349168486531482        35.562232521963161     
  -66.957211326392141        42.067758483047584     
   15.313149476288190       -18.256197302093483     
   64.911496389375742        20.282803351031689     
   83.691856890924512       -14.515671093028347     
  -65.256231127698939        8.0356628066382747     
   95.631855493706183       -30.733351167555114     
  -73.982933395826734        34.392956942256248     
  -94.590096724225120       -3.2699470753515749     
  -74.587064141543962       -5.6818188250317547     
   46.148324778352446       -38.195915942763961     
  -65.349471069905690        24.906894912578977     
   56.320149335617153        17.175045112800827     
   43.371537343666255        32.445865457423530     
   57.024517822788276        24.135340583691601     
  -56.055911520303290       -18.273562411186887     
  -82.882477629623153       -21.001656563326389     
  -58.760817163107347        27.934031735863424     
  -65.211260773168590        14.794187380287537     
  -88.808193618276988       -29.877604447279172     
   64.770740731153566       -31.428750989399642     
   13.972811688739185       -25.686492494768434     
  -15.129431146587379       -26.305213098758159     
  -99.234698598176479        6.1913714069871020     
   27.177643584019528       -20.534414805183300     
   82.632493291008018        31.194679839431053     
   83.224178156422553        12.829341085299674     
  -82.563287504951404        8.5166320802293711     
  -13.649216282479504       -24.624650360375366     
  -12.728790996489669       -39.395035928566735     
   51.157655313287819       -19.740246225949580     
  -85.076488845253422       -14.744324642041796     
   2.5780309960901082        25.098925267664153     
   99.249902075597049        36.791711411525753     
   32.857070627189657       -25.492191553271503     
  -70.913315951183691       -10.493214930783363     
   16.164908064789497       -8.5667150194063826     
   90.512579600203296        19.423320183197028     
   68.668683520539346       -4.4159221664969230     
   17.722589449254823       -39.241939585684499     
  -76.477944291586297       -38.884220390951668     
   73.295383679780684       -29.857327277219671     
  -55.209204107167054        39.484261302610804     
  -90.013917401384532       -18.853593125709992     
   20.938781031215449       -11.171761843459574     
   41.409182512416251        2.0651301087972831     
   78.309978011649207       -25.262426096735378     
  -69.953736130769741        19.652178062612073     
  -50.384274628646693       -14.197225873602777     
   73.898768174694411        34.356929594145271     
  -49.482830766403985       -1.4094921564575791     
   61.433363295441112       -27.489917304141201     
  -86.834572524760915       -29.145506652235927     
   4.9996693062091202        20.416984637192499     
   71.551436596521484       -16.376394629932332     
  -40.455931424321243        35.831000894522909     
  -72.442849118121472        37.041232757556841     
  -43.140104606110484        11.806968203965809     
   82.590124741953019      -0.17588141974860336     
  -3.4136868338354720       -4.2703899662100575     
   55.379107380652194       -24.038186582054994     
   92.772269352127353        9.3007454535471403     
   25.253616908300238        22.950610288734744     
  -11.681413227510973        1.2198079851437640     
   89.306296940646334       -37.546901242594480     
  -52.276498748826562        9.7060433052495938     
   98.139736906856271       -23.282443495828058     
  -38.578708643755299        8.8217126363201626     
  -65.388355891308848       -28.724374258765078     
  -97.304933018952539       -2.8870223773638570     
  -66.659532582439923        40.818938554949213     
   96.465842487891223        6.8751570286369228     
   29.824820429808184        9.6884151000448213     
  -72.382250839266106        25.098388105471173     
   99.995103111865575        10.892971866647873     
   13.927470929081487       -41.189093271265044     
   3.5305917961881761        9.9250811121508349     
  -3.4196844154062100        36.617815199083140     
   65.013443212710300       -27.119829522036731     
  -76.846775687112512        34.976849459570168     
  -29.754754107365745       -19.997730768800768     
   16.993209218160167       -6.2679006815456297     
  -89.354796630087691       -13.721790121841353     
  -55.417381632067290       -7.5844894495198769     
  -37.218821583531934       -23.435586375496896     
   64.539327528679365        10.579736884614899     
   71.866151986042979       -30.997622258183494     
  -6.6588920617208336        5.4726924510218451     
   36.699985532801804        16.894947054992087     
   35.883605854598201       -17.337254863176369     
   63.169423867699301       -41.352607121991234     
  -18.074311813901932       -26.608291876823717     
  -57.626549994918719       -21.683341136208199     
  -67.270685067205775        17.112165512462067     
  -62.538449817269395       -7.1386832349691174     
  -60.723267546917661        30.106610061061250     
  -29.717771414111162       -6.8048141033790372     
   75.341141777892801        1.3393330555272998     
  -44.704329690375012        18.788284445714535     
  -32.837540784386164       -2.1453874431471736     
  -33.003154970002257        12.385823846394322     
  -25.263682984926561        20.257187949501862     
  -83.141410889623273      -0.84778821202381882     
   2.8826134625653976       -8.1105456475301576     
  -23.758941104370045        1.2017010767046199     
   87.018629494246369        4.8207824875338012     
   95.113664902634113       -22.298415036471589     
  -92.382792108957830       -1.5247841174958909     
   5.4835598731412194       -29.592697612352389     
   70.434744271357872       0.32616456368589059     
  -44.184537296846457        3.8160858591403386     
  -92.554359004881420       -18.760824785588600     
   78.106657918840014       -35.745647845080299     
   8.6490858520908986        16.464268232618505     
   26.648061029935842        6.2205793706006594     
   43.651159762462967       -34.863963992085580     
  -16.021659587927850       -9.3248009357798605     
   91.364789203833368      -0.60177869204104029     
   94.400272714040852        27.240939101003200     
   59.732312118566774       -18.145944671681900     
  -61.490441319122759       -10.570423265695801     
   8.6190064184577651       -23.378924695737108     
   33.788808297712912       -10.323044688174210     
   11.021177702063589       -22.765649675590080     
  -6.0391250135265029        28.259934212539338     
  -2.4995171473185529E-002  -39.332264747245610     
  -92.888051552775039        37.122872284780414     
  -68.190020826427400        7.6828286895434932     
  -99.086781169404475        19.566130132999628     
  -97.066727593055788       -13.215817653249534     
   88.821231627615305        8.2541703016995385     
   95.074001924670881        41.303432807548049     
   10.525750648790044        3.6376033755474846     
   54.315937735085271       -30.338087887779668     
  -1.3825818960845560        39.343158833051888     
  -73.764351289221082       -11.400783890541662     
   16.820003902610956       -4.4325335722498691     
   80.912682678060662        38.446957589547658     
   58.052701912539973        36.430976224454177     
  -15.608646137700566       -3.8961718499820144     
  -23.063012781305293        10.283456280275489     
   27.753171713441137        36.166591281883136     
  -15.853624231472807        26.502918410319463     
   55.759771862832650       -40.485868788166719     
  -66.325267308736443        38.936155414531072     
   5.5323004732307668        21.632680839922752     
   6.3563130732054551        4.5348380325633757     
   46.942847222202211        3.8526502264369702     
   88.017400469643590        1.1220881160346570     
  -7.2818051060004940       -39.884971460235711     
  -11.096756179813783        38.460875019303096     
  -18.905568566470855        42.277830925037442     
  -68.129599876558316        24.402870410297371     
   27.405766871701289       -41.224091083644396     
   17.723502260993662       -15.719634662631433     
  -75.719463497206078        28.918548721996356     
  -56.831888742073744       -23.255263274415864     
  -34.662205506507050       -10.872702052524277     
   12.546917230406285       -27.772817037985515     
  -27.041389532600490       -5.0110328703622384     
  -63.321873749649150       -10.059450162225447     
   23.578767983428882        26.599771157968249     
   31.281442806230551        26.790023009999025     
   15.329355009528856       -6.7299254903279824     
  -63.588110963688017       -33.527921777304655     
   97.856107797868489        23.769480538075577     
   61.179465667898867       -33.936201193387106     
  -37.182876547788446        2.4005772053286689     
  -71.368732871985145       -22.965188111232418     
   46.532213871499174        27.381815836848656     
  -19.926715439718400        32.952151870926102     
  -60.347877326411293        32.586229356376030     
   48.782917111507487        23.630479992500334     
  -81.940095180473520       -37.113293507619481     
   57.745329287839240        20.700252570844167     
  -31.086502863881105       -3.2544503017333231     
  -84.148595400679000       -30.847839009399880     
  -20.834220283782145        22.619729142732094     
   78.462225885943624       -10.335418923236407     
  -51.630554312126797       -7.1418626854778235     
  -44.283949972611026       -10.500032442077979     
  -54.028228116214819        13.509590746225916     
  -10.714573377245905       0.64271470604518344     
   98.635900998082178       -26.084684179336708     
   94.539500285712393        24.035278660143359     
  -13.007004154843971        30.733115123911364     
  -45.460890981179446       -3.0198595388367777     
   32.106138878571080        20.323728232987769     
  -43.052787529262268       -24.759611414038197     
   95.197435794633449       -27.147123152722379        
