 -0.95055029010810721       -3.7554671174068970       -1.1110599599340221     
 -0.12757487789838548        3.3244328055998844       -4.2914870796914322     
   4.8034270599729130        2.8026580957429839       -1.5566340788798338     
  -2.3045289869886800        3.2020679756303747       -1.3691610566442021     
   3.1159285455241470       -4.9291032461088378        2.5676509635621968E-002
 -0.28368918240815183      -0.25126802661155501        2.4054323930544905     
   2.6260210388602387       -3.8508557754171986        1.7803404083436085     
   3.3647599379136763       -1.6621646257028975       -2.1330833930875448     
   2.4569276639330586        4.4086000356548780       -2.5908147535713852     
   3.3172444965786019       -4.5399604362067780        1.4408916837145773     
  -2.3387035125844369       -2.8303882165392338        5.4665946647617156     
  -1.8359566577533493        5.5437363882488517       -5.2370860943561963     
  0.75145968721837064       -4.1934078681810156       -4.6970533390122302     
  -3.0838922784597473        1.4374097381530171        2.3641528979554409     
   4.2602450769983706      -0.89655215449219394       -1.5442608267938740     
   1.4351400992447221       -2.3238049033610886       -1.3767154448547563     
  0.32087930689018368       -3.9067951003191590      -0.51053176662455546     
   3.5906105688017984        1.6115732334118669       -4.5315238304833612     
   2.3774809866975679        1.7714769281082974       -3.2034151335283867     
   5.5503840423415483       -5.1762226347899158       -1.4491184496430038     
   4.4285599986301643        3.0093784410479913        1.1974112219246216     
  -5.4849442714477128        2.3237111055636928      -0.75910737211884860     
   4.0892481452110570        2.5405079874835086      -0.47594593079591524     
   4.8489146807485684       0.79402442444607368       -2.3128331961748811     
  -5.1869677584191738       -1.5258939748714397        3.6765020807024009     
   2.1858381319852636      -0.68299595860910234        5.3658731016866534     
   5.0512655723996023       -3.8605877593086708       -1.4316608241841606     
  0.17619857815003251       -1.8755691536198060        4.8026625332111825     
   3.1437129938982626       -2.9382817558348324        3.3159108412002598     
  -4.8712242584486090       -2.1876386721196952       0.26161321702156937     
   1.1140532726173273        1.8953600768737984       -5.0363275070664164     
   5.2548607612044584        3.2646943248766833        3.7029788177754774     
   4.9230607138213776       -4.4228852719516105       -3.5832951758786877     
  -2.0742064482563944        3.2994133391576996       -4.6128048989416932     
  -4.9362020042231345       0.52408883323352939       -2.3952879470120370     
  -4.8692373804418887        1.5633470372879383        1.1397100081572966     
  -2.0224679562750345        1.3614937228139317        1.9295997164163738     
   3.4227693125713916        4.7988689380615934       -2.0695156041113290     
  -1.4921426127367974       0.90958275183075221       -1.8323436275459326     
  -3.4015187800061426        2.2962762367010603        4.1956731315906177     
  -2.4247055553861436        2.3161802504107012        5.0504826010686523     
   3.5504989659890005       -1.4326989901713811       -5.3268492752869552     
  -4.0442178189350111        5.2363668785598332       0.33193723380398416     
  -4.5013723562192576       -1.9466684553481326       -4.0437374438967684     
   4.3061032630604661       -3.9006534068637149        3.8142257945624438     
   3.6749710409999383       -5.3263856862702719        4.4606030515146511     
   2.9746610632626829       -4.8747422511308978       -2.1424324735890856     
  -2.0918269347364036       -3.7093775178330217        3.6399250493308686     
  0.62690517822157588        3.1432236231017421        2.6654988202938315     
  -1.1468097954904088        4.7393882135944567       -2.0348356476315872     
   2.6352997206436704       -3.1390918769535241       0.60446429270400148     
  -1.9524356947791628        4.4923700287312069        1.7121679906917882     
   3.4365362566246818        2.7210099131565171       -3.5963658312580562     
  0.22895685903585364       -2.1595715788646195       -4.3000495574064166     
  -1.0324814679226875       -5.4691297742408027       -1.7483239338419674     
   3.7035798878648367        4.9803133942540425       -4.0401766533981522     
   4.7708434294587079       -3.7593253842222327       0.48869091395037928     
   5.2965664309679656        3.3041719548655522        1.7253891538136841     
   3.4713919472818620E-002   4.8038632258153449       -1.4942798165016220     
   1.7137986620770067        3.4785586024507422       -2.2318540771541455     
  -3.2572969583461377       -5.0997997013125360        2.5483913906647517     
  -4.8649125806719473       -2.4816735254002702        3.5081745915357190     
  -5.1962034670345263        3.9959655713510460       -2.6450907186447443     
  -1.0987294047680856        4.2922101190771578       -4.1925431880644686     
 -0.44763314187660175       -2.5044254941670134        2.3603876969888247     
  -3.9627111656317786       -4.4871042154243455       -4.5684172725919758     
   3.8444984368569401        3.4963751780280505      -0.77842538544899031     
   1.6800153365022699       -3.7196116139890862        5.5153098796388909     
  -2.7594977107645118        3.2293834283714524        3.0235497213586995     
   2.7493239735594774       -5.4310384348314509       -4.4703966386689338     
   4.7549268056811185        1.0260187517494559        1.9918568951318643     
 -0.73095478897132893       -4.0224703694348856       -5.1748032049766355     
  -2.4621328483670597       0.66526099773975222      -0.39327420777530231     
  -4.7744321240617866      -0.38281373429183130       -3.9974688629738195     
  -3.9787112826647890       0.46243821787981104       -3.0745188875745444     
  -3.3369061236227018        2.6480870256999518        2.1201873125580093     
  -4.4672519173102057       -2.8685650897144912       -2.2288211389709578     
   3.4632576125626611        2.5962217730094164       -2.2287518525546197     
  0.97459849714908375        2.1954518424305802        3.9746368323857908     
   2.1212919419178271        1.4127426054470347       -4.3167274949488386     
   1.7073806173878867        2.9016596392512235        1.5562227238475652     
   4.9435168991156155        4.1592552393470834       0.95984281503922342     
   3.2416503082772796       0.26593367662991629       -1.8431379253293139     
   7.0589654961869671E-004  0.21260846399547617       -4.1546118022040206     
  -1.9617427547241473       -4.8053831922083692       -3.3670026343043706     
  0.53456794684437214       0.50692036809223084       -1.9408046253558806     
   4.8705743940812063       -2.1756076486472815       0.25186159423237231     
   1.5587929353805712       -4.1428335294237675       0.74163895133602720     
   1.2699096163743131        4.0599693722460968       -4.7636788789921383     
   4.2505462611321772        4.0646916644152729        4.0041815020347977     
  -1.0138470258274959        3.8917727768833195       0.32294391200742445     
  -1.2907575447919750        1.0659330554838264        4.7447708506696982     
  -4.8461062346566415        3.9419379865345809       -3.7229004564453620     
 -0.21272874513096063        3.1715911430189028      -0.80448816045982097     
   3.0133774921856653       0.73268491394825874       -3.7593497257230735     
  -2.5218385300151578      -0.38338961834234281        3.7656835849800707     
   1.5742645024861113       -1.1221488788771845       -2.3316311192797992     
  -8.5070026161284062E-002  -5.2794005164415596       -2.0416970296352703     
   5.0380002678800837        3.2082866053069159       -2.4771003759628516     
   3.6710615557242816        9.7615915297011885E-002  0.33725126626304902     
   1.3711312714898554       -3.3843465376276280        2.7324472952008256     
   3.9807169830486675      -0.14174003510631841       -3.0471211841678754     
  -2.7372785851163655        1.7240940979499504        3.5588597354427245     
  -5.3295240451625050        4.7505046532890027        4.0280814855405476     
  -1.7748460919879501       -2.3021873430172692       -3.1669222687079288     
  -4.6603261920702561       -4.0497560753007411      -0.32576482224838577     
  -3.9319543676682573       -1.2409088964292645       -1.9799572802367096     
   3.6106715877720652       0.50732766416017050      -0.88650390432300730     
   2.2965466697973174        5.1066726030425400        4.3566381384341923     
  -3.6319043129842936       -4.3334181198150263       -1.1849941685844623     
  -1.5432425950719728      -0.70644372291886337       -5.2868232053753612     
   3.6357306961755871        1.2120544700774933E-002   2.6201165533157544     
  -2.4145748257967643       -2.4346922760719534        3.6939093349176493     
   2.9080111739846233       -4.6443874361922619       -3.5940868297063240     
  -1.6773200461975288        2.7869454295844589       -2.4563160726481756     
  -3.4889045459713692       -3.1650030007202146      -0.35490172058012992     
  -1.1974091714663557       -4.6465454001543822        3.3531446097834690     
   1.9365816385772849        2.1936921313841968       -1.6934780385442370     
   2.8571241751646190       -5.3726723577292734        5.2070738673886554     
   2.9906644331474608       -2.2596220775897855       -3.1661861271191034     
  -4.3617209737737044       0.93184324183155554        4.1046436301321423     
   1.6956868091851587       0.88049547208088885        1.2791308369040832     
   2.9409012687468401      -0.37705908203871763       -3.2566039524903618     
   5.4225197950407473        4.3505597827486211       -4.8528700184077511     
  -1.3714600091244382       -3.9047837266939878       -3.3246126522310653     
  -4.8779079397834435       -1.9821940694251314        2.4498459572755649     
   8.7491858683390725E-002  0.73300766057784206        1.4504392173376408     
  -2.4604288171651363       -2.2386165067383681       -5.1784307061877843     
  -3.8760575560692772      -0.66305983324482975       0.17413997120938388     
  -5.1934231317290029       -2.4956304898635064       -4.9996597188093350     
  -3.6117479777777204       -1.7524004070036769        1.8975439776579386     
  -1.0646353972111160       -4.8365134198585462        4.9466274945956510     
   3.3857098319894274      -0.14777994447614348       -4.7463414668460455     
   2.5758220732668211       -3.8620533364397720      -0.36268585031608697     
  0.22767921534260183        2.2170766829450992       -2.0175377792208962     
   4.3569025663458136        1.3901998582161508       -3.8881251017128315     
  -1.3851786170595486        2.0741595399645862        5.2406825006261011     
  -1.8371693483982845       -2.4023181410861776       0.50474941672819751     
  -3.9597039250179065        1.6768064947711441        2.8351341169293631     
  -5.0724735908423382        5.0851095012501464       -1.4163506910782588     
 -0.32406538872873469        1.2388264707686092        5.3346280283540173     
   5.0412967298774367        2.6761164822634389       -4.1258369610412426     
  -2.3296322456809473        2.2856756583129831       -4.2146150042550445     
   4.1801300059556281       -2.1587611708688139        2.1610009422455327     
 -0.68094042023578116       0.11716630246528019      -0.75145275095417219     
  0.92761939978980046        4.3756576301227748        1.1393772420403547     
  -3.5808641417551490        3.6655835449988281        2.1649766756914688     
  0.52153774465644642      -0.17556996526458274       -5.2554098129020730     
  -1.2692624448459893       -5.4187724461719071       -4.6656645583723035     
 -0.61994064846252872        1.5995101450218614       -4.2984004550574593     
   3.8488508933749026      -0.92100716807128513        5.4606674512534781     
   4.1686841851865903       -3.2684405910974963        2.6034373549020380     
  -3.5667554657084852       -5.4036319270551880       -2.0115941887919342     
  -5.4801262712701586        1.2862081283114621        4.5234453996306021     
  0.34666896907570932       -5.5015224888725234        4.4698622037015765     
  -4.4154745075117727       -3.2613102032088723       0.42046356694619863     
  -1.7700036350507957        1.1516369465207332       -3.2611330901230255     
  -1.9495966299663423        1.5380444545236822      -0.86070607055356751     
 -0.83356493320065017        2.6075363007291861       0.28595643772470769     
  -1.9506850754338267       -1.3867574686400079        1.3705596158576585     
  -5.1724135930274215       0.75239236535157061       -1.2995268337719408     
  -3.4061562783190777       0.83730782380099333        3.2549636779769640     
   2.3926416764421248       -1.8930801430185826       -2.0621379562882498     
 -0.13765697872906288        4.2075498044101947       -5.3471243318187405     
  -2.1153673105477542       0.32300239484335169        4.4205328835061515     
  -3.3925307338194202        4.1019043111196529        5.4888762294253759     
  -5.4712786767218855        2.4804211439300663       -5.2955802445833946     
   1.2898994848007728E-004  0.27795969815787136        3.3023796201645781     
  -7.4376197808893041E-002  -5.1866677210956338       -3.4502165465889920     
   5.5094255230661000        3.5601289977876092        5.1192284143821478     
   3.7242482261784273       -5.1553790465625999       -5.4209606392630789     
  -1.9596983434741204        2.5712412898540364       0.98066985271379492     
   1.5691918696830447       -4.7055623641270143       -3.8804499989672809     
   1.4572202981576428       -3.1851005195936488       -2.4975040648028184     
   5.2551434017862650       -1.6227074674432795        1.1956594714807807     
  -4.6377268357437131        2.0574849452888837       -3.0566344560509702     
   5.2380141290663946      -0.16042843191661962      -0.78642534662623176     
   3.3486523479604702        5.3079645666021165        2.5944892627979423     
  -3.7806635334619898        4.0089193365897922        3.9659358542084044     
  -5.2331649553795545        3.3258854896158332        4.2357016678621697     
   3.6437725755263277        4.8825920752361696E-002   5.0220167336497186     
   2.9554309963822094        3.2027289037792834       0.35979736955766822     
   1.3502292109132877E-002  -5.2184337903802271       -5.1837763007851017     
   2.6575068072152370        4.0735202473755203        5.0039738714150408     
   2.8799647729537727       -1.9432002125992398       0.34932548213958359     
  -3.6104179137164545        3.0790112830065426        1.1868588308571291     
   3.0172541061493199      -0.33221679442525415      -0.59979129056826885     
  -2.5956212226866326        4.2977063552879384        2.5915131955683437     
  0.97324038121984335       -5.0803212751744793        1.0295386704535339     
   4.1754644505923366       -2.8754557307319781        3.7658187001258803     
  -2.7972777694516497       -1.9631279601467067       -1.4338357147091405     
   1.7624646186442530       0.14182337363914399      -0.41719653566378312     
  -1.6283592513385874      -0.97819708060424648       -1.3005892265840426     
   3.1653667301925497       -3.0717534716954011       -1.1224854195337939     
  -4.7396071811938203        1.8892043706208017        3.6891438808714101     
 -0.96210789203813485        4.2007387855626597        4.9607957505690781     
  0.66833034465723662        2.4393865055070947       -4.0722294913044594     
  -3.8697237798519746       0.57632477059239395        5.2758826866045068     
  -1.5786474869450260        3.2442691946401290        4.1889865971690607     
   5.3370198764905430       -1.6085989556024725        3.8322631195884087     
  -3.8816370725350531       -3.2290881089610579        2.6904349370592509     
   1.8477108186110531        4.4664586441885987       -1.0877730032058870     
  -3.0455309795078453       -1.3495959030896925       -5.0798218550473857     
  0.78639553510898752      -0.82279473203375619        1.1077557248498746     
  0.88113312689834911        4.2173577969675966        2.2241565174109922E-002
  0.53280299551561294        3.8359083162809924        5.0290968025456326     
  -3.1117068497736944        3.5004743093697406       -2.0405293989512354     
   4.1196557404073806        1.6485492028149560        4.0468353084629785     
   4.3115627845518114       -4.6677989268130649       -1.7089834590765047     
   2.4000181297954031        3.1024540161651077        2.4022100248025855     
   1.2873337087803531       -3.5998578843218967      -0.16839927605672114     
  -4.1716996094203358       -4.7867022516166235        4.5373481093111678     
  -3.6449851889222482        4.5851942035123860      -0.49038064150175076     
  -2.9541909694104249      -0.28056816536146306      -0.60494625387694545     
   5.3712895841000394       -5.5065933588257252        7.7834372596870108E-002
  -4.7381267290886493       -5.5504392572623571       0.82721443698339980     
 -0.72263013676794519       -4.1487055627682263       -2.4717552267494654     
  -4.9583131304294925      -0.19611194537880797      -0.45875510528518815     
  -1.5943456185339120       -2.3060126653230060       -1.4215226240631380     
   1.9968638691485483       -1.9920964157438088       -3.3282249143155695     
  -3.1631220725391094       0.92727073161508322       -3.4823260464350212     
   2.9820657721073731       -3.3965878769978759       -4.8697346551507508     
  -2.2807879456930515        4.0248799191397104       -5.3859693750131372     
   1.9054195286829765        5.2727875087930922       -3.7418627205908819     
   5.3951669025487901      -0.45539678467046368       -2.9920818072349555     
  -2.4846425005132438        4.5033113126963791      -0.43987233493680250     
   1.6646863276053754       -3.3310927326897342       -1.5001533349553411     
   5.2598224695769673      -0.69631798307148551       -4.1496646337433694     
   1.8394266169145082       -4.1335069955784345       -2.1599751668249136     
  -2.3889561797128676       -5.5238239788802002        2.9853604611011471     
   2.3013939501877050       0.99112679910926038      -0.85112888173457402     
   4.5784476148489635        1.7699894786326260       -2.7333765559342491     
   2.4636846711309368       -2.2580338057637772       -4.6245715064887216     
  -4.6481629636657393       -1.0919375616651386       -3.2788551799165750     
   4.8517333389752908        5.1830321548014986        2.5071925393768808     
 -0.49682568582022196      -0.35541862927894086        1.1026791669200768     
  -3.2667562257286598       -4.0566604196817808       -3.2270730972463300     
  -1.7781617880911464       -3.9017583772922793       -3.2314870222587562E-002
 -0.62195062019300384       -3.7968095179126040        4.4231472988317329     
 -0.96618923854224337        3.5664319107084181       -2.9067942673850107     
  -3.2327332082786486       0.40357698251831348        4.2015178876111561     
   4.7291282169423647       -5.2625963736436381        2.7455575203109381     
  -4.4024582730709181      -0.43650715290394976       -5.4576591642287742     
   2.7991540557795336       -1.2941776651431851       -4.5117921982521452     
   3.1924363395653739       -3.4834235533808262       -3.6021684601210229     
 -0.56368371884894153       -1.7305820449045475       -2.3895582567385580     
   4.5892594629323753        5.0800021364655139       -1.5449681868254872     
   1.9073248146433130       0.69288186417997133       -3.2225807659552537     
   2.5362652410354198       -4.2293362142472555       -5.4854924721423979     
   3.9694356362339769       -2.0678494848494307        4.9826953931614870     
  0.68199618949155871       -2.2306589997281745       0.45363518886517273     
   1.4264219072806665       -3.2112312001029388       -4.0568404955368180     
  -2.7358494797640982       -2.5889581811685489        2.7504058656445718     
   1.6252744694630223       0.22966818473660153        5.4062974767317780     
  0.86738146613415890       -5.0939577603530717      -0.10540440273408565     
   4.1254992435115563       -2.6389964200206735      -0.94095720052651688     
   6.6639756482915660E-002  0.90795665871212017       -2.8089989508834026     
   5.5385713559135512        4.9591474642892734        3.6151134311854611     
  -1.8264664927343699        4.3724449292487879        3.4169190162458363     
  -1.1699188604726458        3.3870717912163228        1.6400484125747623     
  -3.2413789227718435        1.5131718988468275       -5.0398458999872799     
   1.3577089808461245      -0.83633052480382741       -4.6190807388362867     
   1.3651552127621274        5.1702024724494322       -2.1861216353609980     
 -0.51949058416954652        1.5800350344920560       -1.2235149107745100     
   5.2652451931114461       -4.0802515144433036        1.3741272122865231     
  -1.4460001034827492      -0.15715257189589010        3.5399250426701214     
 -0.47442285780669047       -5.1732737799737114       0.20775791029327945     
  0.11141059010455988      -0.89004973414828314      -0.31493232912631863     
  -1.3978098555397904        4.8255674944438276       0.56398465493344030     
   4.9152735927356179      -0.56532693448934612        3.2596357528898681     
   3.5306057836426583        1.0416060587273901       0.97143242810322949     
   3.1320815081108595        4.7227058104321822      -0.68947519341713503     
   2.0863727579131872       -5.2582640703389609        3.7863883955766200     
  -3.2896824404487464       -5.0390530534990239       0.18986796968059139     
  -5.2120648976466954       0.30821767152764468       -5.5276501174980233     
   1.0368444024926713       -5.5020141732295604       -2.3526463227871304     
   4.6569192179999295      -0.49542789233434703        4.5877782271725351     
  -4.4975624689620775       -3.6932318109409992        4.4388075831441549     
   2.4217441005670817        1.9018982430177824        1.6758234032034940     
 -0.42573631314661980       -4.4174265684292715        2.0157279638188283     
  -4.1764641542139520        5.1557683233346427        2.5987186045866566     
  -4.5535825945293933       -3.8808872073518201       -3.5662144614086468     
   1.1734991099671761       -4.9435446786047574        5.4293960031051576     
   3.8505537613519643        4.8834772176956962        1.7460661734685405     
   4.8292509028262778       -2.8683959627661997        4.6860901218353606     
   1.5701890854204532      -0.63504382160847861        3.0652086113028858     
   5.3144830475580536        2.5319039990443186       0.99046649211147231     
  0.69154211833369938       0.73260434141674979       -4.6601105690818825     
   2.5590212640881567        1.7717986823226521        3.3306894324404754     
  0.52860843366609822       -4.1289576444292377       0.70774647878386643     
  -4.4727448877582052      -0.40064162837736567        3.4218407227485197     
   1.3423629498395846        1.1903412476065545        4.9009369759610566     
   3.7317802308098051        4.0258917590927048       -4.7940489776365922     
  -4.6057600498610531       -4.0602414742193220        5.5528709583978406     
  -1.7554796656740359       -3.6483278001194615        1.1004916882375841     
  -5.2141396083646061        4.7834674746463213      -0.47255279799225713     
  -1.3362213084210042       -2.4837536825284841        4.4724610352906415     
  -3.4444276975702457        4.6154454633548410        1.5806318941268591     
  -1.3760642019919258       -3.1018731544796316       -4.0145045167110336     
  -3.8763847385083663        2.9061690045771389       -1.4773881930186918     
  0.24923345689033302       -2.5407147300995452        4.0154583359412266     
   2.4460467404085531        2.5154195731020179       -4.7570917371703585     
   3.1070991205708044E-002  0.24602681459535106        5.3458639758656021     
 -0.51749586495339595        2.3878128420316393        2.1620204384080082     
  -1.6913474148098506       0.57447675257891750       -4.1178721380983401     
  -2.9543119003795071       -4.1231724197327475        4.6994246663994428     
   4.4321644653443943       -2.8365017919203499        1.1213816479684593     
   2.7131891004470328        3.4257942326078923       -3.3406584835528728     
   2.0191252299723685        2.6051642765866645        5.1485742058577308     
   4.2703157398067608        4.1519004083978794       -1.8161361386313459     
   4.5530787368805195       -1.9302294522339249       -3.4518229979596486     
  -3.0620862251012757       -3.7820012483567971       0.88259195689470149     
  -4.1901487193893940       0.73742131905220853       -9.6953184294342451E-002
  -2.8025923474399481        2.1260146773726909       -2.4618466307956415     
  0.30172739571186580       -1.1591641325450091        4.1139307608354230     
  -5.0956499081917466       -4.9839081272173731        3.7921921361726101     
   1.6822323398095129       0.44993600051203902       -5.4893245202411949     
   3.0268349359800970       -2.0645249370207868        1.3868761406970052     
  -5.0476331855127938       -4.8250074363738831       -1.5721126665173151     
   3.7777641520321037       -1.2179208001516992       -3.5287510556222119     
  -1.0538678877751675      -0.23479467177025845       -4.1410061883369194     
  -4.1698546760486339        2.8303655318896683      -0.18413852337545863     
   2.4254485952368445        3.7128302923524332        1.1020224764815973     
   1.6578102025460915       -1.5293201729606893        4.5806049065659646     
   1.9648166384390671       -2.8357268490843488      -0.30539932093269967     
 -0.13516122138771830       -2.8207672815954177       0.60672125354853101     
  0.71369175836733934       -4.5445457993505665        4.1428151974623431     
   3.4132652107829919        4.8174800965413489        4.5804959764797042     
  -2.9837537345507923       -2.3932443228438789       0.65510214955398405     
  -4.9028143065672438       -1.6873696947458809       -5.5500967031094364     
  -4.9078176213517208       -1.0405693222658512       -1.3484100982785587     
  -5.0838123716375803        1.1899405972931820        5.4633876486574291     
  -2.5902339062860662       -4.8769154750442629      -0.82781704582804350     
  -3.7363876949196815       -2.8174552789730267        4.8109591916816781     
  -4.0192621849498105        5.5373129645589820        3.8399693545645452     
  -4.5007569368340787       -5.2571850841996586       -3.3876945837585675     
  -4.9010636492718849        2.5777324776625425        1.4644768312662220     
  -2.4001484318549218      -0.56307956808448456       0.36762482944916391     
  0.99804047659516004        3.0316567232285987      -0.88099559551568252     
   5.5326765095938377       -1.2244408559207771       -9.1866527580145102E-002
 -0.21640504175192188       -5.5431429711550413        2.0689735170502148     
   4.7433008945164250        1.5991294841179828       -4.9013374762941293     
   1.7578782823883421        5.0035828832815961        1.3746718721649789     
