  -1.5002873385044864        1440.6571273050004     
 -0.48104188731443231       -1407.9040131370646     
 -0.23419550880282436        1375.5161814429664     
  0.28962422093067453       -259.18053558219486     
   1.1294193128765098       -813.85730528913120     
  -1.3951581539107425       -489.38802384022227     
  -3.2925302973958859        244.69363401105966     
   2.7738058485280703        671.64130972852138     
  -1.0754917894646718       -1008.6745107394405     
  -1.8558470287291904        218.52803410641968     
  -1.1322215213848799        652.97176116063338     
 -0.14924584160864210        1098.1457635514062     
 -0.22104547105213856       -242.25749882443151     
   1.4563669715690482       -1044.0953964151192     
  -1.2622545742743903        1293.7119443946449     
   1.6198199703962224        569.82310444602911     
   1.7125976461143766       -303.95191548983087     
   2.4037351880135347        983.15363161275866     
  -1.5535766907275854       -1256.2440542982110     
   1.3596591706294734       -398.04650470707332     
  -1.5402592162911677       -1498.2241476622903     
  -2.0671510807864557       -1189.0404425537797     
   1.3049474168898627       -1471.8751085808985     
 -0.56133709391281583       -935.03425980236966     
  -3.0700120228629082       -1360.4974441400032     
   2.7685753197154441        132.27064450268344     
   1.4263191372254276        108.05874016116994     
  -3.0332038741303946        698.77760148808795     
   2.7157480142790655       -710.77889474653944     
 -0.89614105043629522        1403.5464804088122     
  -2.0324457590876834        1130.9684917706154     
   3.0426990798831124        1455.7026435746825     
  -1.1003540743994304       -962.89992380969261     
   3.6586556550416094        1268.4360288847540     
   1.1232728861015751        756.75016761731467     
  -2.2285860274489724       -2.1468488499269953     
   4.0294368959461231        915.65333008481014     
 -0.22950867022341712        1524.2235050232543     
   2.5271718593591235       -14.706952649036877     
   1.0294425229094255       -774.68976977735645     
   2.5089522172922862        1307.3035986099248     
   1.8093874969493919        1417.2097581890989     
  -1.5443325094523535        1540.0028761024375     
   2.1446213948217565       -522.64830221306681     
  -3.3808579664824823       -1376.1970310460169     
   8.1642629494512644E-003  -181.13779277445298     
 -0.55585851407016074        23.486405254637262     
  -1.0472693486680043       -148.75263211264871     
  -3.3195548228892067       -830.80060302090101     
   1.0826031103493383       -692.86517279979057     
 -0.64792818934805985       -977.85636682553331     
  -3.9103927541992012        1280.8222932602109     
  -1.4217427297880687       -857.90633928677858     
   1.4638304117861063        1552.6271401875256     
   3.0106335876944592        37.947482377464453     
  -2.7215338746734856        1360.4856639740556     
   1.5235429840309798        182.74405640720553     
   1.1200633466555538       -164.94349823803515     
  0.11518967068190807        953.57362448660990     
  0.91700631667197352        255.65527292244369     
  -2.0084628536056992        1335.6309044167738     
 -0.57986155914134307        309.39480014854428     
   1.9657268376344454       -1545.4403765947386     
   2.2451938017727482       -1439.3650175568537     
   2.1349060333237571        233.81250998852943     
   3.5578828995002350        449.54813762150820     
   2.2321503666851741        1495.3680106275151     
   1.2980937348975978       -1084.9435010834368     
  0.50580271734800730       -1117.0966287982378     
   3.0348030806592372       -364.22960395185430     
   3.4512649021057715        510.35084150904811     
  0.74731413826572413       -413.44748917622940     
   1.9187707764565978        1113.3040421796009     
 -0.25226048445980659       -44.008460751395923     
  -1.4072905942886196        148.34788480652134     
 -0.16652287289693535        324.25575606758684     
 -0.92583668239194727       -213.04307380587048     
 -0.92994893613210294       -1160.4195279468720     
   1.9865049310839449        52.355786237527767     
  -1.7619295871270049        1054.6900780022670     
 -0.12999232955546558       -353.29537041409071     
 -0.98546057690847311        1031.8726572598985     
  -2.3326487170377406        119.02357343500802     
  0.10387161966289331       -507.81119567072773     
 -0.66932529087971260       -338.48704400092038     
 -0.52038157713783562        1348.6022506457343     
   3.1396815404975261E-003  -1315.1789486614157     
  0.36346114667144674        418.91062050961165     
  -2.6737743902878508       -1515.7854220939537     
   1.0743850683165068       -727.00659493010062     
  -1.7794872746738564        739.27862150351586     
  0.23531046919102683       -902.03385739826001     
  -4.0142035103997173        393.62084206519876     
   1.9768215008653708E-002  -1394.8790853437972     
 -0.65325586711790162       -1100.2660319078300     
  0.95719788821611740        836.44096022937981     
   1.9677376662561019       -445.02670908295818     
   1.9974694114021176        206.65975559495953     
  -6.4140094784857937E-002   998.03463728668203     
  -2.0224501608606746       -290.05867742196745     
  0.23000491008139723       -873.87606114662697     
  0.31524300140054989       -1297.1667692635731     
  0.69204398777709708       -103.98293685117964     
  -1.8515005530009232        1466.7606537424845     
  0.89375795459171825       -475.20654464697628     
 -0.99508410936469527       -1343.9962425488068     
  -2.2576950260828283       -458.05413102428201     
  -4.2198029423396299        1011.7860966193863     
  0.89691929597978926        969.20237492454453     
  -1.5933804757458503        712.40278214057457     
   1.0171275063641165        639.45131145148719     
  -1.5048890098693657       -132.84288321065796     
   2.9052254228311551        159.23424478993766     
  -2.0158331054877694       -90.703833390364807     
 -0.38423483030288125        482.34147843210934     
  0.13400684864778342        848.88326139560706     
   2.6206846495446734       -1143.7423544520077     
  -1.8767312914157606        1219.9816981871422     
 -0.98497994921180076       -786.03904225816564     
  -2.5055340226530713        1427.2258286217880     
   1.2726753549659322       -556.89780759488599     
  0.61668529994864907        885.55641932504398     
   1.4081367325627734        9.6278566288195915     
   1.3696384746605101       -671.00792705911397     
 -0.15745417740492618        67.040033387130791     
 -0.42193987758780221        497.71501737372927     
  -1.3393830248209070E-003  -641.37406604101477     
  -1.8442204898347749        772.32010014772823     
   1.1370386380941224        624.75772222586590     
  0.75165076453759083        369.17391384167155     
  0.69837153708173494        172.06888485819724     
 -0.83880751512528384       -277.15904986131846     
   1.2921195879308089        355.36829444370147     
   1.1698322251889692        866.15837131398200     
 -0.65077743950431699       -1132.1167404729890     
  -3.2016513432908962       -887.51876751482405     
   1.4256027298816796        1244.0226050753720     
  -2.8731038892417362        296.68996363610916     
   2.0641768251804899        539.46880346651983     
  -1.0056627856568352        1232.7457994504939     
  -2.6954974405943601        1255.9344508617446     
 -0.63524592546953895       -380.78411602753795     
  -1.3885661694964329        1180.0855688439867     
   3.0128716336715753        1566.6809068958951     
   3.5958385303163380        1019.2138870988002     
 -0.52046990433156159       -198.38444986668486     
  -3.3449461278236399        584.53631254814218     
   2.3139733305534484       -1331.3200059056824     
   3.1955684535420312       -656.41289058541349     
   3.0256021959441965       -121.40259694935007     
   1.2955794734159083        1168.4824726788977     
 -0.67384347066069039        94.872769174238016     
 -0.83960030687982634        1191.1615664617054     
   1.5882509967457337       -1284.0968365174192     
  -3.5378507912802855       -1453.3320164802949     
 -0.38428644628637021       -1024.4548924052219     
  0.56092430782181879       -611.28041397479979     
   2.1520651576789582        522.71183379240483     
  -1.9501148735132396        269.19332118029354     
   1.3616895724447851       -1204.2163602713381     
 -0.86095608054949069       -58.941335948603964     
   1.8912558991262152        806.93308830940896     
 -0.37242939431424832        610.34791716730115     
 -0.18973131609873931        1389.1894410855325     
   2.8788598975022586        80.271536169660649     
  -5.2043601458178455E-002  -845.01013464283869     
   1.4302016686447134        405.91121238556485     
   1.9220084547477452       -587.40785864970098     
   2.9247656147088064E-002  -30.734091479088498     
   1.0560434890948669       -1239.9523248540891     
   4.5110178848500766        686.37870458670011     
   1.2148418696858145        1155.5692438746203     
  -1.8939609694881032       -1482.0885759615599     
 -0.32207634396827789        1509.9728996340029     
  0.13781256929723246       -1422.8953124306584     
 -0.16421128073163377        282.46456479780005     
 -0.10268529991576862       -537.99836235546832     
  0.29021952907847043       -948.12415098873328     
 -0.93186101169928881       -319.27232690015239     
   1.5516012223317455        941.55641344057699     
  0.87567829528027374        382.40769231352522     
 -0.64169231177252439       -431.04447570486479     
  -4.3256727207367742       -802.61545903395722     
  -1.8306070251804687        1067.7830675229138     
   1.1576171215052264E-002   1208.6941453236384     
 -0.37440361927752680       -742.76784494454637     
 -0.52945059111627535        1142.5310047289356     
  0.39035166517702041       -1560.7878096011152     
   1.2531307602952386       -73.360658978029733     
   2.5979778280347667        1322.2961531399210     
 -0.82788922229690898        552.30696494939912     
  -1.4494542964246546        1042.6532828865054     
  -1.5052737061181483        463.62133143134741     
   1.9720075763647114        336.52281989690584     
   1.8793707308356318        788.60441990879053     
  -1.2784082584286293E-002   726.25682450921022     
 -0.98917709302709245       -1222.0072843942748     
  0.41893319150755159       -226.60452894366838     
   1.8159067569296112        929.17176044731616     
   2.8586646758987162       -919.75993090673160     
  -1.3442908286937574       -1528.1561898878278     
 -0.43241818745948585       -625.85157236084444     
  -3.1684585895149091        194.10589363064477     
  -1.3458695671442400        901.46839077323011     
 -0.78315100345832211        1084.7023173730743     
   2.3110616328744737        598.48521339377726     
 -0.24438282284442586       -571.96940511651485     
  0.63855394585803693       -757.03756392733749     
   1.6008634768515979       -1070.5696899350710     
   9.9089737076558729E-002   433.78945142688480     
  -1.0741789488286670        821.48735523684161     
  -2.3701581615400618       -1175.7338704501672     
   1.3369960117137414        1480.4613695899923     
 -0.96201258890113261       -997.49920569654523     
  -2.4499681792724290       -1270.4142186001748     
  -28.739029039144064       -750.13114510410412     
