   26.555248545195649        19.842217356325911     
  -23.933369840727455        98.099869140682188     
   13.289317530603954       -1043.0057143312033     
   6.4302552523009728       -1047.4525221625670     
   33.610746005029561        1191.9772081037320     
  -17.230642204077032        326.41821868657706     
   16.254467563204059        484.77633725797114     
  0.74362770868012462       -521.93889938148959     
   12.479617140946859        773.32768011579867     
  -21.582450549494862        733.26760920725860     
   2.6600888516592560        758.35381596178740     
   4.6695889457317241        48.712264923174594     
  -11.690482033969445        795.29433448798454     
  -17.175599987622547        170.01316958691291     
  -15.911778432305322        792.40833474410852     
   1.2764689312350486        627.84740548473076     
   9.4940521348617857       -369.74747820789935     
  -8.7875060627869068       -1095.3741231491074     
   11.168350941947882        622.77501225755100     
   33.801221945108743       -928.76010364570425     
   11.397865635318638        1156.0124089085157     
  -4.3988782917794076        360.16603855246063     
  -2.6282868468696341       -577.01857015797589     
   28.758694916939110        1044.1712995290716     
  -27.105018141893861       -409.39020246709720     
  -11.191630748303039        241.82728005298691     
   28.140618534256816       -160.95360145365777     
  -15.117211307763005        530.00125597150566     
 -0.65051080208424650       -985.78217640547575     
  -34.251818288132668       -1104.4221153372905     
   31.720622778024396        763.35762021134656     
  -19.137429737560637       -89.778284477931081     
  -29.467465363823539        934.69435881080244     
  -25.242109754014319       -263.85822889870263     
   14.726461733932648        509.41092176314157     
   15.258698249248141       -1150.8007029833136     
  -29.349455001317612       -1183.6497857284278     
  -25.210411903613895       -9.0706634422444861     
   7.6683597867619291       -167.33681813795025     
   33.622231618134293        666.49831693944066     
   18.026669426970429       -1016.7123204850775     
  -32.550741661870497        916.56224077725392     
   11.930606551280272       -614.24637144083886     
   20.803278340316066       -1188.0800986397210     
  -16.262733092724137       -883.12314288130017     
  -23.388808193222850       -1091.7010202207252     
   13.924489608413342        1193.9364544682498     
  -17.860549811369829       -1051.0579699614898     
   22.387226266135503       -1208.3309818206926     
  -19.467813501770109        414.08070890505462     
   28.425506765364183       -578.39084833173661     
   17.054263350598504        276.61848391735242     
   21.495388171922254        144.83618654508862     
  -25.455495746625747        337.07785558556816     
  -21.317079807097613       -1167.2763485768348     
  -29.465519649119933       -828.51578601827134     
   26.606138294901520        411.54304816276715     
  -21.853881151232283        41.462109642126748     
  -1.4756497350721853       -236.49312114481003     
  -26.667803889072292        345.71223758936304     
  -1.6334698291055272       -393.58448352722041     
 -0.51366152883879468       -1060.7665085026676     
  -1.3492394058489710        842.26091315593101     
  -22.671138465901805        858.20912916824318     
   23.119681943890981        111.63735829313029     
  -28.910760976825134       -106.38846894067419     
  -27.938111261500964        1156.6584538945774     
  -2.7789484272898148        568.49991591010428     
   23.609948488368453       -946.17231051913802     
   15.801285847556004       -938.34967902383266     
  -21.052995560674511       -1114.3422056092213     
  -20.323078484915623       -206.11151032663193     
  -21.020243204413028       -1071.7374635093006     
   9.3228422153172446        393.90684199471838     
  -8.2657085941341748        405.61944086208376     
  -5.5392503232522365       -946.63895701654906     
   21.244771099447178       -112.44629797217885     
  -34.587239848771297        325.81022243002548     
  -7.4463323863443360       -78.708751474114763     
  -5.6268248114534298        983.03983779086889     
  -29.708027798926786       -980.19052046127376     
   29.609421805182361        467.48900516309334     
  -27.082896971059331       -1023.1747452967670     
  -23.058195879267497        629.96957148968784     
   16.420637612517254        517.18310575722114     
   1.1722508430820633       -620.96649527746274     
   31.528256040460214        696.73865955032727     
   2.1183578735577404        1030.6518484135520     
   25.176634886612536        750.68578937277459     
  -23.837946242416969       -349.66258607536815     
  -12.465672083316781        729.76582909341994     
  -17.567484441931740       -44.632322090225294     
   12.396201854742731        314.31704370752726     
   30.384834096219659       -13.091996664809649     
   24.198719572184807        327.67176728630159     
   31.288406090430474        275.80276109734626     
   31.719259432165508        1073.8254341198574     
  -14.407054504051633       -292.14491112905779     
  -18.429801498253191       -753.45889919237550     
  -28.648563119231479        18.201223332607640     
  -28.152182625029589        637.07414914751405     
   8.1016918682261458       -227.74889960811748     
   20.451994732628624       -188.34370226963128     
   33.047487154582072       -638.81158640532942     
   2.3156007069629805       -494.77705972138159     
  -15.645829722234550       -363.59531331954690     
  -34.331578584877505        195.57649478756622     
  -3.0663576666577788        1156.7342177111768     
   27.523553692196131        74.078424818421610     
  -21.462718729508570        896.11445449797736     
   4.0908208350302502        268.36790515595288     
   32.652162387623690       -237.91721849614038     
  -18.907623747739127       -360.69846202961116     
  -15.167410029632199        553.37755159908897     
   28.820401957603341        698.66173056626678     
   12.037207125540380        958.39876341393244     
  -24.135113783812592       -617.26456905225871     
   32.748933681106209        130.89549467376162     
   33.008767537620315        156.17254829594137     
   19.043522295717924        751.07573490406162     
   5.5682535533382547        222.64930049446423     
   23.539065394019360       -144.04674035535740     
  -20.705326529775849        304.57993179796978     
   6.8996405701301207        502.70236457137440     
   25.981001530838910       -19.483232425341782     
  -18.484035046827252       -1195.6254174093813     
  -17.928602301416031        728.08731750183949     
   9.5297681685632156       -382.79299939127264     
  -25.377239168181106        184.98407888878526     
   11.627091401464737       -152.18985765989322     
  -26.736257967863704       -2.0900431923383223     
  -13.159305647928045        609.24242383482760     
   32.246691527662307        573.67470518762900     
  -32.573518628906619        1080.0966941133461     
   21.769133946580062       -1101.3756651753049     
   27.485090577719394        2.5136572838659612     
   30.554797065370586        35.095588080501066     
  -10.718184151627494       -772.51270917483430     
  -10.434245963002695       -994.76066747449556     
   13.952752273060879        273.62706549390674     
  -20.670893047297234        630.35929151278822     
  -28.825191891762532       -388.50951034186079     
  -2.0628566018884111       -410.62145385581618     
  -24.351346351665700        1183.6434469752114     
  -1.7157763569619033       -818.50469036437710     
   29.126507276013342       -317.39468858836716     
  -6.7946762690347473        1149.0200597842390     
  -12.204721886017730        707.56026623882758     
  -1.9518211678279762       -275.45344740792478     
   32.599304139530233       -137.85911810547040     
  -2.1992543510698690        86.955786286372685     
  0.41675587699469663       -712.18102624937603     
   2.2372138666680188       -580.64645197782477     
   7.9649230218437141        1162.7386698298144     
   4.3283994237560943        155.17863926206923     
  -31.569983790026249        1089.3735752028231     
  -14.374464768285639       -1022.2115767064968     
  -10.175776586433795        1146.6430992513285     
  -17.474707672078278        1085.4795758298962     
   34.084625427653428        312.24170850081373     
   9.2004809022117247        953.35280382088558     
   11.717390689083185        57.770107280250350     
  -12.444389271523750        426.97613101939982     
  -22.945632186969654        232.22337509577139     
   7.3058165115956104       -1041.5407642031746     
   28.298378919201546       -1125.7003949908826     
  -19.363436541851378        846.22512922173485     
  -15.513005197736137        160.66220987910637     
   21.084519322639704       -499.55017688835562     
  -6.4475374327035002       -798.06405772717085     
  -28.619056210588234       -236.41401701350671     
  -30.338453567153717        772.87549847271464     
   9.6105736129420869       -1205.8014577074796     
  -14.655482258002813        259.82420878923784     
  -25.818938096801240        320.97708706689900     
  -12.515111446304592        8.8232042557953303     
  -13.634652415307473        278.15064345468875     
  -24.862349191959858       -1095.9847012869827     
   16.661803668306092        505.24818528894849     
   19.478777959556474        954.86601457437939     
   10.894844777821184       -886.49490317787229     
  -5.3163197788363981E-002  -108.87047947099003     
   23.838831644664062        38.701146003734664     
  -3.1790446103072290       -405.37638533358199     
   4.8766832247816572       -846.67578677133508     
   23.119590130219624       -862.59846907660528     
  -24.714323655418227        396.97758317282552     
   29.810255053031661       -480.44684888439571     
   2.8607366386745268       -889.90441995872072     
  -25.532768532234488       -752.08032989138803     
   28.533942070318414       -77.545391050202852     
  -18.789722226118243       -834.96558823046439     
  -28.438375593373777       -628.91132579809459     
   22.951117136172044        778.37852457481813     
   34.755603125402835        1147.6485674876719     
  -2.1005947792507240       -1085.6028019483481     
  -2.7062777059872847        445.56991450634968     
  -20.298667801459324       -602.04597961527065     
  -14.189338581413752       -697.27482170280473     
  -31.051600157034901        717.26597183265642     
  -6.1867370172720140       -1019.2433159911448     
  -3.2490211077799569       -308.47779838736818     
  -10.355333804864120       -164.10936008891449     
   34.648624514259559        1053.4287849459768     
  -29.833865439363397        792.51766659683881     
   21.659910461548019        1111.2848803138720     
   27.898351352230481       -845.59416138351355     
  -25.028675648735597       -102.31357900784526     
   13.508283976637356       -747.62312200166423     
  -33.446601580002110        718.86284877300989     
   3.6215091906193200       -1141.8247697057361     
  -27.021537393475960        734.32117336905731     
   11.308020681812454       -679.03036483613960     
  -6.5251176277752245        1042.0457909864281     
  -19.333474683829216        475.78123183362572     
   22.346110523324647       -558.90201102205822       
