  -7.7119159977038212       0.43452777169975049      -0.33089343195026694     
   2.3124445512575744       -4.4935827169019946        5.6097891738550478     
  -8.3215003408928130       0.12416599158930400       0.78142715379182204     
   7.1752448203574746       0.11247422922058996        5.2342542585100240     
  -9.1976832535503021        2.9214840115897496        9.1751462493983276     
  -3.5697854407386780       -2.7137510795234960        7.1867564252041616     
   8.2602663879162233       -8.3503080400173193       -7.1701861365959072     
  -8.6371412921122079        3.7962345221210669       0.63947993866492148     
  -5.6702491934923227       -4.1576153126816520        8.4137621356964871     
   5.2362150831763419        4.8268360899594569       -8.3681734108793044     
   4.8815657862223807        5.3311099959350550      -0.32090164506120433     
   3.4115176634079334       0.13266798448951070       -1.3527350047372837     
  0.59356709956801323       -5.0676364306448392       0.49780596047657144     
   8.1792215418576344       -1.2694005176459278       -1.2398896533616977     
   6.0609831427883867        9.3388536100447315       -9.3812762583211722     
  -6.3282123146892308       -6.6841982386816774        8.5457632324559558     
  -8.5168244763001546       -8.6441223655192978        4.3405698713280412     
  -6.0278912734512646        8.7828326067790634      -0.88212708762793701     
  -9.3914422614809805        4.3597699213988275        2.1702962896098072     
   3.0039475730479217       -8.0285238670130745        7.6081613105639523     
   3.4371207736056748       -5.6460783277906286        6.3217361820560312     
  -4.5690673366282395       -2.6781569810419934        5.9830171204043561     
  -3.9601152812591938        7.6908891812041471       -1.8868129638682516     
   7.1659845674520390       -2.2208835667665299        8.0100608848820158     
   9.1873102018419637        8.1690552171636348        8.3858675787389245     
  0.25724553226733138       -3.1090539644051360        3.4836297049373144     
  -6.5567532650449243       -7.5786597286679491       -1.2241835258436256     
   7.0272363131668980        5.8508885733398612       -6.9921123271199832     
   9.9693774243404198E-002  -2.8697152115399307       -7.8480580015804513     
  -1.3403184248472129        3.5602084839658339        8.1383650142996817     
   2.8962886498358391       -7.2908987537321641       -4.8457898823374492     
  -6.2929943608854630        6.4802145186086175        1.6566849880714378     
  -2.5973690582354383        8.9310477774447605        6.6320624487895801     
   7.7057517355405558       -1.9747059284971749       -6.3008017827506100     
  -2.8635761881475430       -7.6775251148093870        8.6042301367287948     
  -1.9040159837601556       0.87974383905331666        9.2378999878918151     
   3.4101608869563846       -1.5035888895229303       -8.2666196275865609     
   4.1683978008383553        2.7057141585159825       -2.3012474176253188     
   2.8533925538541909        4.0247608417519762        3.3418849803854722     
   7.3224217139382741       -7.4268813063745052       -1.4453398188569706     
  -3.1241197868191706      -0.81207112084247846        3.5257356793698298     
  -5.4236996135073676       -7.7227582994141928        3.4609398056006913     
  -1.2263672393723835       -8.0137931930572393       -1.8635550923746669     
 -0.67895197483394665        5.2052038585515419       -7.5951769083886216     
   7.4418736724221723        2.7994126244926347       -4.8630546931218639     
  -4.9865943023078367        3.8656726371308823       -2.4367159091176491     
  -4.2524480632545014       -8.6500643516371820        5.8121354820220219     
  -7.2430975815355820        2.0033259067443283        7.6970171073434965     
  -6.5156030758468004       -1.0812778613115781       -9.1075201506371855     
   1.0436294182317558       0.15383453790775570       0.96811723541014116     
  -2.6916229179009528        6.0721233818961737       -2.6213505722385038     
   3.8363760813955952       -6.1677180991683898       -8.6301569380042498     
   8.3353036263674447        1.2071366899674019       -6.5443073011517008     
  -7.6950413546999501        3.0391672308823439       -6.1977151686300447     
   7.2155382941586881      -0.98287730686437069        1.8798337905604996     
  -3.9858213418454120        1.6572620130423528       -5.6403401764720210E-002
   8.4828582731553830       -1.7161063244840127       -9.0249611265686003     
   3.2892042341637340       -6.8651334809314974        3.2241328030278171     
   2.3709905591512319        4.8913596303358009        6.7731574203693610     
   2.8903149369303862       -7.6961788026253162       -6.1593937279401825     
   3.9897669260961015       -3.5035425652511147       -2.4420643095671868     
 -0.76243458112347284        4.4222594512954556        4.4247921129248828     
   6.4336319699778235        8.3460482324042964        1.0541153912385728     
  -6.0443094766940959        7.5447651921138732       0.52118003271175506     
  -2.1321882737601872       -7.2866809017816845        2.1474739597707777     
  -4.9427341186286862       0.98661629848447596       -2.9083271107271065     
   6.6931823341208254        7.0236226054106901        6.9824012240189672     
  -6.1341282479283210        6.4710818208871981       0.18070810083152367     
   1.6285338008971724       -1.4181590918276521        5.4020414186104864     
  0.92430141234830421       -7.9670111104375261        7.7194192716366548     
  -1.5324966797709687        5.2456757812300312        4.7713277639430292     
  -1.8458317355981166        9.4791194848180211       -1.3958386973657937     
   8.6975652049335750        5.0772869610358828      -0.99023937695335551     
   2.9077782172526923        1.1577914345891531       -2.2561698049825170     
  -2.5885033891739360        1.7563247088474279        2.3304814124244126     
  -8.2835599503318971        3.2541589809683895        5.7699512863111941     
   3.2912769907261246       -9.3349774641447105        8.3524046857152623     
   3.3588871726532270        6.8438988107497947       -1.5272300060228918     
   5.2960288018520671       -5.0593386107638922       -1.0068426309195997     
  -2.2662836946211713        6.6944189911971881       -7.5213326905102731     
  -1.5987178693874216       -5.2593332482652437        1.5812684893172781     
  -2.3549850965183352        4.4144677007980375       -1.2724829127983974     
   6.0611654540375828E-002   1.6230174123693739        8.1115095756348019     
   2.0574186364091287        7.6339127591496005       -4.0787370204861073     
  -6.9538427790344768       -3.1299149933763504       -1.6387435194938931     
  -3.3828051538752657        1.2865684309988754       -8.7909024159113436     
   3.0703322816537137        5.9891851229289692        8.8801254842090269E-002
   4.3691725444640230       -7.4616060856198283       -4.8532723899742116     
   3.1988013804363233      -0.91586826707071634        9.3144660000753738     
   8.6492428099517618       0.14799834560727335       -2.2468364046903520     
   9.1324833973803941       0.76977381948291312        1.1482972274933383     
  -2.5757482503940183       -5.7025457083976381       -7.8661615778368450     
   4.7611915745317246        8.5647931011365390        2.9625020187793183     
   4.6681931394670571        7.8810122097404767        1.0744669518395913     
   2.7952066081892926       -4.3957412818652184       -1.3668267881026364     
  -8.8416707466852831       -1.5125767294776511        7.8091986245685154     
   2.3227605486504754        7.5153089662504220        4.1159733282573274     
  -5.4314476461256591        3.6503063806907137       0.38320701552325320     
 -0.14374141725527406       -4.0091173375636497       -2.7756989720429708     
   8.4949266313185490       0.46130048708292559        9.1666615696777161     
   6.6458948737576335        9.1955687731906757       -8.1850638175934183     
  0.57030434691025356        1.2575024924987357       -2.7011718522641028     
   3.2589249021472657       0.67881211381415041       -3.1346601098803801     
   1.9754494798997817        2.5052906631665683        6.9857534025004249     
  -5.3668079385396350       -7.5452681141710212        8.6166464243678380     
  0.72828313229721120        5.7084991220433823        6.6840272208480034     
  -4.2607526092447312       -3.5757637848400252       -4.2420774985972463     
  -4.9738236241606488       -2.2191063611353545       -3.0285442181663864     
   9.1410401057480506       -1.2405673752809141        8.7306666428160629     
  -4.3145063912410553       -7.2746771436571533        8.4083713769662616     
  -8.3428381899804887        3.4947480027463063        1.9298177599855248     
  -3.9250526258281675        8.5309431712929076       -1.1104370721838202     
  -2.2194330397597937       -1.3662742419289646       -6.5182359165296271     
   3.4509882328309534        4.7786500295556795       -9.1880704842488878     
  -1.8248247237669148        8.2211817134594813        4.5206632322929670     
  -3.2698756425311162      -0.62537514865526167        1.9274396000791358     
  -5.7016287327906019       -3.4899055603829545        4.8091256987758424     
   6.6166148918022545       -1.5151806033514710E-002  -1.1369219276224782     
   3.8817398040472342       -1.6876918235747167       -9.4981052972012385     
  -1.3920784314741033       -3.8140866031861571        3.2775103703338702     
   6.2394695749777771       -8.1389197135228848       -8.0074218574110656     
   3.5037426037385346       -2.8429141780159539       -3.2676331810803982     
   1.7658247123603943        9.3495656871742714       -9.1471839336485150     
  0.89345414913393273        6.2154068245392171      -0.33001261381402830     
   5.9843632008119636        8.3199099530886631       -8.7192404276829585     
  -9.3075099224686610        3.8897282807914046      -0.60743125194089365     
  -8.8150252679161500       -9.0324195484017942        6.6607276243214715     
  -6.4738959206571511       -7.6551407697374403        2.9777664227635841     
  -6.4979434025450535        1.4916913189755532       -4.5618391742036035     
   5.6094120061004054        6.2066825723740502        7.4197362929761619     
  -5.9005395984280504       -7.7680681020490070       -9.3981779935557483     
   2.2540545657350997       -8.1963323190132904      -0.74247369300077837     
   8.0067586111392277        3.0818308400478434        5.1697428712125806     
   7.9557972015168570        8.9347919391946089        3.9998082079215265     
   3.2304759582826525        6.2495541444646721        8.3635171214224435     
   6.1862193769475473       -6.4431745783428935      -0.40899728670106195     
   4.2434960112293290        3.2573136697111580        8.3075020313590962     
  -1.4018243418252982        5.0245198663093191       -2.9224499740281953     
 -0.96183878596194972      -0.44402939051671902       -8.4413937162723300     
   2.1728363681423577        8.5030820654533521       -6.3458600799819381E-002
   1.3815410180332011       -6.4832007260656415        1.5295586372300167     
  -7.7703644314394618        1.4873571552332052       -3.6725298812699951     
   8.9410854028983540        1.8840560291768380        6.5502610614328232     
  -3.2463664873780425       -2.2329035423007597        9.3539663856848101     
 -0.35848462946703374        7.6652852161667813       -9.3823756630259272     
  -8.9987155845392035       -4.2001703945105344      -0.84820359186223593     
  -9.4040581114105297        7.0440854206607142        6.7872916031378301     
  -5.2170769041258325      -0.27134149776263861        4.4042340907521664     
   4.8895283642591520       -7.7596803127486291        5.7281690577617450     
   1.6791422488579157       0.61513540305826930       -8.4508199151421994     
  -6.7324454091659236       -3.9667456327353032        5.9225038438525663     
   7.7259612479012612       -5.9694914367644412       -6.4603756687693172     
 -0.60069416404888132        6.0124535847389842        2.9505592360476007     
  -4.5924669587589335       -7.8937364084970758       -8.0440039087285431     
   6.5357164014594540       -7.9740579807502678        3.4346465010234044     
  -3.6258748882839833       -2.2465159320902552       -6.3272335122518566     
   2.1134608354425342       -9.1793452091730163        7.8897289763856744     
   4.8927457732072188       0.82481007060922562        7.6984784616877491     
   3.0778933140673117        3.0089484811170086        4.3419379653095200     
  -4.8397583552159071        1.8081411492016035        7.3014140328190020     
   2.9578291374256502       0.19350764005490254        8.0475414978383988     
   3.2324167214443746        5.2610794585174192        8.6193686140688577     
  -9.4178897704107278       -7.6873856585941054        2.1934620293723617     
   7.7253853440865452        4.9327699120915529        4.0216847531188433     
   4.8123337660686314        3.4657681659371549        7.1145897846772401     
   4.4575578877902124       -7.2670252428489839        3.7135600632138437     
   1.6130969371270178        8.7462395336674543       -3.0534423981009615     
  -3.7027036103086597        7.9292573092626739        1.8184619965694331     
  -7.5904421203093140       -7.0989187352980938        7.5951108339088664     
   2.4503045979063542        6.4546108774449316       -6.3371321939935932     
   6.6728248119612790        2.0306482532421386       -1.1663091620769268     
   7.6239507147199586        3.1226069439416388        2.7729667526121298     
  -8.8254844796692886        5.5362349959192398        7.5676719191508726     
  -3.0321637488891646        8.2635212069935928        4.9237359431600716     
  -1.8956266213510662        4.5539522741610217       -9.0086913447978745     
   2.0915166038156272       -6.9954240164287169        8.5079510643061553     
   6.0856586877380536        1.8686673411951702        2.6574693484444030     
   1.5568539443568432       -5.9061471288066025       -6.8495424615598495     
   1.5343356160119794       -2.7522808454396896        1.1584810097780314     
  -2.3113398995843406        8.2985977637422081        2.1437597059602589     
   7.5281922916304964      -0.14725493475322546        7.3972968588950438     
 -0.41380407673184821        8.6003671859110060      -0.34618262604061051     
  -4.2826385059871930       -7.1444748213326017       0.95259340640640400     
  -3.6172128148138820       -6.6627651063960220        3.7548062630677115     
  -7.6203359955551822       -7.3963812939479787       -3.6805195660189187     
   8.9596640316945582       -3.6881626973507209        8.6567517749172644     
  0.97901027603210788        3.8336392907386863        7.8407834913044008     
  -5.3748083441477448       -1.6714009693617231        6.4049949452231365     
   8.6831315310996811       -5.5817175886472077       -3.3944794431143084     
  -5.9916055328881734        2.8165333786541487       0.56776766535512757     
  -5.7729964426013316        1.3257072684538755       -7.1809958151490054     
  -1.8453427978064454        1.4526960668994915       -6.6992511370226921     
  -3.2137340728916257       -6.8442832804767830        7.6011117133879589     
   1.5595900631679711        3.5830181833192105        8.6239288335623101     
  -6.6139025826145037        1.9119956252141632       -7.5461443822961671     
  -4.7434249922198521       -1.3462152460423895        7.8033554314764067E-002
  -2.9193476820458630        3.2080843343136420       -9.0830819310166540     
   4.4793272421144712       -8.4277034108275419       -3.5702120582289405     
   3.9914916519916805       0.83789592912971667       -5.8772971984200180E-002
   5.4629643969249493        1.5807690589133092        5.1626310869359333     
  -5.7183532106453123        2.2083477985380133        3.7109797724942748     
  0.76149727030267556        8.0367487872626526        1.9206069375807024     
   2.3754229733522267        4.1509957848055326        9.2847752328107855     
  0.14227151978379410       -7.4841049925120053       -2.9230918585767780     
  0.89379786799191729       -6.0327760552114391       -4.0584515718595222     
  -6.3782315623944115       -4.8616814338111372        2.1295649108009256     
   6.5493060688893516      -0.87158954412226441        7.3825347702740380     
   2.1691868217476333       -8.8007638226415832       0.75348457528661428     
   5.2848849464620331       -2.3453307179495595        6.1002951347006036     
 -0.66148235143620415       -1.8896010628660314        2.7594553496780132     
  -8.1167899085722688        1.6496262913048142E-002   9.3846495538027153     
  -5.1676833691377384       -2.6063932512978245       -7.2122243832980342     
  -1.3964249080858608       -9.3539254703120598        1.9520633984329494     
  -6.1055235932779519       -5.9925230333921347       0.34150288133530582     
  -7.8707288315708199       -4.9646576976736503       -2.7202418377157742     
   2.0489178805744674        5.3854656759384643       -2.7120916792843683     
   1.4495217911698830        6.4653097046577379        4.0462709429782029     
   4.6629712642215955       -9.1909792276586622       -6.2837689183870564     
   7.9838933316521397        8.8584641204540713       -9.1006452769944275     
   3.0411359329897993        2.3835274785610103       0.56439030793102063     
  -4.9026461111928477        9.3253001999071667        4.0732878359600537     
   9.0020168817852007      -0.49982687702375811       -5.1074897855725867     
   6.6664445314721714       -1.3417328253608325       -6.8476869063820889     
  -6.8225755101153194        2.5850857928264066        4.0894110761189868     
  0.39609255517710229       -7.9040335219360740       -9.2646002506677281     
   3.3565378053153117        3.3218421947632319       -8.9867130020545840     
   8.0085722854378680        4.0949503621752701        1.1961010459558306     
   2.2932874465440913       0.93462074447291932       -4.2675983663153518     
   7.8020271795422627        7.9585005727721123        7.5569492859178657     
  -2.2871638600325865        2.9690681548963083       -4.6672275217400312     
   5.5630270994636755       -6.2739263022542060       -1.7416289594873771     
  0.19071753301874830      -0.85586059682133053       0.33159036727654306     
   6.0162307702333946       -5.4257886495995296        7.6059975409434601     
   9.0492954123804026       -2.5083835528110097       -8.1093415645877105     
  0.51844903362850581        6.1561069270156956       -5.4665635616610579     
  -7.9581151620162629        3.8731506466676930       -1.3696273020436311     
  -8.7657587530829115       -4.8613261721018990       -9.2704928376231983     
  -7.3645663714559424       -9.1888228351435206       -2.0761999529327464     
   2.0402374183970680        8.6191219462018758        5.9356189607909231     
  -2.4562784699461466        6.8143248286976217       0.45397364820911468     
   5.1761615873867957       -6.5860847390200696       0.93945935723036411     
   8.7697219593105569       -5.8632745085208100        2.4902137693463762     
  -6.8414212363655498       -4.9812670644401162       -8.6569332978900473     
  -5.8368250949778178       -5.1131944259149593E-003   2.0894464834149682     
  -6.8592252067162498        7.7135371866595017       -9.0532152553133098     
   1.5928646085634532        7.2795331309903162       -6.0286346208768880     
  -5.2884636640747678       -3.3015765463452795       -2.9712196440221539     
   2.5756867381967545       -1.2471896867231003       -3.6938146567534260     
 -0.39962177128434628        7.1698978222040486       -8.2964694679584419     
   1.2600143961464996       -4.7490716924025858       -4.3526061551253044     
  -5.3713618211716732       -4.9288716560072316       -7.9505624142136542     
   3.1098916853351999       -3.2582058874726161       -1.4288351741308114     
  -2.6513190989023361        1.3362539884061775        7.2395224043839868     
  -3.9411102335187094       -6.9309720933088892        2.4317410927099559     
  -8.6808757024397281       -7.1783014914034142       -7.1539793805434497     
  -3.7643048004323187       -7.6954912531518476        3.7868972981741651     
  -1.8895157913515424       -8.1596316141949146       -3.3869278006437558     
 -0.93295171198229843       -6.9112248863670862      -0.71471222806456225     
 -0.77658425837671163       -4.3460740388587169        1.2996062933630841     
  -2.5204139097772846       -8.4933186504344871       -4.1927515696699134     
 -0.37581409535480925       -5.2003269907819138       -3.2926133856113471     
  0.66881499236973796      -0.80680565994584508        4.2384965527919709     
  0.99888027889016051       -7.5949478066518807        4.6634676101999375     
   2.1995290316986544        4.8841926190197267        4.9352402940342266     
   3.5750068657020972       -7.8179288735509918        4.6159000870030944     
   9.0884666005318042      -0.39008194536346402       -6.5766140331173348     
  0.52995795864224715        3.8343573850399304       -2.8626804890868538     
  -7.3288077929438789       -1.2500606979593185        6.7306056817001485     
   8.1132569578098153       -6.8226357286208819      -0.55544024213829002     
 -0.93161665232543989       -8.4501496347015959       -8.8052526839816458     
   8.9393635397688165        9.1547283434405813       -1.3266948816679691     
   1.7884578724556439       -2.6160503124452754       -4.4227561370614650     
  -1.5368621865001733        6.9324991005134136       -2.8235173974037946     
   1.2683838582672047       -6.9563614060530181       -6.8250506879867245     
   3.3314416897427548        3.1811069043687992       -4.8414701553448065     
  -7.2184983775223541       -2.6959527652820423       -8.2895675626852086     
   1.3090306151794358       -1.9145163016845055        6.3825660519421730     
   8.0459855680384109        7.6660352656742363       -6.4543891869465257     
   1.3868291384558682       -2.7314988565426965        2.5797883528429457     
   2.8243871518645767      -0.81781166429790142        6.0090379921157693     
  -8.6571588714462226       0.48564656345645490       -1.0764448131136308     
  -5.6064553199287666        8.6527345448962283       -2.7581161623438053     
   6.1386898882717569       -2.3971004037908479       -1.1465107701328012     
   2.7398910003068133       -7.9146062987619130        5.3583669861819105     
   2.9261036861390277      -0.42842882549716449       -7.1512730654683523     
  -5.1118126787262792        8.6603427593792066       -8.3233808459536114     
  -5.5065109189486083        6.1791918699829536       -2.2671693318352042     
   1.3864671925811500        3.6691116688286343       -4.6368301069099829     
  0.68850875170809278       -9.9551488460959500E-002   3.0403765236393627     
  -2.9481523861077519        2.4817531144994698       0.29898467121805067     
   2.4630614927775158       0.64080952087541920        9.2362694688635578     
  -3.2848841693692523        1.1156849053924089       -4.1774376337779167     
 -0.52976000146860469        9.3507699975397855       -7.3067931527828911     
  -1.8928565353811491       -5.2846357656456657       -7.1614083338060066     
  -7.2022682007362793        1.4839370383970139        3.6324608646523391     
   2.7597685044534330       -6.7595973860649838        1.8958108238736242     
  -6.1701905115116649       -6.4084953089872441        4.4504134751162887     
   5.6306454730951048       0.36899346908878766       -4.1826599926280581     
  -5.3686876635183118       -8.1227150631856926       -2.3221391762396610     
  -2.3137294638245742       -1.4873213279133541       -8.2801102299409930     
  0.22225550801576366        4.4563667122772852       -1.6174133095160459     
   4.7234151387439391       -1.5332847438931851       -4.5010197429032175     
  -2.7714499383783844       -6.7497939354874532       -7.3352219764593380     
  0.29330248706417844        2.5953572470829513        1.3520177680782570     
  -5.5457771728277265       -8.4068782099700918       -3.6214551096128598     
   7.3809979605277798        8.8228618108246017        8.5213156542166821     
  -6.4128103581587430       -4.5127541289101680        7.0147188087462524     
   8.0708690004696955       -4.8740054825621169       -5.1042192647484113     
   5.2232030531814422       -3.2741132653374811        2.2361033966358965     
 -0.49788630065891748        8.0737930475000201       -7.5154434792053300     
   4.1123880042802723       -2.6146896752138047        8.7268505168215622     
   4.4805148067169949        6.4288594057559934        1.0496032629832770     
  -1.0127081815951431       -6.0654738991518906       -3.8060062452408543     
   3.2267284613212692       -2.3917527620568730        5.1910144654242014     
   8.1676732418047404        7.1973638975884722       -8.8436259608346610     
  -1.1569806296483844       -1.8593856188873747       -8.7282681428404540     
  -4.0996190627943836      -0.36500431700988301        1.1913492511267394     
  -7.7106275006480951      -0.46796560941739818        1.7863142366896896     
  -7.3474077547393435       -3.1276807130399049E-002   7.4013473625410677     
   6.8427493696479873       -2.0455988356423913        5.3208338900006273     
  -5.5015202403516552       -5.7903432775150865        7.8638850542810941     
  -6.7924648273037995       -5.9320136902676595        6.8389978855411222     
  -8.0846076858676987        7.2085362316984529        4.7162743257022726     
  -4.9277123233974303       -9.2042921273670224        2.7476824550100161     
  -5.8159710767374913        1.3257971097595909        6.0396624340668605     
   1.3388553558810210       -1.7098160423035389        2.3415546339757403     
   1.9959176125943545       -9.4279332554306574       -7.3489493518545270     
  -2.4505075906558411       -6.6127208721237283        5.2543549558646712     
   7.4285125175651805        6.6577873122323030       -6.3129458821566562     
   5.6389594685384816       -4.9056966668067981        5.0086912197039686     
  -3.7608029103799097        5.5143237525642501        8.2774599475900335     
   1.2700265807490674        4.5020571827097875       -5.8410178096446899     
  -6.5865909608383078        9.0759731840006772        7.9966285447576277     
  -2.1164306349890665        2.1102356528557324        5.0851243606409318     
  -6.4653723734104673       0.18596136838203869       -6.5006979998983265     
   6.0477512330789764        4.3371104244915113       0.64277221358785031     
   1.1129768581577739       -2.9612042150867310        5.2510462702320861     
  -1.8443008823857843        5.6357191624467449       -6.3488313538409047     
   9.2707984405664572        4.1817252641953599       0.81920662915664810     
   8.0176915937084914        5.6680902049059441       -7.5780415643628833     
   2.8513047657736035        2.0248645808659722       -5.5652624968263762     
  -1.6676615811215176        1.1051861071298079       -4.2162484459193994     
   3.1039909508800179       -4.2712234199706458        2.0035809804292350     
