   4.99999989E-03   1190.18201    
   1.49999997E-02   1185.90649    
   2.49999985E-02   1139.62952    
   3.50000001E-02   1100.69739    
   4.49999981E-02   1047.09998    
   5.49999997E-02   985.634521    
   6.49999976E-02   919.063110    
   7.49999955E-02   851.806519    
   8.50000009E-02   780.584839    
   9.49999988E-02   712.367920    
  0.104999997       641.655518    
  0.114999995       577.294495    
  0.125000000       513.230103    
  0.134999990       453.671234    
  0.144999996       400.190857    
  0.155000001       348.475128    
  0.164999992       301.569519    
  0.174999997       259.254181    
  0.185000002       222.581116    
  0.194999993       188.908630    
  0.204999998       160.106140    
  0.214999989       134.206039    
  0.224999994       112.326813    
  0.234999999       93.2323303    
  0.244999990       77.2253571    
  0.254999995       63.5244637    
  0.264999986       51.8186035    
  0.275000006       42.2974281    
  0.284999996       33.9915314    
  0.294999987       27.3191051    
  0.305000007       21.9310150    
  0.314999998       17.2656555    
  0.324999988       13.7111683    
  0.334999979       10.7775536    
  0.344999999       8.40565681    
  0.354999989       6.49118090    
  0.364999980       5.09019279    
  0.375000000       3.88655305    
  0.384999990       2.97335386    
  0.394999981       2.22743440    
  0.405000001       1.66917217    
  0.414999992       1.25961220    
  0.424999982      0.949487925    
  0.435000002      0.712012470    
  0.444999993      0.532817125    
  0.454999983      0.381961018    
  0.465000004      0.278748482    
  0.474999994      0.202511057    
  0.484999985      0.148631349    
  0.494999975      0.111962348    
  0.504999995       8.07360411E-02
  0.514999986       5.52384220E-02
  0.524999976       4.49475013E-02
  0.534999967       2.99900733E-02
  0.545000017       2.11670399E-02
  0.555000007       1.57414451E-02
  0.564999998       1.24638416E-02
  0.574999988       7.50815403E-03
  0.584999979       5.93173550E-03
  0.594999969       5.37360460E-03
  0.604999959       3.51777743E-03
  0.615000010       2.48422683E-03
  0.625000000       1.69266725E-03
  0.634999990       2.04252778E-03
  0.644999981       1.58932514E-03
  0.654999971       1.59524358E-03
  0.664999962       1.10170129E-03
  0.675000012       1.80762727E-03
  0.685000002       2.10133893E-03
  0.694999993       3.81844072E-03
  0.704999983       3.94427544E-03
  0.714999974       8.03248864E-03
  0.724999964       1.07476143E-02
  0.734999955       1.62762310E-02
  0.745000005       2.31363364E-02
  0.754999995       3.14001478E-02
  0.764999986       4.18035872E-02
  0.774999976       5.85193150E-02
  0.784999967       7.49963596E-02
  0.794999957       9.43018347E-02
  0.805000007      0.112093836    
  0.814999998      0.141651034    
  0.824999988      0.168080688    
  0.834999979      0.189201564    
  0.844999969      0.217112094    
  0.854999959      0.236992210    
  0.865000010      0.263295472    
  0.875000000      0.284674704    
  0.884999990      0.299916178    
  0.894999981      0.310180604    
  0.904999971      0.317357063    
  0.914999962      0.323260665    
  0.924999952      0.309937090    
  0.935000002      0.310375512    
  0.944999993      0.301997006    
  0.954999983      0.286102742    
  0.964999974      0.275507689    
  0.974999964      0.254082888    
  0.984999955      0.235750541    
  0.995000005      0.219014049    
   1.00500000      0.203295663    
   1.01499999      0.185167298    
   1.02499998      0.169349372    
   1.03499997      0.148268476    
   1.04499996      0.134099483    
   1.05499995      0.122304082    
   1.06499994      0.111212328    
   1.07499993      0.101283133    
   1.08499992       9.23694670E-02
   1.09500003       8.78263712E-02
   1.10500002       8.11707824E-02
   1.11500001       7.92548135E-02
   1.12500000       7.39750862E-02
   1.13499999       7.30374977E-02
   1.14499998       7.02985227E-02
   1.15499997       7.24864900E-02
   1.16499996       7.30166510E-02
   1.17499995       7.43837580E-02
   1.18499994       7.57027790E-02
   1.19499993       7.87382722E-02
   1.20499992       8.17029402E-02
   1.21499991       8.19901824E-02
   1.22500002       8.47463235E-02
   1.23500001       8.84067342E-02
   1.24500000       8.74188319E-02
   1.25500000       9.07743648E-02
   1.26499999       9.18385535E-02
   1.27499998       9.33578312E-02
   1.28499997       9.00417566E-02
   1.29499996       9.06140655E-02
   1.30499995       8.97415355E-02
   1.31499994       8.84422138E-02
   1.32499993       8.40662643E-02
   1.33499992       8.26228112E-02
   1.34500003       7.81413019E-02
   1.35500002       7.54758418E-02
   1.36500001       7.18276501E-02
   1.37500000       6.67862669E-02
   1.38499999       6.38780817E-02
   1.39499998       6.14931993E-02
   1.40499997       5.56083992E-02
   1.41499996       5.20500429E-02
   1.42499995       4.70147729E-02
   1.43499994       4.20072861E-02
   1.44499993       3.81167643E-02
   1.45499992       3.43452990E-02
   1.46499991       3.15863378E-02
   1.47500002       2.83762626E-02
   1.48500001       2.56650597E-02
   1.49500000       2.37087198E-02
   1.50500000       2.16892660E-02
   1.51499999       1.92306451E-02
   1.52499998       1.87697727E-02
   1.53499997       1.74084455E-02
   1.54499996       1.79467928E-02
   1.55499995       1.67908147E-02
   1.56499994       1.78699233E-02
   1.57499993       1.82797015E-02
   1.58499992       1.85438432E-02
   1.59499991       1.99946053E-02
   1.60500002       2.15880089E-02
   1.61500001       2.33762544E-02
   1.62500000       2.52112374E-02
   1.63499999       2.65831314E-02
   1.64499998       2.76412647E-02
   1.65499997       2.94766370E-02
   1.66499996       3.12200282E-02
   1.67499995       3.28123085E-02
   1.68499994       3.64443138E-02
   1.69499993       3.65041159E-02
   1.70499992       3.82798687E-02
   1.71499991       3.93216461E-02
   1.72499990       4.10033911E-02
   1.73500001       4.17344123E-02
   1.74500000       4.30479459E-02
   1.75500000       4.32442278E-02
   1.76499999       4.36083265E-02
   1.77499998       4.35380824E-02
   1.78499997       4.27822173E-02
   1.79499996       4.23212647E-02
   1.80499995       4.13195565E-02
   1.81499994       4.04042006E-02
   1.82499993       3.96944471E-02
   1.83499992       3.71546336E-02
   1.84499991       3.53796259E-02
   1.85499990       3.36777158E-02
   1.86500001       3.13498266E-02
   1.87500000       3.00627351E-02
   1.88499999       2.75409464E-02
   1.89499998       2.58749258E-02
   1.90499997       2.29636747E-02
   1.91499996       2.14686785E-02
   1.92499995       1.88326482E-02
   1.93499994       1.73992384E-02
   1.94499993       1.49608636E-02
   1.95499992       1.39644481E-02
   1.96499991       1.23806261E-02
   1.97499990       1.07150739E-02
   1.98500001       9.55047365E-03
   1.99500000       8.97988956E-03
   2.00499988       7.57181877E-03
   2.01499987       6.87973201E-03
   2.02499986       6.52906345E-03
   2.03499985       6.17653504E-03
   2.04499984       5.44778584E-03
   2.05500007       5.15866233E-03
   2.06500006       5.45974588E-03
   2.07500005       6.03499636E-03
   2.08500004       6.31079730E-03
   2.09500003       6.81629684E-03
   2.10500002       7.84599036E-03
   2.11500001       8.91300198E-03
   2.12500000       1.04785468E-02
   2.13499999       1.25870388E-02
   2.14499998       1.43659087E-02
   2.15499997       1.67182777E-02
   2.16499996       1.86851416E-02
   2.17499995       2.06985846E-02
   2.18499994       2.29417421E-02
   2.19499993       2.62315199E-02
   2.20499992       2.84301136E-02
   2.21499991       3.16756405E-02
   2.22499990       3.34535502E-02
   2.23499990       3.56768295E-02
   2.24499989       3.76152880E-02
   2.25499988       3.96549068E-02
   2.26499987       4.11099233E-02
   2.27499986       4.29457985E-02
   2.28499985       4.42748033E-02
   2.29499984       4.44866642E-02
   2.30500007       4.63503487E-02
   2.31500006       4.69984114E-02
   2.32500005       4.92752865E-02
   2.33500004       5.01243137E-02
   2.34500003       5.04676960E-02
   2.35500002       5.27110100E-02
   2.36500001       5.33363633E-02
   2.37500000       5.45354523E-02
   2.38499999       5.61918430E-02
   2.39499998       5.78915291E-02
   2.40499997       5.88330440E-02
   2.41499996       6.08410090E-02
   2.42499995       6.39678985E-02
   2.43499994       6.61102086E-02
   2.44499993       6.94592446E-02
   2.45499992       7.24725500E-02
   2.46499991       7.73477033E-02
   2.47499990       7.99091682E-02
   2.48499990       8.34789425E-02
   2.49499989       8.88003334E-02
   2.50499988       9.52451155E-02
   2.51499987      0.100827366    
   2.52499986      0.108507179    
   2.53499985      0.116378814    
   2.54499984      0.123260379    
   2.55499983      0.134267181    
   2.56500006      0.145596132    
   2.57500005      0.157518670    
   2.58500004      0.170603305    
   2.59500003      0.182841152    
   2.60500002      0.198568508    
   2.61500001      0.214569509    
   2.62500000      0.233447596    
   2.63499999      0.253882945    
   2.64499998      0.274543732    
   2.65499997      0.297460407    
   2.66499996      0.321857005    
   2.67499995      0.347584933    
   2.68499994      0.376776755    
   2.69499993      0.408144236    
   2.70499992      0.441697121    
   2.71499991      0.480576128    
   2.72499990      0.518525183    
   2.73499990      0.561392546    
   2.74499989      0.610825956    
   2.75499988      0.664053559    
   2.76499987      0.720942318    
   2.77499986      0.783371866    
   2.78499985      0.851929069    
   2.79499984      0.926890612    
   2.80499983       1.00581753    
   2.81499982       1.08880413    
   2.82500005       1.18210328    
   2.83500004       1.27760744    
   2.84500003       1.38515651    
   2.85500002       1.49753308    
   2.86500001       1.61271191    
   2.87500000       1.73275542    
   2.88499999       1.85990846    
   2.89499998       1.99228501    
   2.90499997       2.13151693    
   2.91499996       2.27144051    
   2.92499995       2.41306186    
   2.93499994       2.55786419    
   2.94499993       2.69819975    
   2.95499992       2.84629560    
   2.96499991       2.99367332    
   2.97499990       3.13458109    
   2.98499990       3.27285290    
   2.99499989       3.40378904    
   3.00499988       3.53643370    
   3.01499987       3.65839672    
   3.02499986       3.76667380    
   3.03499985       3.86945200    
   3.04499984       3.97003293    
   3.05499983       4.04280281    
   3.06499982       4.11450911    
   3.07500005       4.17503834    
   3.08500004       4.21982098    
   3.09500003       4.24155712    
   3.10500002       4.26588631    
   3.11500001       4.27180672    
   3.12500000       4.25832844    
   3.13499999       4.23584747    
   3.14499998       4.20597792    
   3.15499997       4.15413332    
   3.16499996       4.09327507    
   3.17499995       4.02198267    
   3.18499994       3.94440770    
   3.19499993       3.85073256    
   3.20499992       3.75597954    
   3.21499991       3.64551735    
   3.22499990       3.53033829    
   3.23499990       3.41698670    
   3.24499989       3.29244447    
   3.25499988       3.16876912    
   3.26499987       3.04547930    
   3.27499986       2.91892505    
   3.28499985       2.79216647    
   3.29499984       2.65580750    
   3.30499983       2.53242445    
   3.31499982       2.41021037    
   3.32499981       2.28920341    
   3.33500004       2.17351556    
   3.34500003       2.05431533    
   3.35500002       1.94177699    
   3.36500001       1.83915699    
   3.37500000       1.73284841    
   3.38499999       1.63176608    
   3.39499998       1.54041672    
   3.40499997       1.44708204    
   3.41499996       1.36798429    
   3.42499995       1.28758490    
   3.43499994       1.21787167    
   3.44499993       1.15025759    
   3.45499992       1.08956969    
   3.46499991       1.03836226    
   3.47499990      0.992729366    
   3.48499990      0.952048421    
   3.49499989      0.921290994    
   3.50499988      0.899822950    
   3.51499987      0.881687939    
   3.52499986      0.872782707    
   3.53499985      0.869479060    
   3.54499984      0.872983277    
   3.55499983      0.876677632    
   3.56499982      0.887741029    
   3.57499981      0.900590420    
   3.58500004      0.912593246    
   3.59500003      0.920011163    
   3.60500002      0.928715467    
   3.61500001      0.925863981    
   3.62500000      0.921048820    
   3.63499999      0.909486234    
   3.64499998      0.885164201    
   3.65499997      0.852799058    
   3.66499996      0.812015593    
   3.67499995      0.761593759    
   3.68499994      0.704055727    
   3.69499993      0.639286399    
   3.70499992      0.571030498    
   3.71499991      0.495693386    
   3.72499990      0.422901541    
   3.73499990      0.347286314    
   3.74499989      0.278480589    
   3.75499988      0.214678332    
   3.76499987      0.156975538    
