  -2.0133862629825390        2.9045002542570493       -4.5581646735518699     
   4.4205793915759459       -2.0781532052674421        2.5306276051665328     
  -1.1469374079963965       -1.1966811288488068       -4.8848366220813508     
  -1.6739114936679633       -4.1966121130052780        4.8146230514790949     
  -5.8360965681312118        1.3419769580126322       -4.8535659956141721     
   5.5024179714143981      -0.91034898473281300       -2.1790115973976940     
  -4.2751582498495777       -4.9629896083661000      -0.70977246776510627     
   3.1291504874173781        4.7306859910185217       -2.0803093963413875     
   5.2149233972928597       0.52182336554842024       -3.1858565658438427     
  -1.0689054487779421       0.91632463459948843       -5.0972889423067249     
   4.0840315715016313      -0.76572539047634014        1.2507132533602295E-002
  -2.8369977835604629      -0.63953702997261819        2.0005003089088489     
   4.8006474196882847       -2.0925878796391402       -1.4769683435317460     
  -2.6873551188587044        5.1721187682812682       -2.9153822350977712     
 -0.85270498808195350       -3.7767567392347781        1.8538809587905880     
   5.2265575659473082      -0.82153864662984366       -3.6924120365339004     
  -1.7373214614178383       -5.8456569822382995        4.5214648490653939     
  -3.9254955495208512        1.6207894950790958        2.7051847342389910     
  -3.4296230726041292       -4.0708310967014478       -2.9718710028242774     
  -1.4550585354936254        5.3359453619504045       -1.9544574995297654     
   4.8765192491621452       -1.5406144171315019       -5.4260356994134034     
  -4.8270443350246666        4.7792658984752823       -5.5835310460655903     
  -1.5472277032413004       -1.0994880122998190        5.4451700885139882     
   4.7579914009578568       -1.5829445125026045      -0.25488645431618184     
   3.5228878778853878       -1.9015858852206822        5.5585449487185663     
   3.8356124901553286      -0.14159609077405835        1.2741377646575631     
  -4.0713114884414070       -1.1852124997102447      -0.44158297503068150     
   2.8798130901058383        4.1570828926716885        2.0619102576463639     
  -3.6359410712718900       -1.0413209125177691        2.8257700168916227     
  -1.8794426809135494        3.8706514832528378        1.4272604768897783     
  -4.4139268332031545        1.5966643138820289       -2.3278713226100010     
   3.0451481627575103        4.5205538835390149       -5.4768948309346177     
  -2.7072400010504198       -4.5377324428085641        5.5174787757400443     
  -1.5579121498446089       -1.5297328883592101       -1.5592575971138478     
   2.5079610526001255        4.8437901077298449       0.28253828170849510     
   2.1418194219797271       -1.6221368832342569        1.3053976115769590E-002
  -3.4695223004227103       0.47653289386027176       -2.0143336736598236     
   1.2558073117354047      -0.11344285810960947        4.9335657365349013     
  0.13704036942620057       -5.0181852295573099       -2.2713107244676669     
   1.8028280067138382       -2.1057361915581434        2.0163907362534799     
  -1.2246272590764411        1.3334039957419512        3.8413109416011597     
  0.26930559804493459        1.2486778433933678      -0.53182978804694003     
 -0.90796466833970046      -0.13388850480773076       -2.1611297625843533     
   2.7270121896023953       -5.1115583133650100       -5.1013580860829260     
  -5.2277239090733119       -1.5160977997876348       -5.3098770031990670     
   1.7694283457421272      -0.63726710957171562        1.9638654833685354     
   4.0945241175576879       -2.8535015955106759       -2.5601640883019758     
   1.0027711220194324       -1.6948613487070230        4.2081520194018109     
   5.1601325354300256      -0.10766715602206628        2.1153218297883196     
  0.56935688730691614       -4.4671709600304039       -5.6981438461980396     
   4.2579528761468621       -4.5273851787880304        5.5318395458780687     
   5.7446071820440512       -2.6638883846936992       -3.0828927484469677     
   5.3209693298205680        1.4055702511882813       -4.9095181979780689     
 -0.96345091417929218        1.5912171463413882       -2.8173080882612989     
   3.5152131572692018       -1.6258862284939921        1.3946768243121819     
  -3.1414680703631017       -1.0195577588706743       -2.4469921039266063     
  0.17830710940775119      -0.30149152626939874       -1.8646251857700538     
   5.2369462334609151        4.4041978759792002        1.0528107058540224     
  -5.1781189082919310        2.6379457566231697       -3.5804625708728448     
  0.44385956411497474       -2.0355316033439963       0.94726215660326141     
  -1.4647239346537211       -4.8577852692476329       0.88373628771138346     
  -3.6498727911839666      -0.66154223056021677       -3.3968388259538367     
  0.49030466779558096       -3.8116618441177943       -4.4929221163638555     
   1.3376055757802554       -5.1453504909836374        4.6872636767788656     
   4.0623462008341491        2.8636669808221002       -3.5714653479475515     
  -1.2501670445532875        3.1605501872638722       -2.1226354950023709     
   5.8010569459952075        4.2509836212833267        2.8659158555188760     
   5.3376881820350199       -3.9507549805654421        2.2958648941349025     
  0.74060786572221893        1.6012753484677154       -1.6311023468847379     
  -3.0151950195713502        5.6815723173189463        5.7272481227750758     
  -2.9709529579827754       -3.3815489691924649        5.1416543589055168     
   5.0495215517025942        2.0112964038036902       -2.3698723175215264     
  -3.9253192091651541        4.5286119730498307       -1.2044902058778477     
   4.8125271847293316       -5.2663306728858519        4.7367221898611893     
   4.6473903535568351      -0.14355241708706767       -2.3427980983492955     
   5.7494376260437701       0.12293909855167050      -0.67012173979072231     
  -2.4523823403082052        3.0337614026273432        5.8147967100181761     
 -0.55782606113310707        5.6034375541631150       -1.1677648356303030     
  -5.5421215550711898       -3.1077663210814737        2.9057675284938727     
   2.0835920355463782        1.8113548388941314       -4.7840515965177319     
  -1.3938162651468322      -0.36164486777144683        2.2345474146500415     
   2.5325815217407119        1.2501284867820408        2.4137613480524243     
  -2.1985487075251871        2.6360809926595770        2.0156063384580047     
  -1.5045151971023114       -4.2305364347732244       -3.6060198834168609     
   4.1533014408939382        5.0220084983097593       -3.2194188518748481     
   4.5150831194114582       -2.2321500913139980       -4.3075647404805997     
 -0.68470221386766605       -4.9271331706590829        4.9954106982985502     
  0.39759337549472085       -3.0855710447411724       -2.8008033077217966     
  0.40387487036695768        5.7264253615359042        2.9565238359380399     
  -5.5715200685787325       -4.0911031826013691       -5.4828369674403028     
   4.1009548293258771       0.23609397677690691        4.0671533509415720     
 -0.62484751011682160       -2.3061026264104667        5.6401073429438560     
   5.4394681902133302       -4.0937730466992637       -3.3281220649805690     
  -2.1445837916722601       0.51458633115286834        4.4935053065349990     
  -4.7543090915194508       -1.1820343476127908        4.0747014208477230     
  -2.1359235194567230        3.4083833688808944       -5.6653779343715955     
   4.1048029485654043        2.7591671570027998        4.3727429345412876     
   3.8106609585523041        1.7891012617745254       -4.8232572393275541     
  -5.4808793152066331        4.3804589958158813        4.3771904495562781     
  -4.3533222437324870       0.55385524108537842       -3.3581983555092276     
  0.47439150964340326        5.0742359743609695        3.8815150878741034     
   2.7033409918576381        2.8815413897915603       -3.6257463272385904     
 -0.84238356716145812        2.4682795422675947        4.3651860791709787     
   3.7122426529194441        5.7801679873915246        3.9451931892103369     
   3.3059168657046758       -5.1003257099976134        1.2348922782923202     
  -2.4251083835534217        1.4920567026316225       -1.0809937548928819     
   4.1256789867760313       0.76188013364736895       -1.7413466304807432     
  -4.6044323338898572       -5.3100210544912230       -4.7121914008321664     
   4.5700181210749475        3.8635923577099645       -2.8668833232694029     
  0.20690845970932889        1.2056038537317644        2.5364996171854512     
   5.1661169214396780        1.9544612017796152      -0.73495747643143361     
  0.35497717357464775        3.0278419043743878       0.61228113921486860     
  -3.4299608328306603       -4.3987861972189357        1.3984639576756157     
 -0.78980400295720732        5.8634386010876414        5.0219702240752939     
  -3.1537204098708118       -3.3667513585274831       -1.9575859966021785     
   3.8956504832704577       -3.9396756857815856       -4.5854702231908737     
  -1.9740619748663066       -5.2717273946582184        2.5741686135975299     
   3.6874203114702477        4.5903770570467595       0.86855419235368259     
   2.2711512325353285        5.6125552037722697        1.4044180147367138     
 -0.12463918069153557       -4.6144275724625725        4.1508879744353893     
 -0.17743884593961196      -0.76968241913274094      -0.76703521106899641     
   4.6717507952912420        4.1015760128893479      -0.13413448993464133     
   1.3162686530913315        3.8877620951468090       -1.4086549973214917     
  -2.9211341091079710       -8.7356575290234967E-002   1.0448358219822698     
   1.1139284300207257       -4.5163944136367959      -0.29761712371805155     
   1.6250925970627346        3.6724772323235966        3.0433626980805286     
   5.6512162892040232        5.6645420106629016        1.0308567226302874     
  -2.5762402224918683        1.2592026216162902        2.5882154929672576     
   2.3182605953875002       0.37820443262518644       -3.0479914954508573     
  -2.9476780757655763       -5.5802503144097448        2.8156278008328806     
   2.1597395570378812       -5.5485787802141333        2.6223756909166172     
  -2.9293181530996559       -4.3785049858338452       -6.4338335683568698E-002
   3.0961930704625087        3.1311108710766686        1.1755245395565945     
   3.7708314173600952        2.7083417674287649       -2.2351812986387456     
  -5.7628486702354831       -3.8870301930452356        5.1944952808280718     
  -1.0029672327271604       -3.0697051177234957        3.6268290886470078     
  0.38422491433168376        1.7934756546828530       -4.8202570709672736     
 -0.13461239773360473       0.18387371861928850        4.1507490788676229     
   5.1455708085580909      -0.70111533029663042        3.7216524070786017     
   5.0215664072485344       -2.5053406139435994        4.1541774403085157     
  -5.6800875779629125        1.7332184691384125      -0.32040338062851770     
   4.5012028662493941       -3.7464613557433606       -1.2584912148142993     
  -1.5988330241030204       -5.5431115025395012        1.6236981360259726     
   1.3425714139753229       -2.9635802097521626        5.1289321566223256     
  -2.2544381182411328        5.4369511635540109      -0.15931619912280551     
  -5.6264185407327609       -5.1397896398464828        3.3093137439106566     
  -2.3695686236486040       0.72005351114225746      -0.25466172310407381     
 -0.74238298778272283        3.5213993731275726      -0.75190737995696533     
   1.7875757156520604        2.7111808706418570       -4.3683724776661768     
  -2.5017297649683008       -4.9015563219043248        1.4085929219199100     
  -2.5466192709929012        5.2269303758002605        3.5397084997286532     
   3.0050146872913484       -3.1374151911792372        1.0635881065185315     
  -4.9176133418231949       -1.3880469899802235       0.95053459377753280     
   6.2899252318063703E-002   1.8774384867733318       0.65345820175058233     
  -1.6570485763201301      -0.18546231508105260       -3.3242319406904399     
   3.2606528017971597        3.6802007781221362        3.7630705570481879     
  -5.1215776046436599       0.92200615963545096       0.82176728101229457     
  -4.2825377658327204       -5.5905659224259079        3.7818346127824611     
  -1.4117759317062688       -2.3296104185967637       -4.2808495092466838     
  -2.1296655557340656        2.8162075238071842       -2.5378403909336806     
   3.3629483035531131        3.2381718208094186       -5.3900935419077367     
  -2.8024137853934761       -2.4152676163081286       -2.7401915979969829     
  -1.1823355802722297       -3.7784171732222100       -5.4484470261863212E-002
  -3.3886289724877892        4.4740930228707700        1.0399940626696105     
   2.5712166465382156       -4.9877946502811428        5.7150887748074641     
   1.8321216970913641       -4.2667465888301406       0.45993134527321466     
   3.8368203912349386       -2.4778822508654561       0.61999416170642530     
  -4.6898600504367094       -3.1829583999274691       -1.2584589044213275     
   4.9929048147496555       -1.9323323959777916        5.7020456897672647     
   3.0428315956226646       -2.8452402510661901        5.4784000957938641     
  -3.6895299567783293      -0.51571641982015048       -5.5794582441746234     
   2.0250503345042472       -1.4794028217606257       -4.4566066259953931     
  -2.0341856486865155       0.81509816413627612       -5.7177955649486787     
   1.5429969319506203        2.5990462794254094       -1.3777093192873080     
  -7.5564471030620986E-002 -0.11691987437826598        1.6480059382056846     
  -4.7451620504238026       -3.0518467231892470       -2.9874798158616045     
  -5.1619177318247420        2.9117146921343120        3.5349857012953985     
  -5.2940939547410517        6.0722359796569557E-002  -1.5067701760902317     
   5.8607327175821018       0.48052922098730522       -4.3500257590835210     
   5.5534433180099194        4.5870641685546021        4.4050625527394409     
  -1.8080896736437475        3.9375862177605896        2.4889192855684579     
   4.6064574848385540       -3.3248643062659369        4.9266397370244857     
   3.2463947093925150       -5.6061409572098837        4.8746309631950568     
  -4.3515588478002840        6.4001554711893990E-002   4.8295523071592070     
  -4.7367668524137398       -2.9555316526955853        4.5911855336652083     
  -3.3621694834981413        1.4923205485952817       -5.4181889153381784     
   4.1477085854408751        1.0856558719725684        4.7758316437149579     
  -2.4901704693275404       -3.7894748293661822       -4.3644825629693216     
  -3.8209497554532881       -2.3236593837098880       -2.1220466407734051     
   2.1907812738782031        3.8520517197359823        5.5388628164070282     
  -4.6358863640027925       -4.0223491937540370       0.26197653388078240     
   4.4262958358140674        4.3807609899133118       -4.5284637407238311     
  -1.0091166295261900        3.4596589229235457       0.52698407877562037     
   2.2710520596845285       0.26553187426628994       0.78629823259858111     
 -0.99756280348097515        1.8556701672323539        2.2236987009127960     
   5.8097389314997443       -5.1941412352657546        4.5351900002028991     
 -0.48671012752347559        3.7146845978633580        3.8568513846873942     
  -3.9053539594899895        2.9620058690597961       -4.6745387268699137     
   1.0529128229717468        1.5492555292497925        4.6572697234806029     
   3.8513542454921814       -1.1148612407186591       -2.7314737314129212     
   2.1446115439912088       -1.7102060851431189        4.3935746602205219     
   2.9855179687657509       -5.0126891299481482       -1.2465733888474231     
   3.6938660520008821        1.9223707690906857       -2.2896897253913782E-003
   5.5465877368382026        3.4704714099172467      -0.23612663398818240     
   2.8178064573293615       -1.7907513247310489       -2.8922973874307574     
   1.5010488751524635        4.7506066842697221        4.4002965863308106     
  -2.5847763969251485        2.5125134235730697        4.8128780682449301     
  0.65179408422480534      -0.18045602144389383        3.0573092965651298     
  0.20250434369029532        4.6857131902338624E-002 -0.24598140979206320     
   1.8107671743594447       0.88559277333158914        5.7662233039747646     
   2.3849845899756161       -4.3738265818296203        3.4720151704106841     
   4.4210325749447952       -4.2079863419334673       0.30433412483979283     
   3.3029459080939212       -3.9556843115189158       -5.5521570186312363     
   5.8005604349089754       -2.3045465717383995       -4.0211960169310972     
   4.1076257533988274      -0.21862150040725131       -4.3968387533463567     
   1.1741149717300057       -1.7180297180830721       -5.6098279022351472     
   1.5862836411131833       -5.4470520508014051       -4.8195832214817012     
   3.3490141372883091      -0.93746692215458949       -4.4092285183859037     
   5.4894477286240058        1.6176747378715775       -3.3673242371075918     
  0.62380720602130946       -2.7189027883008641        4.0828022059152849     
 -0.32317979577971601       -4.0537382762599865        5.6983461236308122     
  0.15561891833473535        4.5409925126010924      -0.39318629412825656     
  0.92242043968592735       -2.4807731223461902        2.4590859203259803     
  -1.6895004369561930       -5.3527138099312630       -3.8747021045983785     
  -5.2376012116720094      -0.40895738588277103        1.6981655179689477     
 -0.27753125388233607        3.5782184823247860       -4.9115416043085380     
  0.44544452353155445      -0.88193486751772698        2.1688036101382191     
 -0.50022693415387620        2.1629085096497156       -4.3387340946659023     
   3.5760209141745283       -4.0073663256794694       -2.1909583214512427     
  -3.9776492980539140        5.3095291440540597       -3.6328776834632892     
  -5.4631472450745306      -0.13962681457013235        2.7866755846739300     
  -4.0333933090751692        3.9909780072590482       -2.6380895635136796     
  -3.6749761482823926        3.5823674073547433        2.6111329934831127     
  0.89956501962743796       -5.6108672000416080       -1.8017872408857358     
  -1.8278696336841919E-002 -0.11693489216435965       -4.1196505454541876     
   3.8875274841652101        5.4133559616729068       -4.8849191737980453     
   1.6620541384163783      -0.51997389468534183       -1.4531731627893230     
  0.67232543290061342        2.9108979650617726        3.4138392658697807     
  -1.8521369591067081        4.1195177296329222      -0.30570862656693321     
  -5.3841664052111042      -0.97040769932806847       -1.4841898529837481     
   2.2970534556889275       -3.3558872302732765       -3.9557958703025591     
   2.9603153747915290        4.5957609893763545       -3.3770758881299847     
  0.30216186675626883        2.5983060311462860       -5.7484924999173481     
 -0.95210226346267557        4.6231538543132240        3.4704188295739220     
   1.0880410273658094       0.89376772233142077        1.9604560752644535     
  -3.3026385830567246       -1.8223989279774380        1.7361879450382327     
  -2.5590463936976446       -2.2216666548256665        5.1949692753276437     
   2.1199474283573614       -1.7471528961225442        5.6847737611522620     
   4.3273968241689547        1.4722277469525116        2.0621056430979472     
  0.56322741962616063       -3.3004130866662831E-002   5.7461812900168043     
  -4.6920374544044856        3.6348267623663046      -0.78867797308390819     
   1.9674407164253196        3.7030107999600514        1.2172528391208692     
 -0.42680793061798727       0.40133248361104468        3.0088302804973734     
   1.5935246871173243        4.7820002184762762      -0.99015825528189549     
   5.7601752534364179        2.3537087760471929        5.5817904107693614     
  -2.4492595060813600       -2.9284842827068331        1.5292605466456937     
  -1.5320180418846303       -2.0426453656363308       0.24013696670076337     
  -3.9135492530268445       -3.4974547377877161       -5.4375381277199875     
  0.71549814634714493      -0.66502337585710658       -2.9873149635758747     
 -0.69778978830098870       -3.9829737557341356      -0.99468354782319501     
   2.3096806145188102       -3.6604267700559330        1.6249372388573542     
  -4.8999554479561951        1.8158733876798157        3.1754932747166733     
  0.31970303939815131        2.2527253936121534        5.2697991317998305     
  -5.0188505006731381       -4.8441108147269647        1.6867672068852810     
   3.4950557693340687        5.4536749838961800        1.4632220402191598     
  0.88294032110748044       -2.9050205069493367       -5.6326222509730650     
  -2.5402014037782723       -4.5632369068250132       -1.0299233240591208     
   5.3078944602123777        2.9936266178689785       -3.8489534830396539     
  0.85695965769669513       -5.5754079800985945       -3.1792544845921520     
 -0.66293302943685906       0.85028069778878324        1.1195013403391367     
  -1.8714789397403735        3.9265889882123739       -1.7011374005125777     
   1.2468433394026082       -1.2285130278998238       0.42299708444960071     
   2.5002740179681942      -0.46103022975457697      -0.89473821149206934     
   1.9045841115390731        2.2633875473212086       -2.6160831745611195     
  0.22199607683553488       -3.4823137467456275        4.8917550361949820     
 -0.54375883660359614        4.9630788251302222        1.1852758749339223     
  -2.5178074342374681        5.4865921645272033       -4.0109659017743624     
  0.25305825093958251        2.6581388698756152       -2.4276478260520049     
   5.1668869947599125        1.3029293285426786        3.7885042957004837     
  0.18175342546437717        5.8238265093163726      -0.28210287348172614     
   4.8710851723254489        2.3226865462585033        2.3008896455284416     
  -1.5131733381775119        5.5092941189803062        1.8002691753374604     
  0.53357371481297322        4.2177569137450046        2.7846805345154286     
  -2.8037669201248385        4.4769801113526730        5.3377165712386017     
   5.2133823585736048        4.4112896685533940       -3.5725506105975957     
   1.4336505224350429        3.6490022107989080       -4.3755751535325471     
  0.34719108792035808       -5.0695206585645085        1.7462846264958269     
   3.3157936477967640        1.4533935731832248        5.5123244128859090     
  -4.8719495780830950       -4.6003469339112151       -2.1431074180249983     
  -1.0381820331832032       -1.3389598653290111        2.9218652118389166     
   1.8526999872679935        1.4589679838421510       -1.5705348525130203     
  -4.5854427914514293        2.4949987141080436       0.45303011223382939     
  -2.5561340510732364       -2.8406819752465404      -0.52314026918429757     
  0.86572660601917084       -3.4875497331966505        1.4633903645779049     
  -5.7507720729499630        5.1436440607672438       -4.3467070188683961     
   5.1806682925003926       -4.1122673043407145      -0.46365595635465745     
  0.92915889689361608        3.9341743680968317      -0.20364165342751528     
  -3.5500294716515870       -2.2360143489557847      -0.71242927718039606     
 -0.93103115756433030       -5.4007688123429842       -2.7688474637977913     
  -3.4313207643143278      -0.63516465240559417        3.7835762658150349     
  -1.9634454054949311      -0.90229229295296609        4.0384351476667026     
  -2.9107857434815330       -3.2214305178551403        3.5493907520221564     
   4.3345577655204091       -5.3714883788070651        2.7601904523796426E-002
  0.39881122728079682       -2.6824504761056227       -3.8536874411184940     
  -4.5023470139751245       -1.5329279093673438        5.4483562331923236     
  -5.2178971808717058       -4.2630585961221392       -3.3205232351483902     
   5.1870188993670236       -3.2856789394055688       -2.2747625010766646     
  -3.7744787060968603        2.7578346147406325       -1.5791041705803379     
  -3.4002973803635865        3.3314204302471451        3.5459092013579325     
  -4.4156200618473953       0.77983050101647278       -4.3365545855082566     
   5.6691183216321965       0.25314551497683796       0.34861167127243881     
  -3.2563444042816911        1.9389787912367535        5.7377733677108935     
   5.4935840820364907        1.0153110375593586       -1.2321306405495454     
  -3.2050261494135275       -1.3051407565215207       0.38680833338249360     
  -2.7892081279371559        2.5158351716323533      -0.61657214670777338     
   2.9811337746824198        1.0716584046976427        3.9031516080801110     
   2.4726605525493706       -5.8650027098764230      -0.94151134546121162     
 -0.62158389113568679        2.4047679535436535      -0.78575593554860490     
  -4.4407223548217303        5.3071053895544926        3.4543073185895272     
   4.5543635525615649       -1.4456213641179816        1.1626186991697842     
  -3.3207580782825969        3.7327994765138919      -0.58455811030770322     
 -0.85189039511320708       0.36267670933116131        5.7962121996432785     
   2.7543208318776102        2.6742195278587775       -1.0116775832743956     
  -5.6978841616576830        5.1418461033085610       -2.4319238600334785     
   1.5693420032665848      -0.20781330437467091       -2.4629871822447269     
   1.1659584183149080E-002   2.7011471705563714        1.7785292412177713     
   4.2918360578533461       -3.5437529393785079        1.0607208001551973     
  -5.0081179859149962        4.3370121968113891        5.4115976722988988     
   9.1488113220711251E-002   5.3548333195869056        4.8579436170035297     
  -5.3595495150407890       -3.6573638895190403        3.9692747239853383     
  -3.4645663282084493        5.5565009335238820        4.4581647790479080     
   4.0578171886835888        3.6086061912930005      -0.76151109420295571     
   3.8597869959092308      -0.72109084085764052       -5.3941497320595255     
   2.8337034319516752        1.3877254728639168       -2.8733216712349070     
  -1.1602204728650058       -1.8139705576365779        4.4431504169565290     
  -2.7889167243282205       -2.2292402435818910       -5.1187217272244911     
   3.9803098928241485       0.41659503876648940        5.6994090746052333     
  -5.8639852410829576        2.4198717495530815       -2.2051752465067134     
 -0.52399285550680719        2.6855518912677847        5.6964506943568267     
  -5.5988447803876626        4.4939208559238626        1.0616381063914875     
   4.2050285913301835      -0.67504893666100352        3.3270933996803702     
   5.6782787940524733       -1.1195567526723331        1.7985392146766399     
   3.8485818352432917       -1.9995602873742924       -5.3743816791185921     
  -3.2538125395522766       -5.6672373815870145       -4.9861899554026357     
  -1.9471356373438118        1.0569019918899063       -2.5523602156512912     
 -0.62595957694053939       0.94378902616343541       -1.0318800526929053     
  -4.1810124575340257       -2.3685383019827517        1.2578471222544123     
   5.3474142474545704E-002  -2.0853701821031487       -4.3657685940234656E-002
   1.6078099050591628       0.32351086472053581      -0.19205165369648838     
   2.2292735952393716       -3.8798021942968668       -2.6909929884406107     
 -0.68602931119533772        3.1633950880247723       -3.7713204072985977     
   2.4083170552122959       -3.8740632909177308       -1.5237444663040309     
   4.9212250672611830      -0.42441897174219406        5.6755678435454726     
 -0.44281224500680605       -5.0594650338564513       -4.0910187289493889     
  -5.5721497689954207       -1.5796439246098399        4.8066725809382813     
  0.88560074429043345       -4.8512594885906335        3.5931957140589539     
  -4.7306567884446462        2.5048480338513226        4.8397863544962991     
   2.5335022700232757       -5.6848922165433491       0.93875905457769948     
   1.4084675368583535        5.7260734787769412        4.0279776478019773     
  -1.3751303246142659       -3.4260841358963972       -2.9891313489391163     
   5.8290768733452980       -4.9700425375188724        2.6094096952011343     
  -3.6006891607114873       -5.8627347608955729        4.9056854062038342     
   2.8599637462139036       -2.6927194527079790       -4.9230042358460926     
  -5.3007016275412200        1.5923359246596143        4.4633590636061999     
  -3.1655170353834401       -5.5676368981554099       0.75907422109075917     
  -1.5091194562688781        1.6420016249509670       0.36875129140629653     
   3.5842884227367060       -5.3989239790280577        3.0631135986567406     
  -5.7274659530831675       -1.1031531343825824       0.33399841740107522     
   2.8597366491094545       -3.9885231695877175       0.44104622443370539     
  -4.0647751056060963        2.1497859934530408        1.6742371633915525     
  -2.8845662436076607       -5.2453708918262807       -3.5793565289918456     
  0.13394505346790053       -5.1481678455275057        1.3107212788403240E-003
  -1.9701536785912150        3.8977781657294730       -2.8058284418740969     
   2.3934911763918780        2.2705764824768728        3.8287594978983748     
   2.0609158915849277       0.85721824120345935       -4.4575050182460165     
  -1.2940660872465521        5.0813502235218664       0.25234857885081030     
   5.8663059335913204       -4.7682508371609780       -1.5399143559177813     
  -1.3387556011763335        2.6087165566957178       -7.4534250428307983E-002
   3.0245871756287457       -3.7784746413802153        4.2574670616838981     
  -1.9767587147308936        1.7447571483446531       -3.9957180820214311     
  -2.1841917683896654       -2.6851827790834095       -1.8242876517498832     
 -0.12012901633169330       -3.1574315763359819      -0.62804433161565087     
  -1.6571192066621159       -3.2807467178859491        2.4128254060438858     
   1.4117224074916106       -4.0501462662241625       -3.9324578613622005     
   2.6071843682996172      -0.25702991668880454        5.1627613553070235     
  -1.5916279398158852        5.3433609426493973        5.4296616993590190     
 -0.80512151944396770        4.5404642833032467       -1.4189395481333023     
  -5.7623773745560447        5.0392575682337775        2.1374467575995566     
 -0.27459540273643585       -1.2292302012272558       -1.7007044553212936     
  -2.0174389466575038      -0.34342170027556429      -0.73873509020550354     
   4.2796245426693371       -4.9680511114939740        3.9173702034374194     
   4.9362062174682411        4.8077977848830509       -1.9708584303059640     
   3.0917388793754239       -1.4304049118830240      -0.36962669128202308     
  -4.8409702470209703       0.72894328516703100        3.9452454415007661     
   2.1303908451302167       -4.1435080735771672       -5.3841481222804282     
  -1.9454938660100134       0.34755361956914416       -1.6135971211062394     
   2.8674881156735545       -3.5675202668250949        2.9767979567948184     
   1.4480507164215837        4.6178070793091113       -4.8642837143416697     
  -2.6968651941674264       0.15957093463222621       -5.0616503990637698     
  -4.4622161803391984       0.96081302159479509        2.0793570883965242     
   1.4619039006184953       -2.2973581564334795       -4.2797102242716942     
   1.7945764914510021        5.1388778157330393       -3.7004448631958282     
  -2.6291777588888388        4.9237280755681407        2.3905750365969372     
  -4.1654708491322161       -2.9621054925774821        2.1888707086482087     
  -4.7155067786123199       -1.8510771486309692        3.1338549576668768     
   5.4439770104421532        3.4974307991843081        1.8774080965235962     
 -0.56110406459326800       -4.9132238278052878       -1.4788566406991084     
   5.3189315156864492       -5.0190337145191695       0.36328282547969681     
   2.1666342287176330       -4.2967156625852256        5.1061351873960783     
  -4.0806491008587544       -5.5742645358971838       -2.2210710078658606     
  -2.1041592877661390       -5.2003968798615254       -5.4089191337530407     
  -3.7175472368369520        3.5666742542543930        4.8955854172989453     
  0.48829603247932069        5.3712005306523993       -5.6046380786743644     
   4.7932803020456936        5.4033201831528359        2.0074140344352704     
   5.5542020679253596        5.8237928513851829       -5.4571015664622946     
   3.8272468569949272      -0.63014470361405384        5.5538123156009265     
   1.0434355233774024        2.2101966977350940       0.35239932605472096     
   2.0085243238791803       -1.0169200371298039       -3.0343140473976198     
 -0.11569652562308599       -1.8776499372193449       -5.0606474053272432     
  -5.0209662910474364       -5.2544198196249932        4.8018496400676183     
  -5.0764779446642772       -2.4008674657255851      -0.43834685324743600     
  -5.7849505857830446       0.89386050733736500        3.4689345757068164     
   5.4846769462808940        4.6236215479118590       -5.6937393263853240     
  -5.2593184183892134        5.7585847377733481       -1.4961329185168728     
   3.1422375018350381      -0.87733305958189600       0.81726212779028506     
  -3.4314441511507008       -3.3938301386028296        1.1795555046761370     
   5.8725803412970912       -2.5930273506874246      -0.45500531407738876     
  -4.2343332934733313        1.4000513748380041       -1.2871894318014794     
   4.5625382859498718        3.7149063515715413       -5.3737032193479912     
   1.7148090146469677       -1.7969247427936850       -1.9295142654403810     
   2.8056529880620653       0.51360724851965178       -1.4362005804185523     
   4.8983155573424533       -3.8203338769905888       -4.8042076148015296     
  -3.9802367615894592       0.99996928827133524      -0.12494363724127433     
   1.8609711504225290        1.4136300260895611      -0.19371095648405656     
  -3.9369506491782698       -6.0466837768354455E-003   2.7862033282837575     
   1.1282557035749152        1.1299418834894404       -3.2386505622365052     
  -1.2229741141056474       -1.6905941818051562        1.5148292965908678     
   4.7682664210517052        5.6209615066874612      -0.92103686408667340     
   5.8138781823140286       0.12202896106998366       -5.8533045360506613     
  -3.7749208980994355       -2.3780578152960432        3.5145668787279973     
  -5.1030347093704187E-002   1.2892024718991166        4.1644122588385191     
   1.3810784284646171        2.0302684741639534        3.5072329254840717     
  -5.5465922707455766        3.4450765151784499       -1.4270175353245489     
   1.5765505672186171       -5.5846785567258426       -5.9649646403206712E-002
   1.6223587507797157        2.5890314941507198       -5.5127369822014867     
  -4.1473443719399183        5.2348009096288814       -2.2516513146641470     
   4.7951354089744500      -0.11621325167514616      -0.93630126664761537     
  -4.9822565022742875       -3.8402631735938364        2.4517718471516261     
   5.0396264149115257       -5.5022797515622388        3.0024582439101719     
   1.6719410192287343       -5.0954545151822943      -0.96762250145017892     
  -3.3190715883147068       -1.4044025426360138       -4.0270874874325964     
  -4.4965983359323491        3.3158422061236390        5.5143393188471830     
   3.9940533209376894       0.27826392943113359        2.9823184134286009     
   4.3350266610731509       -5.7199777963283305       -4.0043131008191866     
   4.0194210878548295       -4.1879382374743459        2.2379466551255947     
  -5.5617808481013613       -5.3788276222474316       -2.7430024309007357     
   2.4970962002241399        2.3420770495222261        1.8378857812469047     
  -4.2050683768217354        3.4126567302703843       0.69021937312259707     
   3.4180014650050561       -2.8010638410458299      -0.35967079903850852     
  0.39462296513505524       -4.5204299040203146       -1.0759758452055417     
   8.2890511704907993E-002 -0.80126527823056215       -5.8127677209773241     
  -3.8479871571343609        1.2617536973748491        4.7808661265909249     
  0.40938518229992871        3.2160067542386748       -1.1382836624820081     
  -2.8233021443377893        3.4026486053180482       0.61117849999738605     
   3.5428256011296595       -2.0940088218774782        3.0450373398914139     
   5.3171327222299913       -5.7740997174301132       -5.3665819736713409     
   2.1849132855364024        3.2516707565015563        4.3110639529269248     
  -2.0481321366220659      -0.90511214984601829       -4.5413535594670620     
   5.3627667963735348       -3.2527753071528163       0.73945574701735550     
   1.8422581590218776       -3.7132972423377391        4.2149060426619700     
   4.3155555809792299      -0.89138977093466909        4.4183681247680768     
  -2.0282143024858579       -3.7750161892741669        3.3717210341610575     
  -4.6255811009236751       -5.4959237792314157       -3.3101441192540375     
  -4.1862822896762593       -2.1011674328101804       -4.0336036381770111     
   3.6492229371811056       -5.3932904562557278       -2.0663006174137295     
  -2.7681180568298682       -3.3769591674372776       -3.4102847853896123     
  -5.3539683000860769        1.0563313461587021       -1.9702070495367494     
  -5.7059615221953779        3.2381508019583061       -5.6588045101378528     
  -4.0995026982493226        5.5368231649652806      -0.87025116657141277     
  -4.2625389916027085       -5.1617540054211126       0.35561024305921912     
   2.3047641364625884       -1.4715499014393918        3.0275510554016734     
  -4.6776728003312211       -3.8666051433127251       -4.2428179053161559     
  -3.7062265350388794       -5.3435969706356987        2.0945707733460273     
   1.0869318901436351        5.7473906050727992       -1.3458638409319970     
  -4.6839216705025351        2.8384818778017840        2.5890262631253522     
  -3.3024669954779502        3.5429742072799577       -2.0068131415782093     
   1.6966595843469070        4.8205094936968340       -2.4310277460397320     
  -4.7978480490317814        3.0570881635531837       -5.1293840835169231     
  -4.5657220144503867        3.6408638689994257       -4.2981069351905781     
   1.2172414714064350       -1.3758768591101251        3.0095587096705652     
  0.23419562423659962        5.1917696015604680       -4.0276112092787173     
  -5.3283324723303469      -0.64870713171115257        5.5819741483005467     
   2.2745712758103576       -5.2303774753218431       -2.7394933421011425     
  -2.0901843803964781        4.5518026055788292        4.6270285924155079     
 -0.34074791981938313      -0.96116174029547574        3.9382268396117266     
  -3.8176840127892926       -1.5979256320829223        4.1428841871629949     
   5.6627027565013970        2.7199489271767039       -1.6024430801858947     
  0.87008345860311920       0.77473758354862576        3.8924287407781994     
  0.32494183725327896       0.53092668297188161       -5.1568765501984757     
   5.1369979915652220        1.3246991116581155        5.5004201536308734     
  -1.7364309193822611      -0.14881610949866605       -5.5747378175916582     
  -4.5375690678980574       -3.4759705760048205        5.6865284009888573     
  -4.5974785316334685       -4.3143062201374853        3.2725140490889562     
   1.9188890012656568       -3.2369872934245953      -0.63761627598382542     
   3.5837770464930991       -3.0002584701613664        2.0951207469707307     
   5.6608276566281166       0.30886639205384875        4.0028089860028340     
  -3.8687606586993284       -4.5447921577262758       -2.0870044036771209     
  -5.2303951712409011       -5.8737674863023699        1.5823452712339268     
  -3.1201522830751580        4.1253323010098404       -3.8700564526731172     
  -1.2342973420665431      -0.71680591751093725       -7.2405511671553971E-002
  0.39712224448788452        3.0122279026689633        4.6158914265083002     
  -3.7990636665298556        2.5712105018698814       -3.2929812461697616     
  -5.0084545066193353        5.6914890316978966       0.94218514634056505     
   2.4944881666166254       -2.7095765779316530        4.6258325551525044     
 -0.70408624305725620       -5.6369448224310990       -5.5858361623532762     
   2.0486366186631142        3.6286107546520232       -3.3631435429891727     
  -1.5111309967619777      -0.10838221146989334        1.0524258411122449     
   1.2901741221949314       -2.8444595886777009       0.29196886361202812     
  -4.8988173874012180        5.8502307881672904        5.2142773149737307     
   4.3924267405431721       -4.6245507419008867        1.2858701855688521     
   5.1119355069672947      -0.50345758476292979       0.85452032584121052     
 -0.67646947431029869       -3.6048738655754113       -2.2688770402069021     
   3.6502634805499659       0.26264457111444167      -0.87429100300468288     
  -1.2961960415511542       -1.4519654305931669       -3.2751548564853650     
  -5.3822967636949093       -2.3383695109343035        1.2263132161403447     
   5.4482917147870760      -0.89125580951314953      -0.91711558210492217     
   4.0234351073645565        4.7586282220680944        5.4948382230128043     
   5.8654433490856466        5.6585977939064094       -2.1535529926788111     
   5.7076045155439790        2.5864190323936911       -5.6596855359568581     
  -3.4822478656269356        1.7757769360486040        3.6660978219814808     
   5.2494984399307354        5.5150396904092931        5.5554364313897313     
   4.5051635968834445       -3.9518939361246784E-003  -5.8719598834371771     
  -1.0241673410187917       0.82576488660484759       -3.9316527538601749     
  -2.0679956867619085        1.1959329781960812        5.7377994728789048     
  -1.7010559606725029        4.0829824317345196       -4.2157623573708491     
  -2.2536832633405220E-002   5.2488144190149928       -2.4860026845174694     
   4.4428450796621899      -0.79430633121684213       -1.6032574420648877     
  -3.1124951311172220        4.2802098134993258        3.1306271772192122     
  -4.2659544521264410       -1.5004443558251068       -1.7611687626670587     
  -2.0712343674249722        5.3493560434535361       -5.7842527182196148     
   3.1393906583066071       -2.6778564291329965       -2.2782208047828387     
 -0.96071203603437272        3.5828443700492980        5.1662382433625371     
  -5.4307920928490105        1.9162044463546233       -1.4504316173819831     
   2.5878847497851023        2.9871293232634915       -2.0999521206242782     
   1.4444566312414437       -5.2371725567552891        1.1217727362082774     
  0.43209380122565372        3.9926258306119671       -2.6629797414459468     
  -5.7732067976662780       -3.7230478687305477       -1.4863912147313065     
  -5.7537246524152001        8.4348685646104593E-002   4.2356825463786256     
  -2.1114443852409384        2.9305029121633543        3.5165713758498298     
   5.3601981853515310        4.3257975968632705       -1.0471956115389345     
   5.6900022659507066       -3.9786516154993028        3.4398284305130145     
  -5.2393112864326232        5.6708124653174172       -5.8781018910789031     
   4.5281305868848447       -3.5506806783218230        2.8266200202843685     
   3.3839497977851076       -4.5908690484937944      -0.21426127837974149     
   4.0575620963418517       -4.4774435775011732       -2.9849377800514141     
  -4.7654391822965811      -0.57048713582175326       -2.3407820577603871     
   4.7485068091151978        5.2686366485556668        3.6552197430802766     
  -2.6162219922362877       -1.5175895929656384      -0.60978715595796296     
  -5.4204821508808854      -0.17325179822636791       -5.6475060845490850     
   5.1979164248610159        5.7221369082907971       -3.1083715732088559     
  -4.7618768539498300        1.6625183653428595       -4.7739939271318530     
  -2.3809721696223427        1.7499207436362751       -5.6144603430335378     
  -2.5975192841936035       -1.9235032520451951        2.9139593676323647     
  0.90466697422173059        2.0050327894986122        1.7660175585443851     
  -1.0340291722665318       -2.8007038950821457      -0.22338216426693461     
   3.4168966669343876       0.48905016838417620       -3.3637055480826703     
   4.0550389224023888        2.9387845141682223        1.9210030745710367     
  -4.1633199438508433      -0.62900435891416506        1.5085020154743696     
   2.8148168476968234        5.1768954690769453        5.7679301111768178     
  0.73517645888989858        2.0857455611768998       -3.1336373678849867     
  -1.7892396171823319       -3.0440220476001048        4.2837980116753203     
  -3.1884409489731511       -8.7229539969699593E-002   5.7768170140397270     
  -5.4789333185551854       -1.6967458410638296        2.0521371543935150     
  -1.2315690167133477       -5.0233432417902160      -0.20065909462015258     
   5.8752733171102998       -1.1002564556860399       0.40684988582423043     
  0.47994716219313466       -5.8223626050968802        3.2256205155696405     
   2.6507813228563979        5.8614083069725735       -1.8154506586771808     
  0.37005784651963614       0.89676033858188442        1.2584903740732010     
  -2.8413123464757306       -3.4027153457308774       0.28772211017534277     
  -2.8981694394408768        5.1193638368212104       -1.1755114335419079     
  -5.7738814261169491        2.2277494417167314       0.85038104326768671     
  0.89024380407522108       -3.5149781307559085      -0.52665977675164677     
  -4.3122021573923979      -0.37651585996003278       -1.0321437538957949     
  -1.3361297734379933       0.92233668793716284        2.6690019241312033     
  -4.8063986939441712       0.65331194405768167        5.6394124561373804     
   5.8072314493934396      -0.77869012882445798       -5.1211659735210571     
 -0.57528329341930251       -3.7453079871838857       -5.6179481303172700     
  -1.9500254856190693        1.1830170428214288        1.5346873507620591     
  -5.0310134884351223       -5.8037986085969635       -1.8110567555699639     
   2.8042085080581542       -2.3131465914006597       -1.2520862376863218     
  -1.4446942298480339       -3.0844074635040406       -5.0946841317021798     
   4.4466325265878979        1.5444787646682003       -3.3988081975167455     
   3.0269142555151611        5.5660284572416678       -3.6501080781166992     
   5.7757661327704000        5.4059435571971655       -4.4822877632840452     
   5.8331418005340243        3.0792422526417611        3.8407778678126934     
   5.5866860203143469        3.0441169532678489        2.8541756025601384     
   3.2684369941542375       -1.0935387126537894        4.7978346720228968     
  -5.4074718887862394        4.2224369629395637        3.0327701333757218     
 -0.59335077224734745        3.5716651817042937        2.8227847483054171     
  -2.2289007611275813       -1.2740531774205737       0.77982994777024017     
  -3.8861461017658239       -4.7778757971227659        4.5465532204272954     
   4.0736527123968198       0.70652939655512603       -4.8277654782300088     
  -4.3986197089991794        1.0342516571860729       -5.5235567931552056     
   2.1834516681273790       -2.8455908415129776       -5.7252209713576860     
  -4.0090595428964022        5.8245841729825427       0.70565628035012729     
  -5.7619872516995638        3.9003991463397250       -2.4246889074146449     
  -2.6274087178607402        5.3396912025900694       0.84681567292716964     
 -0.19705471379593875        1.4403564213395550       -2.0004457064483923     
  -2.3330033997158961       -2.1362881454459508       -3.6844298266691102     
   2.3446844426810296        1.5733294432948430        4.9296426776915121     
  -3.4363038479700569E-002  -1.7726700659786125       -3.5055599334703094     
   4.8320286299329345       -4.5045383522645501       -5.6321456333287463     
  -5.6987434758300095        5.7267038864811042      -0.20729228972980507     
  -4.8645449660104028       -1.5088087128130261       -3.5071960286330626     
   5.5373038596205992        3.0408836267960431        4.8068622975419819     
  -2.2059936742364079       0.10354644052410772        5.7795682921057061     
   3.4450885373343794        1.4501583139762189       0.98267218368849663     
   5.0399760601491739        1.2387437157443506        1.1417014181692082     
   3.1771492604673575        5.6611092579931848       -5.7400917402695208     
 -0.12506203152671203       -4.0722617576504634        2.9594993984774645     
  -5.8103448422749393        1.7358769477286016        2.6134307098497240     
  -3.2547350083610764       -1.7212641462100333       -1.5198510274044206     
  -3.0637735880816122        4.8422860049093162       -5.0847944881570681     
  0.66925104640091382       0.55702620132683589       -1.1888033084627345     
  -4.5123871417022521        4.4962195591091749        1.6151439482505079     
   3.3337396318355323      -0.11274484269985230       -2.1540939057855901     
   5.4968156548736831       -4.2197947989677962        5.1156238787810890     
  -4.6888579613720784       -3.2945004627440038        1.1629077915234596     
  -5.7007121242586454       -5.5944559471857085       -3.7185339000840480     
  -1.5407412447778399        5.7304155431543951       -4.7696079400982505     
   4.5881339607638418        1.8147573883923549       0.45719164613065544     
   2.3154241278974235        5.1339323540606427       -5.0334290619779214     
  -4.0396259868848423        4.4096539590139718        4.2021011132500306     
   2.7690202910873367        1.1925304107799859       -5.7701112874748892     
   2.6653839893930336        1.5468380549580512      -0.95376857503767476     
   2.3289251226396441        2.7210416269764792        5.4353871729921233     
   4.0942127032726159        4.5597309616986434       -1.4028939393745303     
  0.62221775469519780      -0.56261409421087782        4.1547272575059786     
   3.7229075118245101       -1.6089407748697868       -1.4217579545065651     
   4.5483722234179496       -4.8036471342904221       -1.9694485285709940     
   1.4537073054594098        3.1221080834121415        2.1280568747619575     
   5.1728485626755534       -5.4512737437146308       -3.0709142876024482     
  0.31675680830222991        2.9868277707571012       -3.9088432411134888     
 -0.25878339778996606        1.5203216502995209        5.8713480703189775     
   3.8604482533572568       -3.0686045482734947        3.4480226667089253     
  0.12605657922901634       -4.0915980570193540       0.75908391414859289     
   5.8738113812986672       -2.1658410625412237        1.1418381584718300     
   4.2989394325818830E-002  -2.4411088632260269        3.0347736799737324     
   1.6841232966557373       -2.7592510734351277        3.5965570950596049     
  -3.3023021173426992        1.5476406400090956        1.2266925890610447     
