   14.647213642279628        863.41851483973892     
  -11.597553753575015        978.89423926748088     
   16.404201065512854        238.10291091462722     
   16.867473603574759        382.21338872207235     
  -18.432722401105558       -1018.6463981954804     
  -2.1097076848497602       -1109.5064133054509     
  -2.7458494212383222       -1130.9540781587966     
   17.490587392502576       -1031.2277068344720     
   7.4160804118021701       -606.36183225492289     
  -8.9027310474501249       -853.70841405910733     
  -12.931935309779442        837.43168759747061     
  -8.9181252322274354       -344.07123973871160     
  -8.2298721306235478       -237.90195653766148     
   18.126218819609093        486.95486937958844     
   16.877273488976105       -1128.8805986731202     
  -14.144316529658170       -998.94628600064607     
  -10.687870858465446       -1204.4799217224916     
   12.856206502183586       -790.33598583096125     
   12.055367421366750        50.561105249123621     
   15.206559113151316        272.63726853942683     
   7.5251972962112017       -1010.6521260694470     
   15.349408643369514        932.85286466018658     
  -17.500834916985060        1184.6634467757683     
  -1.0395603535254188        151.98419971461652     
   3.9772480019409762       -875.32803324525628     
  -6.9361027370702590        917.50298292089860     
   4.8116221293244745        209.33438711145772     
  -9.1333318538131216        597.94613384251477     
  -16.711110839423398        961.36512239902493     
   6.6590604380027640       -141.92271160252128     
  -16.498545976451446        360.95948313390824     
  -14.688347603369831        498.81879458574286     
  -10.592359872206762       -106.65555403129738     
  -7.7072887881655445       -1066.7815662665937     
  -16.459626448892454        933.25977087898104     
   18.934399925498919       -1186.7303578820222     
   1.3228133113365659        404.07368818203372     
   20.939089244487992       -959.71394859268162     
  -8.2884480455024470       -194.22270315699433     
   15.745732118033184       -856.41202690746491     
   4.5448450305329757        420.49543488263100     
   3.5266506820600876       -915.84432461876429     
  -13.653307321004835       -1162.3990181826175     
   1.0904239915204015        88.347139917797307     
  -19.454387062084358       -1102.2131814461404     
  -4.0299859007172874       -623.84280099518446     
   14.046058148276659        662.90010126467030     
   15.106059294781433       -1064.0307610338596     
   22.033383280790787        693.13119451951661     
   2.0202194391577839        1061.5095704630335     
  -12.733245210421300        459.43196654689325     
  -15.424949208344708        732.33101640266591     
  -16.867828359632217       -396.31483282072054     
  -15.524923483734421       -878.15560047840279     
  -12.570634825798306        560.55071382674157     
   13.345604529314182        332.64812815587959     
  -7.2236680969483604        133.09486332547621     
   8.2199854517491726        254.07126098256884     
  -1.8234133476586400        946.80407773876743     
   7.0899324030831519        434.56803155197190     
  -17.058483540018347       -270.22470526730888     
  -17.115703972947163       -452.63963307200419     
  -11.201658670499484       -42.296767864688860     
   10.962592587666588       -1089.3620051828577     
  -15.295639841101551       -219.79539670413936     
  -19.076508054943449       -945.77774592178230     
   11.614051890879811       -769.14651468343527     
  -12.763502192182573        199.61997944588646     
   4.7426303704637407       -330.42696114726681     
  -2.7058741197408214        848.63228007460668     
  -8.8334482340346963       -1087.4618382028518     
   18.681234190025098        403.79152735408690     
  -8.7306053630645089       -593.94816448827396     
  -9.7493981668533980        770.45623447682624     
   3.4709868582440575       -657.24152265444991     
   12.843399522975304        360.72496027418885     
  -1.6134657866503475        1042.0944771798165     
  -12.731649732541419        1074.6399974709138     
   5.4439676164166437       -10.966458120464472     
  -17.015638805396247        333.45690751560164     
   12.901599063526730       -642.80119657772536     
  -12.066735947349981       -80.848341943501950     
   17.568748230448282        145.90321845924288     
  -14.079530482146524        96.556004808108582     
  -13.365974063388729        390.26077441279227     
   12.309990143905686        1002.9942061983912     
   11.731448323816196       -729.71069588457306     
  -13.238437234686263       -787.55812412319972     
   5.9299843491891471        539.63904423215172     
   8.1389445108950262        1125.0600570359757     
   13.823986664731306       -900.39207720139439     
  -12.126727115626396       -698.61635665090910     
  -16.327282472962398        1147.7286054268129     
   5.1853725554181596       -689.36594454068518     
   15.914015694281030        6.8430029529622391     
  -12.996818259870546        14.945724955688886     
  -5.5654654380159982        812.70171419544181     
  -1.5295781356198468       -984.44694863282575     
   15.996251076406301        1082.9840616142153     
   18.666568691516400       -925.10227623412845     
   18.409354771030547        110.89777195778626     
  -14.022684793034111        427.32821792462204     
   10.459485761954042       -122.69988133838939     
   2.3570287808608548        33.105585655722940     
   5.9286262076716509        967.09153085177275     
  -7.6633582782112111       -542.79852059055202     
   7.8151125748723151       -1203.0109356982391     
   12.066028582973992       -309.07035680896701     
   8.5532354170275777        169.17863275119691     
   13.388850202906966        1202.7141448536431     
   11.868377733208661       -23.233975742467777     
  -13.951697401018190        1050.3626849163279     
  -9.6200687413427133       -678.80061754314477     
  -7.3627426241982841        232.41053014985593     
   15.396662898340391       -95.141253692908649     
  -18.541224161576086        265.63830995475371     
  0.19550691989817476       -1049.0427438581326     
   7.8915669536504689       -1162.9874685080702     
   10.792994946520064        609.01470298408765     
  -6.8209790222996896       -508.42572089760756     
  -9.7702819998150598        1124.6861612417515     
   7.1118424535417244       -210.77530133797245     
 -0.58393153437165324        347.03170687899376     
  -16.865257819586592        1101.6584795803117     
   15.958813522313871       -708.47676795433176     
  -7.5808723780278102       -416.43677299440651     
   12.653075618389495       -515.75578275387784     
  -18.016321689458731       -1129.2855295043191     
   16.588251881073187       -823.50226001652663     
   15.162948628352343        760.61079072390930     
   3.9258988878395233        304.78579109275131     
  -10.645841433787423        59.294008281545011     
  -8.7311741586021689       -1035.8947626509619     
  -7.1776203897557220        754.54721606505507     
  -17.439040255331481        666.79442950548116     
   2.5738622615765667       -226.05176110650862     
  -12.885431425423731        689.39846188645015     
  -2.6974832541675648        317.23476399308800     
  -20.193188446460393        118.08238391856442     
   19.485651975393292        805.70986610801322     
   2.9095808059682615       -167.35566169471437     
   10.341038295966984       -409.50356965383315     
   1.8850005496704803       -479.71384132361277     
   15.940209852319612        1143.4245358116377     
   7.7063731929861534       -456.03749375827584     
  -15.469576407644148       -759.59272803091983     
   5.0004493841156368        1100.8947850235279     
   4.6172076673487803       -944.17994429221619     
  -13.356069332230831       -129.05157683520656     
   16.243821625511043        453.81051732273454     
   19.109619740804831        516.87052351814361     
   3.0115306041003604        509.97955704802132     
  -9.5229222523103800        486.56704118173582     
  -20.436096538098464        308.88009043404878     
   14.525530000554465        551.34019201857700     
  0.30207348087031299        373.88813809481093     
  -10.863248402450735       -16.325140540323645     
  -5.6980501987979464       -438.86404871821492     
  -13.097740150251260        622.94796458068618     
   15.252687358548599        786.57949300592588     
   6.6463973835447154       -274.47074201369139     
   15.564002135747826        189.54341271157008     
  -21.348225098370541       -979.28282763746154     
 -0.31020621465447540       -65.071315636305158     
   17.284444829241323       -182.20130678060653     
   12.674904546557579       -543.91358898625413     
  -11.709247409805604        1006.6509722027560     
   15.539646108723458        907.12454447125731     
   11.265109173546342        1025.0673536615934     
  -8.9833741387421835       -568.84190980837627     
  0.20417670842217228       -961.11146824511775     
  -13.109055071161160       -315.84535061202166     
  -6.9096948891608641        1163.1812457820295     
   7.8435217046337762        72.992679478380893     
  -20.116248830838209        1032.2878183553703     
  -7.5954301395510342        181.97159078367230     
  -18.831925366281475        161.60180288552542     
 -0.14343515351143968       -363.08931951998858     
   15.126572439612268       -580.83305041850974     
   5.0755189028353209       -384.75924179133267     
   13.032649062864172        882.47839544210444     
   13.191974862479370        569.37202404080722     
  -2.6408196492503495        285.72265122325587     
  -10.847819254988813       -292.42661092645181     
   16.713797409785691        1162.2310881711953     
  -4.2436999810095903        703.83111071996439     
   17.320065421116233       -359.06975332839249     
   21.632982589561063       -433.77550576298182     
   22.312993912924721        90.343338080796642     
   3.0203479034664502       -253.34449732641369     
  -8.2791550679317965       -1183.4032294397082     
   12.180633931220081        727.91811927409265     
  -1.1357506444130390       -837.86007576639599     
   13.584279288256832       -564.86086893495110     
  -7.9889534905215500       -933.22995755824797     
   11.586765418681130        634.95323043086967     
   13.278869984288534        831.11530587282277     
  -7.2256604292928541        642.13461265791545     
  -10.893831693555931        580.35382549277585     
   12.984516310239984        222.87906168777218     
   18.873734465226818       -991.61001276967033     
  -13.914671567891148       -817.43698382668424     
  -15.486631758586531       -907.32894603689783     
  -13.493783931733239        1201.5660539636035     
   15.919985349998669        471.31642576204803     
   9.5734641980624193        1184.2927066524242     
  -14.120871707350585       -154.06703873366686     
   15.042215640739300        1047.0601032397756     
  -9.2776963411001585       -727.09876866417278     
  -8.2059579251050909        528.97435804630982     
  -7.0408934789979716        785.84626472684897     
   15.017578845387211       -73.737204057107462     
   11.044536024399884       -43.079886470819382     
   14.674403746592462        590.12785724915886     
  -13.762875384465969        889.54785923855923     
  -34.853115766564628       -255.48043788932625     
