  0.57720720077097887        3.8330849191137388       0.31300116477538892     
  0.26891457721676493        2.0086822974477960       -2.4384325499900403     
  -6.4986632946511386E-002   3.7304000461857427      -0.67480104225907167     
   2.9377598989830314      -0.93880596001279804       -2.8167576025702834     
  -3.2023836608858973      -0.22129766013587457       -2.9835321871046481     
   1.7585131426043614        2.5730846305260489       0.35307992474153388     
   3.4629070810989839       -2.3456243283313927       -2.2445348383099613     
  -2.0184082804869714        4.1859231038039537       -2.2362524529464123     
 -0.32556602133902968       -2.4779807717791789        2.6275762588061196     
   2.6201954669869143        2.2671518008408036       -3.7301733395044083     
   1.6075117129746639       -3.3109549197155044        2.2113155402843852     
  -2.9311819428449990       0.54493438351826606        1.9099623087832580     
  -4.2010726916830832        2.5060513405230478       -1.6760133595089159     
  -3.5076531463395759       -1.5194018851003765       -2.2027585565921770     
   4.1031517208349477        1.7267221034552098        2.2639875103447480     
  -1.2990074763782953        2.9843908926446399       0.83250170165620074     
   3.5655492237682385       -1.2815556688638070       0.14490487098138374     
  -3.8953437235427928        2.4473158699548412       0.64413013634164140     
  -1.5197239270111531        4.2137009806821517        3.5815622150586965     
  -3.2327373761454252        2.2106664101530287        2.2478462801077117     
   3.0803294255844014        3.2223373609556041       -4.2126220290790020     
  0.80917867299336277        2.0221834030108012      -0.72408524538149455     
   3.7875831458281914        2.9459470397889573       -3.3998243922526035     
   2.8334625576695163       -2.8270758934238858       -1.1424682368494385     
  -3.8610442917813836       -2.1101661050310851       0.72299972447587102     
   4.3999965449567409        1.7422048439631401        1.2253200127954880     
   1.0421217964273057       -1.7494996975612209       -3.5385370247880821     
   2.9804190713434280      -0.49544400200217692        2.7000031810810863     
   2.9064647554545027        1.6368546535465356        3.0400271752817032     
  -3.7232425403499474        1.2044937665447684       0.15253924730915852     
  -1.9122972915054053        2.9906491059440916       -1.4338558646830575     
   4.2862751458179398       -3.8575983688799189       -2.3019255437423616     
  -3.7488153528623802        4.3952763599313718       -3.5118208508113615     
  -4.0458628396738758        1.1894672940840316       -2.8104172771273608     
   2.5934234157421003        1.0651326938360461       -2.4765343055295523     
  -1.7249470900458781        3.5588923455092467       -4.2195459656448344     
  -1.2110194915457224        2.1460160994278676        2.8822274146528275     
   3.2029028585808650        4.1054309721428321        4.0742159912477911     
   1.7448996414628022       -4.2804466695952081       0.18258968483028515     
  -3.3052509912699750       -1.0350164506487824E-002   1.1509121572136729     
  -2.6095459963456200        3.6855969454431698       -1.2261484521029200     
  0.46842229186876511       -4.0143953423049572        1.8440354565426307     
  -2.7686502481494752       -3.3022276453669490       -4.1614195275335302     
  0.83615226678889321      -0.81994789563372883        2.4726644596942555     
   1.1260996468023516       -1.7941220377805127        4.2838402290678648     
  -3.5005541864064806       -1.7972084207786239      -0.77728351389686678     
   1.8538958782159558      -0.99070722224788266       -1.0305359825021567     
  -2.8209515513649634       -1.1036201923098736       0.55635923447980751     
  -1.2509461697144029       -1.2165870817650450        1.5667702868846978     
   3.3472188611409175      -0.64163577270027228       -3.9318882333721574     
   1.8538792634275860       -3.8564660677790346       -2.0547594572642889     
 -0.66013786690599030       -1.9602740914681853        3.7104519196440378     
 -0.15258347435137309        3.9850579293811483       -3.1379754266802662     
  0.39243082958315795        4.3231683769680469        3.8009858732849819     
   3.7670837013097533      -0.95541943457782874        2.0585849135741441     
 -0.35741396468601544       0.84733825929681583       0.56295438239603879     
   4.2203362394547890        1.9005189943203864       -1.3040329656696548E-003
  -1.9615503678490365      -0.55799102923543920        2.1788641118262877     
   3.8573496203896460        3.5922783352485728      -0.68400483795416189     
   1.5940130031135595        1.6940040861841896        3.0236841462246518     
  -2.4405932024375678       0.82916628183441188       0.89618585982332444     
   3.8064934225488791       0.74952328516692657        2.7810316538418371     
  0.92944086299115158       0.57239498398477728       -1.1348374549115652     
 -0.83041081784111337        3.6978261878668039       0.25120394343862085     
  -2.1721947919813438        2.2017259855408113        3.9282129974275093     
   1.9002168419163890        1.0201577650836382       -4.2965680474771144     
  -1.0281257870699436        6.7379427972517808E-002  -3.2468970452515729     
   1.9603828176062614        2.7608245830535565       -2.3914822475040376     
  0.63655885808007484        8.3267520646831628E-002   4.0208898314372448     
  -3.6466637796376902       0.38791184089788083        3.0420926789582632     
   3.9726389282684544        3.4768125968315493        3.0710006640218177     
  -3.3261025428726660        1.4349380139276893        4.2085701996854175     
   2.9509543138188850        3.7780633207892156       -3.0229717207147462     
  -3.1325738102290130      -0.63161792627406910        2.5401538187782360     
 -0.98899376296250463      -0.11815942161747457       -1.3022248032584844     
   9.7156052742619167E-002  -1.7481204688515710       -2.8236409795046740     
   2.3205759527037930      -0.80965163885280067       -4.0644975544282653     
   3.4914449621666699       -3.5289940443087215        3.6757661320639379     
 -0.23336905263778937       -4.1468219199076044       0.12255344120301026     
  -2.5693463021828520        3.5138054279849626      -0.23742777317975639     
  -1.2224127597360748        1.1177517219332171       -3.6257684478238237     
  0.68226437992397604        1.4390806207300859        4.1187831815482339     
   2.1890589754809953       -1.2307858323602967        2.4254168265807494     
  -3.3327296712488215        3.3647784757704766       -3.0594254415801330     
 -0.17056759743871644        2.2644987854825458        3.7435235769766848     
   4.2463698162836874        2.8067162771849059        2.3704124828986473     
   2.5799222931292594        2.0573021287530717       0.67345747496686381     
   2.5111313220124982       -3.6679179040441623        3.1256051680224890     
   3.5522554254699075      -0.43612746502165817        3.7172112496192833     
   1.1962466374117418        2.2998252361770688       -1.7725713296434520     
  -2.8373849377407279        1.7114624102512250       0.37818179225642456     
   1.8769785102126550       0.26683582911091247       -3.2827356474510228     
  0.96430444589258268       -2.1179479356415656       -1.4066356874412267     
  0.97049039490343902      -0.40085252081432277       -1.6836461279617894     
 -0.81388778453466970       -4.0025503948610863       -2.9945233679241761     
   1.4536819205654359       0.80253156606510934        1.2435600638038484     
  0.39430252843971159       -1.4033787081103202      -0.35470663503705097     
  -3.7518604047079944       -1.6477368132292229        4.3873904314756826     
  0.29141838928996805        1.4009836768294242       -1.4099765880342015     
  -3.2307147217537722        1.3982305777051767        1.3463566203095652     
   2.6854129045334592       0.33266849039173774       -4.2137578393893111     
  -2.3825545467631497        2.5660858720232671        2.7860289421895361     
  0.68444190788627501       0.73763254746330997       0.52781651068956592     
  0.50137831858656490       -2.5768050637177304       -3.8125325145080828     
   1.8847811942312052       -2.7516959281945010       -1.8784775917694789     
   1.3220533498844445       0.71884448387877098        3.5578317522461069     
  -1.3010873859917205        1.8560423650582158       0.48673748322411686     
   5.3622396725093092E-002  -2.7096627488478524       0.59332081722621721     
   1.8789608435121463       -3.8414552032726892        1.1405882962790179     
  -4.0702373271358550        1.9189270234478999        3.0246285284070158     
  -1.4906454270082654       -3.7887939193268352       0.34195356414811695     
  -1.6378332676598319       -2.0828413431348499E-002 -0.34402673193719829     
  -2.4854622469338468       -1.6260205664300853        2.5045312166855425     
   1.0135588183161715        1.3597805103899514       -2.1295002996919448     
   2.8709342604943973       0.98337931851525573       -3.4580385821960506     
  -1.1289902438571102       -2.1972733210728608        1.8417462779181335     
  -2.7498169394290941        4.3649384832132219       -3.4754254400223705     
  -3.4225456482307428       -3.5584002335872817      -0.10404636285109826     
 -0.50666794659603931      -0.19663413130978133        3.1359193789900619     
  -2.7382228476945367       -2.2744793646775165        4.0447003480850716     
   2.8300223647435048       0.15455993380806884       -2.8485357285177675     
  -1.8900533048551256       -4.1038134497270979       -4.0378540292569740     
   3.5540669323186940       -3.6381499606945167        2.5932933100714051     
   2.5657025310288946       -1.0195262717555753       -1.7726809561099000     
   4.4047604057154448      -0.87498369912420537       -3.3141096139953783     
  0.99196299969234314        2.9344222877455159        1.2508914317997535     
  -1.5756078617990636       -1.8691597524183043        4.2547516199755506     
  -3.4480251543751868       -2.9449845510806356       -2.5265308879935962     
   1.9313315569636746        1.0576153244138571        2.2730190686724385     
  -2.7610149307674159       -2.9337141249913303       0.73909651269771659     
  -3.8516298188775513E-002  0.70167736383377943        3.5557560116570190     
  0.82311004443538460        2.9658760334935663       -2.8228732389492714     
  -2.6171490133346427      -0.48016241438665580       -4.1872303971494134     
  0.78544515009149374        1.3614965377394688        2.4963088835756295     
  -3.2851777010091778        4.3448198995619158      -0.68559538341788917     
   1.6168035963243026       0.96664163315564178      -0.19247469104643852     
 -0.96531648588422558       0.80643215068859675        2.9905587112965044     
 -0.48955027316189281        1.7014287686524443       -4.1303409263985129     
  -1.9296196711295264       -2.1417950108010420       -2.7857210572855000     
  -1.5297051948276648        2.0069418183155174       -1.0013387322498861     
   4.1433621767894708       -2.1077285397101715        1.9773639245579895     
  -9.0181666938667457E-002  -1.1779368832060728        3.0426556651485162     
  0.69752662995180392      -0.62471428368359594       -2.6747137371803489     
  -2.0202764276372283        7.2915182241789066E-003  -1.3534142209117486     
  -1.2373288589192371        2.8062645716496331      -0.21125645283726860     
  -1.5395384996790935       -1.0216461395562635      -0.87625089828404723     
  -4.0472017944675569       -3.1915750626756600       -1.4796221956343236     
  -2.4052529485288385       -4.0494613853396224       -1.4908248248294418     
  -1.0857100883069351       -3.7485747916750976        4.0712135215711189     
  0.93443063789130487       -1.6921258016733647        1.7388905136470640     
   3.1978666938256470       -4.5367067392383872E-002  -1.7483063589610914     
   3.4085724362010148       -1.8954748661864083       -3.1642098079594070     
  -4.2883764896838699        2.0914636051117332       -3.4664818945361993     
   3.5035985456690453        3.5867182515514737        1.9836576390989462     
  -2.6785019227893572      -0.82925315623162665       -2.1802180806708407     
   1.1533952806228203       -2.0735709413120769      -0.21990594848596554     
  -3.3894196525071996       -2.4336673551763437        1.6775348248368456     
  -2.3205676427196034       0.60254788725042163       -3.9024156001171884     
  -2.8206730131124620      -0.75414868942243463       -1.0856486309473525     
   2.2382584279230033       -3.2443119299357117        4.3193155222080808     
  -2.2874402741578956       -3.5323129354543412       -3.2527456205457161     
   3.6874690774125436       0.41605533830700830       -4.1978272680099842     
  -1.0976612965857346       0.20960896888198044        2.1614815499901234     
  -3.4133066462369404       -1.2352459285494561       -3.4791071543509009     
 -0.66530599988802042      -0.47344375612130191        1.1896139615336363     
  -3.3955701069457236       -4.2340733706532170       0.94165603383371688     
 -0.81706811756303965        4.1371440626397042       -3.9687207222705458     
   1.2219695155669406        2.4427861831695430        2.1827085525395109     
 -0.23519138894319339      -0.41896890466378778       -3.7824978611550217     
   2.9322072034567572       -3.7342757942025862       0.92777010113424718     
  -1.0973751662039009        1.4381386121281716        3.7810131599211636     
  -3.1276392926099059        2.2170764649341725       -2.0161655052799903     
  -1.3463863526272244       -3.2480477530094425        2.1880487161366640     
 -0.20576793990351458       -1.6484855857036167       -3.8875292185780754     
  -2.5001489616486010        2.1024976134486204        1.4990703039995399     
  -2.1624041323161300       -1.7708296659940981      -0.26028269872976389     
  0.98303352892341389        4.1153361085802196        2.8698200394217723     
   2.0384755453387844        2.8443016213049503        1.6817838780560828     
  -2.0350701043305959       0.93799412354507727        2.2274443388396845     
   2.4937776389802782       0.48366499897066761       -1.0013694335922148     
   3.1656939422344306        4.1423134576847866        2.8882481699991787     
   2.0839781872313710       -4.7598928495089482E-002   2.7774440602381310     
 -0.10357360553765597       0.77672636219931412       -4.1261510479138943     
   1.7480140257911692       -3.4813664447949288      -0.87738970733936128     
  -2.2211870131072065       -2.5724118482826221        1.9270603595737499     
  -2.5436487413133304        4.0359932775016096        4.1433304486591211     
 -0.83413925122813060       -3.9808698471539077        1.3170198266820368     
 -0.31654192145454596        2.0980310898551124      -0.18157089480738006     
  -3.0998938136294827        1.3416379517546739       -3.6179396834832920     
  -3.2151508322700111        1.1716044712927907       -2.2476953948768670     
  -1.2018695344369379        4.2382299364374925      -0.80799216596896395     
  0.83303555350710823      -0.13492512086716080        1.1314453374041928     
   3.6064386521221468        2.7129038293161600       -1.3345744457923931     
  -3.8503696032746180        3.2655401078562774       -4.3328420590064249     
  -3.2405417020144727       -2.3684971997228983       -1.7352669225384978     
   3.2970002324423260       -3.8652923922481883       -3.8980985422418377     
  -1.9111829179249651       -2.0919073636419330       -1.2903355112501851     
 -0.25170524218221962      -0.55913267616160189       -2.3329234116849884     
   4.0338259807808248        1.1687071806332570        3.7133327841146322     
   4.0605296166189557       -1.4775855685584744        1.1538114961188410     
   1.2382939674280111       -3.4330028787047593       -3.3070268325022005     
   3.1348205278044685        1.1728969660653183        2.0208553308081112     
   3.3304562246768730        1.5298519715275660       -1.6284529398633656     
  0.90616648797518506        3.4048004393873588      -0.71153643821060986     
   3.9964607639138512        2.5926719328424435        4.3928756487528045     
   1.0988651177656898       0.36321079235760517        2.2546915315014147     
   2.5598986552328147       -3.5948242106941422        2.0698066089384795     
  -1.3771876279659534E-002   4.1424439737469676        1.2265219054627390     
   2.0447987293844587       -1.2451098057487664        3.4725222811115000     
 -0.25651835343986135       -1.5553559837791657        2.0210365036772444     
 -0.23169926202078539        3.4346277612353386        3.5568227639463661     
  -4.2884541397647045       -3.4444294472963208        1.8691680358226146     
   3.8191773442404346       0.76129073459408403       -3.2210485759965151     
  -1.3787058154699627        2.1089147622957145       -2.7266014195633099     
   1.9043198668470138        3.8694207924647332       -2.3036239847873259     
  -3.2736335445892606       0.69974518218461779      -0.78242919678814271     
  -4.3406723824277416        3.6180049436327750       -2.5828655812014780     
   1.6549805441888832       -9.6939513212076334E-002   4.3636379127863369     
  -4.4066760718305273        4.1235734487213813        1.3508961930326011     
   2.3548777324579482       0.56002150676135731        3.5562038339379423     
  0.54706687475357851        1.8062463948959817        1.3428004217697673     
 -0.66157651486498781        4.3439667350830300       -2.0984475489029437     
  -4.2205413718319651        2.6113866539485513      -0.63040493084811233     
   4.3704399502515052       -1.2507875585085531       -1.2914682466779253     
  -2.9339391917007949        1.2462348740013933        2.7343382075333524     
  0.60159287245546411        2.7718085925502738        4.3881440101199667     
  -3.7626737408913922       -2.8351064294527437        2.7661342183103947     
   1.6730787842282764        2.2634578118328119        4.3716709762635606     
   3.5131620392534648        2.6750783657216353      -0.31194717652247883     
 -0.60831925075755289        9.0199859487528358E-002   4.1203992637760054     
   3.0799479853391172       -1.7002427970075067        2.0641998868253895     
  -2.9022727423353039       -2.3113590699968363       -3.6420055397269100     
   3.8501061601268671      -0.72578582195449959       -2.2493664829770643     
  0.73336968243165890       -4.3664291708322311      -0.58437184513146700     
  0.80238679828637272       -2.6871225808160064        3.8969039376385601     
  -1.6134709944454830        2.9573083683334687E-002  0.89808870383037764     
  0.15831555660642646      -0.53943446543170681       -1.0909209579786796     
   2.7756102890360315        3.2733115785539706       -2.1198438043497085     
   3.4339741005066045       -2.9064861143570848       -3.2004115978543166     
 -0.41133154487058909       -3.7106149527074335        2.3329463890590016     
  -2.1729934397972168        3.6803095166671995        1.8668399768781698     
   3.0601916567128717       -3.8756733334875908       -2.8481994085397697     
   1.7057479614180959        1.9632098319854061        1.1509276394744694     
  -1.9837458477574934       0.42884875381186494       -2.2698945866417883     
  -2.8013051127986883       0.53276778774808764        3.8235102010524908     
   7.6054482851544786E-002 -0.17443073597767558        2.0734883354307541     
   3.7453097531847184       0.17473964487454322        1.8169165771554745     
 -0.40818659266342844        1.5359955414807009        2.3254176304918341     
  -2.0039098914946285      -0.20245297404568363       -3.3983691900603370     
  0.84583150333612489       -4.2692131248591867       -2.1626619690845912     
  0.38768379788560819        1.1915103515744025      -0.32937495673371292     
   2.8131047478492914       -1.5684874195711402       0.75321563155057414     
  -3.0089877912470739        2.3584907961085939       -4.3454072313743950     
   2.5320686969626220       0.19454372297391370        1.9085731882440784     
   2.9976763815668153       -1.5164509815240426       -4.2795686099933024     
   2.5029214448061277       -2.7413765055634691       0.91368439942210533     
  0.68623523838677714       -3.7512860497966289       0.45647438466012663     
   2.5437486844528294        4.1899512803836476       -3.8834171316517105     
  0.78363508655396674        2.2719618812962636       0.26493772989842101     
 -0.34584249974866182        3.1153969192794237        1.5673806469261915     
  -3.3221058180464316        4.3257302358904286E-002  0.15184219103545174     
   4.3867182491084744       -1.1309833163951835        3.8367065509373361     
  -2.4626085366261612       0.11153920934568777        2.8389246978545564     
   4.0596986914742486       -2.1194929948145544      -0.61577493558729890     
  -3.8664349907487279        2.4171602362163815        3.9091468725385838     
  0.25849661004891084       0.84176302727098884        1.6041810500271212     
   1.8235625746022575        1.0183560477845448       -1.5625774322188424     
   3.2056794971062472        2.5052673527810718        2.4122957947852188     
   1.6108440990020301        3.2989481375427956        4.2456464974999175     
 -0.39630540639751033      -0.96006353750419271        4.0639233538693889     
   4.4043183155238710       0.48631973875136747        1.0110978480302375     
  -1.7140820711824634      -0.84284528833976491       0.26909927030790848     
  -1.6277662536036626        3.9317946670924955       -3.1508430482984586     
  -4.1441071514762262        1.0598366519729370       -1.8016454066143763     
   1.7782623066464325        4.1185521568465298      -0.91776607539262278     
  -4.3480028119948129       -4.0147928393175514       -4.2575281273184835     
  -2.1090008964320632       -3.8407492875978004        3.0626582009007293     
  0.60248277332450317       0.10101025084426155       -3.4238303465033701     
  -2.9793057239397482       -3.2662643638129940       -1.1842357959864573     
  -3.0185471022548565        2.4597177369071974      -0.65481621785975297     
   4.3125775445146299       -2.2724789239019625        3.8979284210504499     
   2.9465328617847981        1.4410900990462512        4.2445167506883710     
   2.4764984300626844        1.1141877694528484        1.2562458384816733     
  -1.3064214774247627E-002  -3.8436633543212224       -3.7184546904630706     
  -4.1948559326749439        4.2157432623959243      -0.20949631419686754     
  -2.9611801235215167       -4.1749237523161726        1.9247826197571605     
   2.7231298401502699        4.0031476388675022      -0.36092110615329009     
   3.7282397204497677        1.1401226576093375      -0.63531227968835535     
   1.6398806934660843       -2.5336979546631500       -4.0999691285481417     
   3.0493994539645115       -2.6227969909504116        3.0806433818871670     
  -3.5676304832580685       -1.7128746813859106        2.5390320824261376     
 -0.76022341937227123       -2.3051761708292116       -1.0773945998977181     
 -0.11272449394096706       0.96506273191146985       -2.9848867384309576     
  -1.4183498789912308      -0.74890526265457591       -4.3585449273237105     
  0.38976841838882054       0.38278393320796211       -2.1227016734059996     
   1.3877388805392441      -0.53021047140344091       0.21140244329433755     
   2.3985052846306445      -0.51083251426560383       0.89085332854798982     
  -1.6629558842027885       -3.5784216706377987       -2.2653754955257126     
  -1.3236684288973486       -4.3381735135280781        2.5002701442524100     
  0.77599114350073850       -1.4055684942575519       0.61379513680143305     
   1.1667960556039942        3.8789607238136745       -3.0602373748649163     
  -2.2541885366238592        2.5866947779320721       0.42371204048434019     
  -1.6436034637793955       0.26562829761922552        3.7145277008056694     
  -2.9507206018039200       0.14521325302446617       -1.7146347773073403     
  -2.2662335645134144       -4.2244822764318490      -0.50187363991650069     
  -2.1658368770251921        2.7729723714700771       -2.9318713325569070     
  -1.1824048681435548        2.3624711487916916        1.7287548312299272     
  -3.3331079799734553       -4.1014656605522699        4.2306053880676222     
 -0.17101270540730759        4.2101020881428104        2.7143356624088018     
  0.80286111200050458       -1.9430787361783799        3.0412282863063536     
  -2.1702559976200591       -1.4632494495434734       -3.7940214209959411     
  -1.3443512208066539E-002   2.7138775289987445       -1.1296625645175657     
  -1.9546901293615444       -4.0668014410552953        1.6243619908039770     
   3.5051024591527211        3.7408402087819432       0.67900186892052006     
   1.6432243682716112       -3.1670983573274460       0.31970066871111547     
 -0.82362247548751610        3.1737974896661001        2.5465299460913999     
  -1.7849859396010057       -2.1775203634220559        3.2452475271152945     
   2.2121614648455097        2.2466865068060681E-002   5.4945525965582338E-002
   1.9764500838415009       -2.0709136286146990       -1.0305635843445382     
   4.0893612896619569        4.3138576431216658       -3.2063015637436960     
  0.52571615430005536        3.3642264514893605        2.2214973633345552     
  -3.7170016171202112       -2.6637642382808511       -4.1668843217962124     
  0.86129734516495027      -0.79711828890424885       -3.9621592139496329     
   1.8980502930662990       -2.4594639396808584        3.0675502600847051     
  -3.5734850709104764        3.2812087190136774       -1.1925240060009494     
  0.95317775365261403       -3.3103551489895198       -1.5583992563235562     
  -1.5758461105994823       0.96521961006892842        3.6230106424568725E-002
  -3.4935963511803658       -4.0369348027185668       -2.0096892367770405     
   3.2873214675983360       -3.7227906408991283       -1.1734987198470794     
  -3.7483119626439989      -0.55168550550248241       -2.0062200721687842     
   2.4115535939374997        2.0240858817618026       -1.6696243883197799     
   1.7906641674258226      -0.54390005262083729        1.7125174149178082     
  -3.2763376455320437       -1.2989923778717369        3.4305503400254960     
  -3.9982127437186024       0.89493340551833200        1.9015957043546798     
 -0.68835251575649270        1.6367962988714426       -1.5266947346050161     
   2.3997986599351018        1.8778520873110196        1.9234693759439638     
 -0.54811058902631227       0.66637799662015063       -1.8639114399587990     
   2.4663833959551624        3.7217784758137418        1.2230001198942146     
  -1.0040096270361065        2.5978197339984832        4.2286926134832532     
  -4.1051136082911768       0.92885567580727169       -3.8044613759348276     
   3.2021374263709554       -1.4115412231422952        3.3263060271771634     
  -3.3749570024007007       0.23624368625984338       -3.9496673245147762     
  -3.6022233879053323        3.3133523617572145        3.1982867940580650     
