   2.6211195283421804        2.0738193284660413       -3.6177712950545047     
   4.1990106829898330       -4.2179983752214030        2.5470324690423913     
   2.7253852255832629        4.4122327774435011       -2.5976197878514471     
  -1.8676995045323344       0.87604179003586613       -3.7508338821198874     
  -3.1071239006925309        3.4445426294880206      -0.82677886392333688     
  -1.5612408527590047       -2.3226429678826475       -2.2896531031278471     
   4.3284079963576927       0.37022144306078719       -3.0051496892953291     
   1.7284016673213471      -0.75028585225357347        4.1347490763002250     
   1.3089346393030772       -3.7910931684393141       -2.9936146563251533     
  -8.3319059091721461E-003  -4.0388490509149424        1.3764423365480283     
   2.3162192587482062        3.9708711823742249        4.1022072769851770     
   4.4834716079371324       -2.0589492295863852        3.2126674705530975     
  -1.7357964001411372        2.3921628021103838        3.4209163278122254     
   1.8480056822809345       0.70593276354277101        2.2339747402215191     
  -1.8905364567551466       0.26550873647082868       -1.9119237253098267     
  -1.9769898013549401       -4.5202182369913055        2.5727364315341495E-002
  -3.5811878494875988        2.3258734166006327        1.8985224951702204     
  0.37599311360449622        3.9452093446974166        4.4052336623093264     
  0.38502671680489475      -0.35521876993180151        1.9469463641350362     
   3.2355190376211969        2.0494064855152665        2.7747134929542443     
  -4.1778789767188345        2.1184890490291801        8.7200960553217091E-002
  -4.5035827807698601      -0.24437870601918962       -2.5265971357866688     
  -3.0817148761581943       -3.0391494433341713       0.94493362924265489     
   2.1833996723352485        4.4334100545755115       -4.0732457756082736     
   1.0039737051763651       0.64662176020200113        3.1980690452151794     
  -1.0156747196800400       -3.4787944916687215        3.1660828321236321     
  -3.9131830582052807        4.5648009349857661        4.0335686783919247     
  -1.3087366378863943        4.2714502976452051        3.2159697120696906     
 -0.74515587057009403        3.4917814450423044E-002  -2.4091874754705458     
  -1.6128712863508043       -2.6734842272823442       -3.5581981570687802     
  -4.4463462587564599       0.13381195975147164        3.4511889477326001     
   8.5863068121103836E-002  0.39644721677547345       -4.2266435376512925     
   3.0437286046230900        3.6110427464352535        1.2403809983628298     
   2.1334544064991587       -3.4819549766143325        2.7159223638021768     
  0.25789351220496809      -0.65156175145444994      -0.72134930083660331     
  -3.6539438030505451        4.0115706742452657       0.14080230866403140     
   1.6985463462297747      -0.34965522208768779        2.7367895946232097     
   3.5057176920082496       -3.9504417441135744        1.0740181870981833     
   1.0084396467469017       -4.3922170421895297        4.1910594619027348     
   3.1523738685693998       0.16714223738401721        9.1861211484540906E-002
 -0.89384302601916010      -0.32905384688504469      -0.26482032243860965     
  -2.1059055421619015        2.2844711563179914       -4.5671401406987888     
   4.0490538450182605       0.70801268941724183        4.2884869634434857     
   1.3459586814164324       -1.2967586798254982       -3.9656169516425663     
   4.2558937214364869        1.2485003502837873       -3.9357328442028208     
 -0.19177332181776982        1.0940448798766269        4.4966488213232632     
  -3.4806018123197302        3.9978594874268891       -3.4554141694806439     
  -2.7707295725755441       -4.1364507191335012        3.1166386849381178     
  -2.8688386274605455       -2.2664765913074532       -4.0433606455281046     
 -0.64399877266608951        2.7720727583055988        2.4625500704802579     
  -2.4864403326313935      -0.70515183812808846        1.1471011923167702     
   3.0176525480193690       -4.5056300912536251        3.2204121767289529     
   3.6571514779111212       -4.3115799389875544      -0.16633088397396020     
 -0.44281468225593462       -3.6950955105108423       -1.3798157049578030     
  -4.3845619191570426        2.8519597746475398       0.84589903157272628     
 -0.69375489242843402        1.6194990353506342      -0.30115853766222705     
  -2.7323552997691571       -3.5682338592285943       -4.2436130051595864     
   2.7810651142803819      -0.26887219433576448        4.4468787296941787     
  -1.9855302079687156       -2.0756895457095816      -0.73476907190833529     
 -0.30053658521818627        4.0850011466876843       -1.4954319863436945     
  0.17334769913186723        2.0083425324372723        3.9568482292907645     
  -2.9000629097955946        2.5693666609753723      -0.29211146164607354     
   4.1769245496059506       -2.4364119951795749       -4.2802846780547839     
  -2.1728381704447237       -2.6967417394557969       0.51619965573398952     
  -3.9464905873057794      -0.94312310215594430        1.0145864701858283     
  -2.0126487090965654E-002   3.8427216808524185      -0.20445695452558707     
   2.3784117791467350       0.54945533663147061       -1.1898227885912729     
  0.28075731025491157       -3.6899141476565527       -2.8081019681222661     
   1.6259056679014596        2.1401332355593738       -3.8585685517427124     
   1.9572142611610623       0.26690578771452222       -4.3155696922434972     
   2.9267993250745197       -1.9098140037988476       0.14898362433349716     
  -4.4211848850716793        1.4546789268587919        1.7814548761477254     
   1.3732522383429051       -4.4380353050910299       0.83184358674373693     
   2.9958415690711377        2.0737729191173373       0.67844811256041360     
 -0.44582958847496490       -2.8321284726225984      -0.45657443248294260     
  -2.1733027509443716        1.0763970923014643        3.6612654863537464     
  -4.5395159110973120       -1.7738310365278092        2.5757524424548741     
   2.4813477946891038       -2.3467273475616071        4.3911578637015305     
  -2.8600818318693406       -2.9472564902458860       -1.1670728922320155     
  -3.2407057506655144       -9.0008737947135598E-002  -3.8738207538640219E-002
  -3.8298756548761785       0.85764673617439013      -0.68895326046772332     
  -4.4364920109501345        2.6446814610969991       -2.2310757179808958     
   3.5153674212175812       -2.8796364005064081        3.2347827454482760     
 -0.80907268642008556       -3.9734372026816382       -3.2340992620984417     
  0.38649738478233342        1.5202258349704223       0.49324676528443390     
   1.5005938469071085        1.8496427515395744       0.24530783472828818     
  -2.2727720997922769        2.3526155497161638       0.50927249651420903     
  -2.8098370885433743        3.6326422918365648        3.1120699942942607     
  0.78276268190160425       -2.5826896773059334       -2.6137290842657794     
   3.5296913874868689       -2.5989238659766087       -3.4823823272364480     
   2.4104177239417504        1.2063172272143154        4.1863602768965738     
  -1.4472566581017869        2.2271001447822245       -1.8874296810956239     
  -2.4015660124973577      -0.43275883160977180       -3.0397397705322615     
  0.24284633285032892       -3.1215461496549106        3.7319755887117592     
   3.9869875484411961       -2.9473963145674551       0.77980944911514605     
  -4.1330126139654979       -3.2505464897183702       -2.0353339733592279     
  -1.6326489578517780      -0.92588501528917200       -1.8547396965915077     
   4.3408259602722783        2.1442722857659553      -0.61557498438797298     
   4.1215308950644891       -3.9330860699984189       -1.6836234704600577     
   1.4621199386331383        3.6299099912506296       -1.8710007262259409     
   1.9558891704728310       -4.4757203919491158       -4.3332681874188701     
 -0.63436266012936593       0.59313150351195232      -0.67147237710919649     
   4.1797277971480060        3.4501301456449105        2.7108546978666332     
  -2.3554213613368251        2.1453382058752859        2.3076696513861878     
  -3.7957874428723537        2.8109505386604940        4.4427353262385951     
   4.2657435464645772       -2.6588303034676466        4.0612123272026608     
  0.79700322855841221        3.3095666103735937       -4.4535857315668013     
  0.37504593152101490        1.1031361233882935      -0.59233510059879613     
   3.8417680067614985       -1.3540822511006771        3.9036077272870866     
  0.39469168589657377       0.84754787569297596       -1.9126340149310255     
  -3.5070132364658071       -3.9586175368298915       0.92486718862650619     
  -3.2717501941681513       0.24285083136553920        1.3947420596576867     
  -2.1411929006712023       -1.9277312969027114        1.7713969574811828     
   1.1861220884791597       0.89629944792784610       0.32874751804560071     
   1.7169422726398074        3.6853690343790575        2.9411837678212742     
   2.6650750321745669       -3.0865744059460738       -2.9112743393891813     
  0.78977093185239344       -1.8524805294481792      -0.58768595031839110     
  -3.4339416624629542        3.3868665130121767        2.1238068815937798     
   1.7370901779387888        1.9255465851455040        1.2733550985629276     
  -3.7717901288389508       -1.0748935708052143        2.3400542512006248E-003
  -4.3136260314749642       -2.3129877950056708        1.2906393545081423     
   2.3526724995124897       -1.7310710612217028       -2.4975978609638756     
 -0.47019044381867015        3.8310106275258207        1.4728538377323501     
  -1.1676875583428004      -0.42989569732550736       -4.4194199594934416     
  -4.0489785306801220       -4.4463379818382807       -2.6979307749044690     
  -1.1614480922578523        1.5136940103313732       -4.1255003229271976     
  -3.8621536900689870       0.59604326333962154        4.4446173280426313     
   3.5090105306384887        2.7426935596391715        4.2882917143152346     
  -1.8956474934835610       0.81960424842326862        1.9975575995994930     
  0.92576187113587760       -2.4798484559807470        1.2236526535875081     
  -6.5143135644995923E-002   2.6468849111903183       -3.7193804503065167     
   3.3113741558502729        3.8768825663902926       -4.1315573814007651     
   1.1248686209849950      -0.82393130674644732       0.75989012353945040     
  -2.6984434100008157        1.4714810666446838        1.4859180900602142     
  -2.4339647365044303       0.75273826966301738      -0.63727886376559195     
   2.0381754973271060        3.0908302220874937        1.3291209860712938     
  -1.3131684842511067       -3.7678094948405185        4.3743452733220458     
  -2.4747243840829762       -2.7568660998241974        3.2296844344464311     
  -3.0931491768070130       -2.0917223636252560       -2.3164743732582780     
  -4.3750259727588787       -4.3921213296857298        2.2362260410429555     
  -2.5018867910914602        4.4684812478902316       0.11474637648589790     
 -0.75235740090753978        2.6669528739752630      -0.18853543936251291     
  -1.3577740720265865       0.23663316743886056       0.80935449660072001     
   4.2326367358765093      -0.78349353330580374       -2.8656541578885038     
   2.2255357449629964        3.1043792858455510       -2.9468646332854087     
  -3.8047932778091460       -2.2136272275694244        3.7539130779550969     
   4.2785246227518225       -1.0017794097794968       0.10079047703942304     
  0.48388101176815873        4.2454626495963934       -3.4386838455308419     
   1.3604293373454106       -9.1674003727928430E-002 -0.32500454976101445     
   4.4978767375369415        1.0944279061174895        3.3880146732941698     
  -2.8649994694179974       0.25160979726188726       -4.5107607521487276     
   1.4067508290891912        4.2301275453367362        1.1774923406437920     
  -1.0591585969121955        1.7718110708228001       0.77176430924662998     
  -2.4446448375809191       -4.4911710206056918        1.1775478260947947     
   1.7847361357516536       -2.8328076771097974        3.7381386642586190     
  -1.5889229523725275        3.0656104478855006        1.8770390636170358     
  -4.3872072166651295       -2.1137558365302636       -4.0262380511504059     
   1.9579081972306271        3.0969465794722377      -0.46242552610324661     
  -3.0913120635103044      -0.94827473936552109       -1.1750035375643861     
  -3.4258557321572751       -4.4268669304547261       -4.0192369611613152     
  -3.8226303081077893        4.4087825113031709        2.1199546672014029     
  -2.6757972889054731       -3.5489664027088068        7.2956327423900624E-002
  0.72782213367571236       0.46814607526806257        4.3886111933118626     
  -1.9162907767819615        4.1384880565322328       -2.8761129308402529     
 -0.93913872889980776       -1.9245131543089764       -4.0457060646437331     
  -3.2104038244811153        1.5004745097693970       -1.3583965674737106     
  -1.4579301444694803       -4.2984127299612798       -1.7467669127447654     
  -1.4643271531427895       -2.3585040534217341        1.1442829937371213     
  -3.7925442552737110        1.7651877509317104       -3.5776683242649887     
   4.0276586132019201       0.28171555898408407        2.6752725597454980     
  -3.8820831410772505       -2.0515452831966416       -1.4525256816872469     
   1.5429402413943565       -3.4870390690424893       -4.3024220606130976     
   3.4679629756456722       -2.0047873031958359        2.5224410158121513     
   4.3862243937009655       -4.2513951945964843       -4.0758051589665270     
   4.0678423439670377       0.14152072669708177       -1.2672977998037986     
  -3.4888351752926079        4.1343759101862245       -1.4690767873783521     
  -4.5418312355665540      -0.50053986617175517       -1.3751563411697882     
   2.8507448897602168      -0.24220365115490419       -3.7333860282217706     
   2.3450253086788417        2.6933503853167391        4.1675977404426305     
 -0.20082924709414440       -2.9543439551729844       -4.0134070147267353     
 -0.53049933774473834      -0.47685538628059182        2.3517097254936741     
   2.6026057768866177E-002  -1.7461921855432678        3.7853147197874883     
   1.0742709119268501       -2.2294219121502103        2.7548332405858225     
  0.71371736031409416        4.5551483085484428      -0.58057745120142024     
   3.7503081340159725       -3.6411492470904174        4.4253438772620539     
   4.4324829694374728        3.3082613413339987       -3.9589069349669224     
  -3.3700309705396001       -4.5210704083706723       -1.7772157033675973     
  -4.5640218257092195        1.3680423435111417        3.8800814694335872     
   3.8372684003923809       -1.2266044994468477       -4.3194740228774906     
   4.3868887585434004        4.3382332361483016        4.3646531844425152     
  -4.3981307519001280        4.3804180599630671      -0.68520971423881849     
  0.83213067681109198       -4.4728201073658784       -4.3381867647335373     
   2.6667835215438207       -1.2431795545447042      -0.90459176030031863     
   3.4901801119572049        2.1845209490377271       -4.2405655784505294     
   2.7458918474134357       -1.0981275980345568       -4.5149214025841271     
  -2.9758579616627263        2.2404174844903699       -2.0100030802457494     
  -1.4957156419980959       -1.2342977290572341       -3.4035026744755958     
  -4.2539460782037457       -1.8951962639559734      -0.38560493357527797     
  -1.5162931172891161E-002  -1.9921298104866478       0.76878044952546454     
   2.7896368521339747       0.94300148599466638        2.6338362169354377     
  -3.3062133619285494       0.50887560771497298       -1.8554410039996552     
   1.1821313470503612      -0.86436464816728198       -1.2710124958484954     
   3.4148771509521754       -3.9018104241884668       -2.6425206578235194     
   3.8582136032053618        1.7935805770873763       -3.0290457246592255     
   1.8225616008548926       -2.2314560661354714       0.45582586152571497     
  -2.8870310371778682        4.5292890436308051       -4.3124384770198558     
  0.47838523057780291        1.3856425583028005       -4.3972818517871728     
   1.7788493961165721        4.3189464479650450      -0.32063467685281571     
   2.4014639762173826       -2.6949964129372157      -0.55194479039286970     
  -3.8583046656381517       -3.6059498268859738        3.2429200340441904     
  -3.7713947014461962       0.72048881218810834       -3.0523473163377299     
   2.2547737152919125       -1.4738761995402225        2.5432025922279111     
  -1.1494832419663443        2.7618316309086635       -3.6060241331870979     
  -4.1310201909730555      -0.27962821032880358       -4.0851282571647829     
  -1.8468450331316000E-002 -0.93130989969020606       -4.1712735495631152     
   1.5595044349784202E-002  -3.1694269691707353        1.8908205927787234     
 -0.86827000227838147       -3.3451074368856104        1.2832129405682990     
  -3.1409807031199137       -2.7212515852699215        2.2716122011567208     
  -1.1850298604431679        5.0608901310520212E-002   3.3041518207319482     
   2.4463246559898653        4.0227065280350400       -1.0971447148087166     
   2.8221119435481516       -3.2213773036361419       -1.5325923457709092     
   2.1726582451317293       -2.5630052515231521        2.1245230047574180     
  -4.1452498510818190        1.9852529146413600       -1.0023943680136724     
   1.0151900051733318        3.5831161651262500       0.21523254553598317     
   3.6349363803313848        2.6734103773256077       -9.2051766837503352E-002
  -2.5136515727741990       -3.2789946096773561       -2.4835191252154569     
   3.2942547771818440E-003  -1.4033960188238284       -2.0536443492064178     
   1.7341789649863149        1.4057908869288611        3.4532370835282782     
  -4.2732337482005205      -0.93220436009662377        4.0002428696296519     
  -4.4314663169929540        4.5276330055436498       0.67509306741313968     
   2.4857430496954014        2.3020955689263785        1.9305943542710626     
   1.8198232656871247       -4.4520652953510576      -0.15681305902917564     
  -3.8785338987290419        1.3950047806657129        2.7577301648926884     
   3.8649366943449919       -2.9512372528644035       -1.3457585945204817     
  -4.1238655494441687       -1.5082941083751578       -2.3427871788564310     
   2.7362477777897873        3.4229972396956221        2.2961552847145486     
  -1.0274267219806621        1.6669866352401728        1.9744437919803808     
  -1.0259777258142520       -4.5288595378856495        1.9269756108343172     
  -2.2170086507260041      -0.52527628564822915       -4.4962953988382797     
   4.3704679081468818        3.8191182372285510       -2.9751031936076862     
 -0.22944213845300290       0.85112847476269105        2.8834457382459200     
  0.66784522738219032        3.9392528533409781        3.2244616919711118     
  0.28195754126867839        2.3047505964376414       -1.5295954926215236     
  -1.9247612670224872        3.4191631584150337       -1.9754872381186441     
  -1.9636846773789696        4.5032205946070469       -1.5666059869605076     
 -0.39056394885318391       -4.1264485780538873      -0.34598266650097326     
  -1.9667861416277967      -0.29630679098342999        4.1656806761806484     
  -3.6849352031987651E-002   1.5645194019211748        1.4426368977093140     
   2.7297684597492355        1.3198926460086013       -2.0636376586203000     
   4.1293867088887648       -3.1255151434602793        1.9702870549773586     
   2.7624702795457114        2.1910516494261918      -0.46082921814665057     
  -1.7082646191746664        3.6746075425343463       -3.9745738436800293     
  -1.4338649734026503       -3.6010708948332417      -0.83841482877459861     
  -1.7973450747363542       -1.3015618816995100        4.3970775959460786     
  0.97586361516618325        2.6410931033300566        4.4518565112749426     
   1.3632641578691873       -4.1836644766747302        1.9297844198118592     
  -3.6147808808033819       -3.5883674670012389       -3.3966791320895298     
   1.9561381120555172       -6.9882871337463362E-002  -2.8088824390466343     
  -1.1352053075708075        1.6585036020277355       -3.0826358244340306     
  -4.3304866835127607       -3.8987785528765326        4.3958721614559222     
  0.53068581857429942        3.5283429023784074       -2.3141010201217815     
   3.6584362899728928        4.2438508055073649       0.11776296139144353     
   4.2644113491277578       0.91469658928173014       0.11187670471392240     
  0.77043664742636664        2.6909792667653676       -3.0136095320034015     
   4.3076376216295422       -1.9471264003329738       -3.0499341552730725     
  -4.5223246891167026        3.3748923906914627       -1.3377333724351501     
   2.3396471622693697E-002  -4.2225888379095107        3.7602773817241335     
 -0.91882767912800334        2.9831833204490614        3.8669774374321317     
  -3.0487574146506633       -3.8366028233720884        1.8852627419948711     
 -0.93362363479910948        3.1913919250003659       -1.7438471170560939     
  -4.3990640902324101       0.19024251637853379        2.4535499457235619     
  -4.4650555862459695        3.3592850433623140        1.9918478326526952     
 -0.37750245401549154       -4.0681090757318632       -4.4924058539090410     
  -1.1759922736821204        4.4332740936930222        4.2628053773479442     
 -0.63774193465631968      -0.50837124347527285        4.2946847903823331     
   2.8410706696502968      -0.29901056722691893        3.1252049829200335     
   3.0448747270122385        4.5082024482520833        3.2781322350391164     
   3.3681975241685049       0.38076113350427998        1.3364576690836480     
  -2.6385474592042057        4.4531956635184393        1.8309196458942110     
  0.67751112158349347       -3.8397479571741924       -1.6652599862149435     
  -1.1090793602740219       -4.4744748825869989        3.3822663220151976     
   4.3636518955904098       -1.9029619814261303       -1.9824897599709792     
   2.3909479164287344       -4.2743103218234308        1.1108465731008981     
  -1.4429324190269774       -3.3737574532252417       -4.5087442283878394     
   3.9113283201272142       -2.0132702924822219      -0.26450995224503843     
  -1.9061665012027718        3.8410090394443914      -0.43369806522872073     
   1.4263247607802696        2.1468573938586348       -1.5587253071644300     
  -3.2212616643446199       0.33338555549025589        3.4275477526028908     
   4.0478692404477261        4.0801060385185570       -1.7166537683222749     
  -2.0117578214572704       -3.5599527179978598        1.7356306077491019     
   4.5594715723516872      -0.96086600142916623        2.2524304881169388     
  -2.8753176168210115       0.89286521906541172       -3.6499641504877518     
   2.5609534002664867        1.0898821120895319       0.76346267688470926     
   2.3249526081302636       -4.4072512638924808       -1.4943383874003564     
   3.3353282221235867       -3.7622753531048523        2.1063438966333989     
  -4.0810882986787096       0.90427145716289936       -4.1995823284019043     
   1.3592361145847152       0.97707359235820557       -2.3023625886692964     
  -2.9021763785198424       -1.6709854499081451        2.7491897713732825     
  -3.5866508508394128      -0.50523595330516280        2.6830864561056780     
  -1.8202935949288106        1.5286611614015284      -0.48810156155182249     
  0.48112273093713448       -3.0122108710436728       0.18408662325424471     
 -0.95050186384365409       -1.8450304083969509        3.1732509327346774     
  0.69852822971501349      -0.77929680762726394       -2.8440497745087354     
  -3.0993492290961808        1.5268642705010982       0.25130918191123897     
 -0.95022746420163973       -1.8938172306277603      -0.35154022872108864     
   4.4667412538994631        4.5060444046039239        2.8621999102934907     
   2.4266870825939719        4.4030906189587862        1.7391247452936309     
   2.1723684303041337      -0.72447504096829629        1.3588283469724141     
  0.73493353121904959       0.71508578987843119        1.9616661886362543     
   4.3169606755317247        1.9232052580686247       -1.6760574713994614     
  0.60023276673737103       -1.5163195720119005        1.7676290087380544     
   1.1178043312188217        1.6882204263469680        2.2292580066516541     
  -1.8205742253363362       -1.3110342016340077        3.0778213494663165     
   4.4574571719766354        2.8376255428678792       -2.3608903238192056     
 -0.25748435827288479       0.27371714834396765       0.32299741025467471     
  -3.8088093693937628       -3.4155820878013179       -4.4105330579104347     
   3.4832925677318829        1.0887556951105526      -0.54063647177342100     
  -3.0727496301551418        3.1826082907923903       0.96115451278632968     
   1.7282120589933536        2.2587655545256990       -2.5855474745841223     
  -2.0204372629401663      -0.18028109822273602      -0.39462302659390952     
   2.3964556906632013       -3.7279771450910961        3.7059038366881936     
   1.1099536951218001       0.81068306057764605       -3.6522661994359074     
   3.2271808909974733       0.73304228306240737        3.5116717430117586     
  -3.9086021668535729        4.2388778400477438       -2.5211923150313886     
  -4.5499024183336587       -3.4330794320693792        1.6225702296575089     
   3.3256599163064280       -4.0117696600249193       -4.1923476897783383     
  0.90105908524695155       -2.3021055047534871       -4.1941086876277520     
  -2.2686428984972586       -1.5436566055056580        9.5911461847630747E-002
   3.8333193512646533       0.95828645119778688       -2.3161271420205978     
  -3.8830982138596317        2.7910211212944880       -4.0679129082465124     
   4.1604889285901638      -0.97428877633705158        1.2573756853119882     
   4.4990119646054278      -0.81109281446465720       -1.3048934524002707     
   1.2995674061842908       -4.5488242000554386       -1.0666527052703221     
  -2.4739518596180017        2.0779487877247940       -3.0401663669331418     
  -4.3340658837899246       -3.1114496613796603      -0.16710079058314822     
  -2.7886081942817857        2.9330647329115016        4.1804827457899671     
   1.7206723479977346       -1.7493108091048186       -1.6139451019024291     
  -3.6509085539303459       -4.5503054363016453        3.7434886638365783     
 -0.74008108297372144       -1.9868432146021160       -1.6474101635628196     
  -1.2441717874219047        3.6513933243646743       0.71157977575631548     
  -3.2137221706337216        1.9321057092233727        3.8782170068911754     
 -0.10344493662031766        2.8368503354612056       0.98385101149952858     
  -3.0674111706723513      -0.82797580149560057       -2.3008003574223639     
