   4.2628962514673674      -0.40862201347903826       -1.4846649772374467     
  0.57711263552049430        3.2474984920990999       -1.6275663950019186     
  0.49553512735999417        4.1360604907906460        2.7870874198593714     
  0.66620293974483857        1.9625626189924350       -3.4550234380346772     
   1.1412647961717755       -1.6725733879596221       -1.7129094376702803     
   1.2712451396144111       0.98172455415651427        3.1806696127169731     
   2.5065138653239889       -1.6251500198264532      -0.15612420793979326     
   3.2100506611420632        4.4866593542707527       -3.4993024971924442     
  -1.8688893807873689E-004  -3.7916406782574983       -2.5166567085994198     
  0.14718093162062326        3.1853627179902557       0.70373835102331461     
   4.7105069205812127       -4.0552692833006478       -3.7469480112182492     
  -1.3614018595270294        4.0923695259243464       -2.1814655829236260     
   2.8354749693594035        2.2611802412279429        1.7619300390333792     
 -0.67712454475106842       -2.9766669389299687        3.5508388862592177     
  -4.2059055928010851        3.2361853726999463       -2.5570020822533666     
   2.8315139881334592        1.4440321485676870       -2.5206757080805358     
   3.2574828869206836        4.6275016484648228       -1.6249231984771644     
 -0.99255019801559186        4.3477373642431001       -4.5036402189006060     
   3.2727207020588764       -2.0414763700729894       -2.8899801305397328     
 -0.21517589308318616       -3.2026380901892031        2.6342843954072386     
  -2.5086240473877748        4.2407352419865951       -1.3483401970090694     
  -1.4774444559548308       -3.7941911018666614       -2.9046403617221368     
 -0.35956761914119828        4.1293442407027179        1.0371205306614235     
  -1.2190728718936261        1.5528495584199997        3.5223250992422739     
  0.77499651911554635        1.0263403865904108       -1.1811993876416305     
   4.1676911308251992       0.33891751688563282        1.6901725946318393     
   3.5000019668895939        1.9406111483299422        2.8854685999669054     
  -2.2310130100050833        2.7352911063865117       -1.9747824041544495     
   2.2828875145248291       -3.9787815623959979        4.7159557963205865     
  -3.4630934329682930       0.84456093031743640      -0.80239713003164759     
   1.4170948713256859        2.1539742416886702       -7.9771328709609665E-002
  -6.2479893429605610E-002  -4.4969227980039648        2.4464669688270302     
  -3.7902111676688199        4.1469189415178365       0.48963469700115847     
  -2.7595452542709520      -0.39870867456199860       0.91101022313479496     
  -2.4996724961312795       -3.9139855406100956       -2.1063853135547563     
  -1.6978122562291711        2.4601122530539783        2.3650569467069058     
   2.5310911007729349       -4.0056067576738243       -4.6643880477607409     
  -3.7008174255100239       0.89818083671822058       -4.6363413433329779     
   3.2693130725876416       -8.4973659211253466E-002   3.7335048205073127     
  -1.1567309030113484       -4.2287859538819896        4.5755299609046229     
  0.16832620251083835       -2.1251142177050983       -1.3084063702543720     
   2.5786660802865686       -1.0934195023955808       -4.3943250511343459     
   2.5163528815667782        2.7474315981477928       -3.2401553513825925     
  -9.5224400528118258E-002  -1.6203566045924778        1.4794543515389975     
  -1.3573542316641858       -1.7762574857193600       -2.0313581458799241     
   1.4015676901068590       -3.6223651268761694      -0.69560782844222968     
  0.21691171138445919       -1.2582820941961066      -0.62425706125544944     
  -1.2446659993378144        2.4468291993162969        4.6616664962426446     
   2.2167747730013070        1.9367629144882685        2.6384952668451667     
  -3.3732498675801268       -3.3231215825308054       -1.2096347103536895     
  -2.2456369684504098      -0.36318402155248647      -0.97827913550368795     
   4.2451280683124297        1.4236298169843618       -1.1719144543707090     
  -1.4226939468980619        1.1655938137950956      -0.23416227160564040     
   3.5613584073384059        2.7823532675855414       0.74128074343988393     
  -2.2065889966039527       -9.3347412960013018E-002  -2.8646631778444567     
 -0.85954379405757286        4.5628971286326898        2.4852886190930494     
  -4.6249825153381368       -1.1858205908230386       0.50513897410880315     
  -2.2193786149339574        3.1868739968815127        1.1589044457620021     
  -1.7742676332987022        4.4362205786010547        3.5743287125661460     
  -3.5192689739069301       -4.5273261582036879        1.7602072537448781     
  -3.2837864161919068        3.9473750864776163        1.5289446412970140     
   3.5623290147157998        3.1094135659922633       -4.2370145929442469     
  0.40376488678087896        2.8458789184890767        2.6460271196197569     
  -4.3928936704880517      -0.62466053981580638       -4.4510659155708279     
 -0.52967244453826079       -1.3479797330062269       -1.5528612487337758     
   3.9564087797083407      -0.86401110550932247       -4.4564476696669395     
  0.73720119594055467       0.42822211328465115        4.2227571271690563     
  -2.2126220678672897      -0.29087013405369261        2.7699522079237533     
  -2.5420704481261032       -3.1476369213089455       -4.5460646033462151     
   3.5607315220696201       0.79913996667770371        4.1366627063451435     
   4.6410147071197656       -4.6370514461138610        1.0530310787713058     
  -4.2037151895480651       -3.0326969253809515       -1.8445720512849604     
   1.9923023888667166       0.75735070186765929       -1.8183915707911498     
  -1.4998826640301168       -2.0840826601862532        4.3973829131883928     
  -1.6110732279473858        1.2848060252108415       -3.7107064608317604     
  -4.7368069909682609        2.2263970692267261        2.8289961137072130     
   4.5328436996771231       -1.9605945454589644       -2.2061665859401014     
  -1.6809201057427052       -3.8367930346124131        3.4527544901239162     
   2.3883045204202409       -4.3467282991538339        2.3910889430416593     
  -1.0014719590899606       -3.2234420484253072       -1.1649638563830369     
  -3.1564546623209604        1.5058010386221814        1.4569489553003578     
  -3.9473728233965368        1.0694805776238430        2.4172407646313192     
  0.41304118282086022       0.54909912595168930        2.2838910263609504     
   1.1766523098773858        2.4336232138565661        3.6654601462663301     
  -3.2255385998106054        2.8480270341850389        4.5823327248856653     
   1.7075335149872484      -0.47584079375322530        4.7006960091275376     
   1.0020801340940206       -4.0308225571991487       0.76455154470522391     
  -4.0850297526897092       0.25100366233988786        3.7946552374918645     
   1.5421000608390778       -1.3009029630223434        2.5965198177081255     
  -3.1950518851870320       -3.4473856771870337       -3.1154110269530091     
  -4.7325485445855087       0.45202373764122061       -3.1659227000652517     
  -4.6452657403326407       -1.1197887182023101        4.4747945582042128     
  0.45881330709747653       -4.6133404228011479       -3.4056576764628765     
  -4.6471195974760535      -0.73452151085619821       -3.2302696240256452     
   1.2831495798111414        3.8454283162853433        1.5555254552993856     
  -4.2588134035268865      -0.45746963688777387        1.6255872144015857     
   3.8039630350083358       -4.0765944669912928      -0.66325376178051332     
   1.2022019976420755        2.3241416917806683        1.7121573774567362     
  -1.0862710612568622        3.9898565756787545        4.2197046262121756     
   3.0433720890365579        4.4777085231577436      -0.49309692340434313     
   1.5338460592368808       -2.1843351738427597       -3.9580959782091001     
   2.7292963031023216        3.9425250714265481        1.1571309407729364     
  -1.0960331360075104       0.65244802549664027        1.5573674006900342     
  -9.3364890487182647E-002  -2.8131046170177991       0.44741693330709614     
  -3.3350599050374901      -0.25584841088682880        2.5977365620726118     
  -4.0830351877032589        3.9681176071774416       -1.8758971289909936     
   1.7801513333432526      -0.34704677353532709       -2.0239850448546606     
   1.3039665773116920       -1.6968894049601413       0.78242013567052260     
  -4.1988130834763275        3.0005270827145227        4.0504318673632582     
  -4.6731207050595511       -4.0409817607848222       -4.0701415851702141     
  -3.0602424065570482        1.5474289287767482       -2.6022251366930527     
  -2.2195531988254027        1.3171049230883414       -1.9874355699909183     
  -1.1080322688231636        2.8093634411198982       -1.6013203255923463     
   4.7282909262204900        2.4238327276113085       -3.8566536900673767     
 -0.49117077297689382        3.3316973741659197       -3.2056668948419524     
   4.0349082993407679      -0.85687093365929268      -0.27474813745832072     
   3.9012488376535845      -0.31715292317205779       0.69787487412019744     
  -4.0740935611538616       -2.3948890110228942       0.97263813188422399     
  -4.1275397961004590       -3.2892510707107090        2.2838293521096027     
   3.0667247681550891       0.11353958174590778       -1.6391389952098385     
   4.4375738494312040       -2.5357351538797763       -3.4013602225726380     
  0.33032658057196052      -0.95865579055764993        4.4429962897815996     
  -4.1996651861897414        2.9723704328777449        2.3909477358270284     
  0.66317617537505180       -3.4955669347672584       -3.9972864311958136     
  -3.2713293603742817       -1.1310236291576699       -3.5861193387623107     
  -2.8805200451979971       0.25038791694602536        1.7215465838088595     
  -3.9123963693582025       -4.2793160028188577        3.5023580410575499     
 -0.70319533992854288        3.6152514916199303        3.3455109113449071     
  -3.3430546410051676       -4.7363576990284928       -2.5959722751890433     
   2.8743430516601784        4.5262778326976587        4.5146135766512847     
   2.9278744037783251       -3.1599982503840995        2.5845076289213598     
   2.9663607354323580      -0.94699230697101611       0.88784612629636162     
  -2.7052741663074946       -2.0184109546709905        4.0765715370942335     
   2.9919903775088739       0.32455104169641408       -3.9578409744388323     
   1.5477014809719165        3.8129081003712360       -1.1029837219368070     
  -1.6354734621943776      -0.67705274488620615        4.5068218280624723     
  -1.8139286620500801        4.1815048305922105       0.68576212755321275     
   3.1442344572410850        2.3893598575800628      -0.38882411727075084     
  -3.4009761584908049        3.7646893374708963        4.1066874107863960     
   1.9744128797829354       -3.2224098616998291       0.51489237424699985     
  -1.2756963073513909       -2.7597482645455078       -3.7953362301927704     
  0.69201192137252920        3.2917165540680178       -4.3098318319173110     
   3.4272905598923247       -2.4362058936427933       -4.1476880475518874     
   4.6539140897370546       0.63689901786902525        4.7317906205107017     
  -1.4571865251634284       -2.1646452593696077      -0.78120729520397536     
  -1.5791298562932814        1.5788355128551290        1.3937210668686750     
  -3.5859404674150306        4.4090062844592790      -0.86879004024938156     
   4.0779260417941448        2.3544681393709985       -2.6129675607686975     
   2.4839683134634316      -0.99552652376033779        3.0266341389769655     
  -3.1931370592239685        2.6286413618981141       0.33198388776761023     
 -0.47092723029453243        2.0824123601919715        2.2469242502195339     
   3.0056828255922365        3.3822751166446112        1.9401802205258003     
 -0.30709834719142071        4.5771010796655904       -3.2899758917831794     
   2.0829174891468005       -4.3710608640032111       -2.4415444232738990     
 -0.56951891165800683       -4.4021316809490516       0.15069274365291740     
 -0.10491373128883189        8.9443580344408496E-002   3.2147229727890543     
  -3.0616827910533351        2.9716547368611592       -2.6767903156212887     
   2.1390911289008572        9.3243895338946989E-002  -3.2393736160817821     
  0.78928759862759579        1.8517284489534989       -2.4181302663508233     
  -2.9247762807622593       -2.5907932886363314       -2.6299674841783691     
   1.6962086604012769      -0.61368837845191593       0.37020602900158095     
   9.8980920239212122E-002   1.9195377750865530        3.4858914247957049     
   1.9557558851646264        2.0297319278522861       -1.3209086473956499     
   3.5254455842641383        1.2289275790582603       -3.5904566896341823     
  -2.2782597696488756        1.9578008826965991       -4.6849579108788353     
  -3.8872398850829359       -2.2129007229350521      -0.16686993428937591     
  -4.6074996431004758       -4.6012825487424243       -1.5991241242212000     
  -2.6119873920520531        1.5746668081284501        4.1851594711543694     
   1.9144774489696446       -3.6074065451254329        3.7775134874655483     
   2.4455500187807480       0.33176218434164523        2.8523033901365351     
   1.9609670590688151        3.0995885045288816       -2.3734160119473349     
  -2.7929913580928369      -0.19328738401269119       -4.1200605726048618     
  -2.1982572105731526        2.6446221463037807        5.3751975313050517E-002
  0.11808949632556345        1.3556546704347496        4.6944077131930886     
  -1.3727686285354530       -2.0579983003906790        1.0578989200028541     
  -4.6998086167082160       -1.5145969532938126       -4.0484251277920205     
  -4.4503648061457959        1.2954502830034917        3.8458069397736270     
   1.9281608937891435        3.5457433789836754       -4.7157584435266671     
   2.5773411957611958       -2.0991670069180142       -3.6548928287749072     
  -1.5313901799788587       -2.7832922492398651        2.1815843713280123     
  0.28696441199376826        1.8402853866854516        1.2826158231110720     
   2.8227224306595855       -2.5788026517256926       -1.4387935326761150     
   1.8173025074639004       -3.0481921805846808       -4.5204477346544687     
   2.6294338072282004       -2.9194483733857268        1.2549675787864807     
   1.6469855397134399       -3.3123731275370947       -1.8008730271526718     
   4.4387773606600582        4.2668010346575409        1.8791994155430736     
   4.6552025664457775       -3.4370691799119770        1.3949357545753707     
   4.0915158089664070       -4.3203601499297060        2.5788682833093763     
   1.8490436802646970       -2.4148777891784725       -2.3532383439900824     
  0.99045214087035172      -0.28621389282145809      -0.60356235476934095     
  -1.3472286465992629      -0.95617293517355351       0.42500916812631245     
  0.49205362872545949       -3.3462053334123389       -1.3083921273173946     
  -1.6584205576588542       -3.7985434870269317       -8.0385695871093593E-002
   4.3103112399237515        4.4396102303472471       -3.0945507811219120     
   4.6867397886052169       -1.4883326311550387        4.5792871087357376     
   1.3581212868566368       -1.9812528378557026        4.4282013274883685     
  0.78467720793130680        4.1244833563918188       -3.6233260500083011     
  0.25272306593681576       -3.6472154255609448        4.2901896996518847     
  -2.2408576761830639       -1.5270040213738403       -2.4737434652424084     
   2.3970611687050742       -2.3867877745472907        4.0436791874177205     
  -4.4462749567730464       -2.2692823030302232        4.5801074565127502     
   1.9353066966762735        1.5020176434906665       -3.5393887682406211     
   4.3010172511435574        1.4941738523037054       0.14275768792321780     
 -0.11095228407590013        4.3675157313115154       -1.4080758953410628     
  -5.0979237195198486E-002   4.6788680036604386        4.6061951700403130     
 -0.13490397204206270        1.4427546876054007       -1.1644783569104025     
   1.0539773818637497        1.7338111957925639       -4.5897851603702868     
   1.5195677098468205      -0.60685979412816671        1.3588941256885105     
   4.3635355311169928       -1.8411392182652959       -1.1937801622839745     
   1.1071220331210374       -2.9515396499478701        3.9761645294511916     
   1.0139764093590937       -1.3252747358644281       -4.0991598187429128     
 -0.95847540266309605       0.17680252494245940        3.8095864825585237     
   3.8859261450892673        6.4746560203892706E-003   2.9058746780653064     
  0.36366703363251879        2.4967675445246536E-002  -4.2098026154184165     
  -3.9802603830258474        2.7774631787312489      -0.36912306618600216     
   2.6532948813271120       -3.8583467035471992      -0.65245033107672390     
  0.12722414619901551       0.14540583684490974       -1.9358758835808869     
   3.9581832566067701       -1.0917360504133269        2.6518405238832439     
  -2.9292292708739383       0.46231019439813370       -1.7806451584532439     
 -0.42882225680824343        1.1288102346538484       -2.2487256996524181     
   3.1991876264965842       -3.5119965788155083       -2.1670986756964030     
  -3.6930877528902335        2.2361770208069989       -1.3359809785718217     
   3.9517095390325867       -3.7841448812828622       0.41775602846924026     
  0.39557588021348750        2.9378837915770619       -2.8666408119048787     
  -4.2114531250423708        4.1527965058749743        3.1829744457948284     
   1.2509187834019322       -3.9181886659471981        2.2961066552171814     
   2.8643350963233627      -0.20634855674385008        1.6788105161748714     
   4.5202687900145113        2.0660779991494831        4.1881620009327607     
   4.6079414426211818        4.1024302030403019       0.87431312180528720     
   4.0857949175789052        1.3614507760765377        1.3174915074847575     
  0.79857389333673789       -2.4342503849270654       0.14506659471470873     
   6.3918575601077540E-002   2.2445393715763169      -0.14058786813091056     
  -4.3176107153094492       -1.5545973497142260       -1.3860391905475200     
  -2.4144492256577852       -2.5431721392546929       0.22979707136949246     
   3.4978641695909398        3.6401264069543813        3.7464202456434985     
  -1.1846680095833686        3.1624939196266331       -4.4391489614245527     
   4.5961378801292092        2.9188097123060199        2.9866986184173343     
  -1.0119556129305451      -0.59236835935018117       -2.1019567760028330     
   3.4637052650804452       -1.0035708785866717        4.5578907538454390     
   1.4362688883697037       0.77757416545225500        1.5754720084287615     
  -2.6476129088939433        1.6686687970267708      -0.19715623193084933     
   3.8064069647717429       -1.9975606676307782       0.56969781531588681     
   3.1236303913065520       0.85789050151536761      -0.44105835207444977     
 -0.14906757654810907      -0.91826097421130515        2.9330972809738918     
   4.2018688634729147        3.6951066633598102       -8.9177380685687604E-002
  -1.3138691276792822        4.0895174050149290       -3.3571354754419453     
 -0.44489544918458401       0.81853768943861882       -4.0144061980830807     
   3.5478500980146745       -4.3841184564151234        1.6147555871333408     
 -0.71987162057919818       -4.7181013734807280       -2.9780016155266935     
   1.3029822598774294       -2.4364737477714331        1.8066947718066781     
   2.2683335232850377       -1.2028089082265361       -2.8033820168199202     
 -0.74551420756659370       0.49715050156012908       0.30706598313570999     
  -3.6142710449907391       -4.0694959942254494       0.61834949788535098     
  -4.6100136097108555        2.1259183416863467       -3.9736872855266809     
  -3.3037172632597347       -1.6923518512174116        3.3362408703996507     
 -0.44096944682372058       -4.6008014061904285      -0.86930286347059149     
   4.1268113813952096       0.13726179706768854       -2.4651314412344587     
   1.7184469310247508        3.2799797364634062        3.1829337296098039     
   4.4179535666231029       -2.2786039559900972        2.4846954062765656     
 -0.90378036641202941       -4.1516773544922758        1.2768390505290363     
   3.9629874460079946       -1.3397046473503087       -3.4672803517082000     
   2.4407368990829807        3.2143855140623643       0.47371207331563608     
   2.2921123185761956       -3.4111568228060341       -2.8075283611564363     
   2.1482160919055411       0.40938546467082998      -0.40243778409928788     
  -2.6766342214710028       0.55071386257124411        3.3076584144694841     
  -2.7118712618370928       -2.2708486808545167      -0.95534131006147383     
   4.6973444796780504       -3.0560116033415881       -2.2522709560445193     
   3.4576353961353763       -1.7290469332391303        3.7252037926121719     
  -4.5719190005802242        1.6105073432795836      -0.25858917864170405     
  0.25949836463796705       -1.1357836746012064       -4.7499398680053995     
  -2.7665937236990956       -4.6704469624781444       -3.5347281376003252     
  -3.6147505729030662       -1.1434456699834821        2.0818738211700234     
  -3.1624515193740739       -1.5478801034913467       0.88006063622946518     
  -1.2046863766660416       0.53247306591923171       -3.1084693945421265     
  -1.9414378856428696       0.71008324722562088        4.4856659760603179     
  -4.5887868441526685       -4.3409940633279751        4.2705525307946548     
   4.4140821386824474        3.7292590809936836        4.2296083071870232     
  -3.5251622206868687        2.3265689142940849        3.4664345888290224     
  -1.1121929760715079        1.3808773777229328       -1.3883322111593046     
   4.2157110247813359        3.3815734490431058       -2.5142550241218817     
  -1.0247694348870870       -1.4225345406296241       -4.3086271117897965     
  0.78258381168943369        1.0956219470625366        3.0540076363892731E-002
  0.45985136855714942       -2.2023826272980509        2.6903445629233880     
  -7.1261013498585671E-002  -1.6686501773722224       -2.5066783134364323     
  -1.4138087025281170        3.8870021972663760        1.6532294397413037     
  0.81717451060883939       -2.7970399079384496       -2.7683204204700149     
 -0.90866918835037513        2.8553570246000968        1.6326251371033036     
  -4.4331983309705576        1.5012321056306861       -3.0557194068198643     
 -0.33367710599916112        8.1628549229125921E-002 -0.68334730139442035     
  -1.6073599371453666       -4.6985041795268625        2.3708941331175448     
 -0.14259608356670264       -4.1352475000299629       -4.1538110128677452     
  0.69692279154757997       0.81725456917866235       -2.8832858047316328     
  -4.2535849056920059        3.7812181585661198      -0.37167595636731859     
  -3.2447543006441819        4.7415813074307467        2.4437542759954001     
  -2.0388929106139928        3.3905907286327452        4.3153192657056989     
  -2.6460686121144814       -3.2703723289038504        1.9186276819589054     
  -4.1532346893377676        3.3286376826495916       -4.2357096704840522     
  -2.3013836861911416       -3.1288060441567298       -3.5290274066118350     
  -4.1900446237822955       -2.6126083561869216        3.2695751530034887     
  -3.2517303848102910       -2.1944387422656462       -4.0042629612982594     
   2.0290114800205505        2.5055258771832900        4.6593572349276036     
   4.1686672198256636       -2.8784905606268647        4.4964352389996467     
  -2.8127838586553477       -3.4626638983879370       0.34638778682196175     
  -2.2455647210380549        3.3070424097518654       -3.5299494790889443     
  -4.6196029735022632       0.68576871174977272        1.7374241663893664     
  -1.2113460179726181      -0.60930068526552184       -3.5358140851827833     
  -2.3977440071489355       -2.9738157574306747        4.4545462529969004     
   3.4410784875089737       -4.4213422508124669       -1.5860969535816318     
  0.89788476371655046       -4.4139357462360262       -4.3930257892214488     
   3.2562717133200971       -1.9182063343969491        1.9919598991149325     
 -0.86306892263425050        2.4735392780691901      -0.47547565591020480     
   3.7415834994193373       -4.0262162975488316        4.2255710309170400     
 -0.10281364256344308       -2.8554156947823524       -3.9040957810078241     
 -0.37789298689749296        3.6677438899359283      -0.62712897145052504     
  -4.1767375070129882      -0.29856948219519774       0.12747820860669379     
   4.7266769152490555        3.8136027387383651       -1.2114082613974146     
   2.4459516596823252        1.0021976491128213        4.6983566508301440     
   4.4923774779618659       0.19203972434772218      -0.58851108676595942     
   2.6887317872476308        1.8988074833221471       -4.2569949588021947     
  -4.0142542873419682       -3.2023861185443288        4.5174867960895897     
   4.2757176376653758        1.5891954612959838        2.2810536316929015     
   1.4184139911374347      -0.14024572573968574       -4.1915153608662319     
  -1.9225687717201390       -4.6354548253236141       -1.1151250197836733     
  -2.3756873185104714       -3.7370506054975863      -0.81593359319804781     
   4.4031561280747011      -0.37486887799474933        3.7705741496998630     
 -0.46571869950547362        1.1089796742252369        2.9493279174970048     
  0.73261825539839565      -0.24285668840764388       0.69723798741044685     
   2.6771358499789240        2.9343759018307627        3.7994464544611581     
  -4.5739325063256295       -3.3161384856624170      -0.25457584146492612     
  -3.9784471782513271      -0.87690785383986281       -2.3672395803733282     
  -4.5365069005745111       -3.6010957750554886       -2.9167058942720470     
  -2.9767883153738177       -1.9267199002433719        2.0905929453139853     
  -2.9229380018839346        2.3249809530956731        2.2582586545898407     
   3.2942006404873512        1.1863474775240312       -1.5044565450208127     
   4.4547809084149366       -4.7260967809754773       -1.5223450434591044     
  -1.0724757570154231       -1.4996935211539928        2.6404880830771709     
   2.1877667148282840       -2.1615047552575728        2.9845648889799445     
   4.2864884938597427       -3.0767496619056933       -4.5352705856101245     
 -0.82138179353462626        2.5058562809248714        3.1681767223468293     
 -0.70397956080106916        1.7000420665528038       0.67083453862349340     
   4.3828772021173581        1.2170746218332036       -2.4307935341501175     
  0.80903010939281195        3.1161770956950021      -0.62124011271368518     
   3.9466188937545357        4.0683097993848190       -4.1381043532526736     
