  -1.8423880860755093       -3.4678548542207963        3.7941453236557416     
  -3.2369242912982727        2.6075280117430277        4.2059112436209585     
  0.90248857284971162       -1.7151655305899316        4.3534302519230632     
 -0.54438434057953777       0.26453974793158103      -0.74915087920741552     
  -3.4943341218560136        2.8478632684054754        1.9465950331881516     
  0.24644929416402092        4.1119832745937464       -4.4288942550661172     
   3.8190584159897005       -3.3484624044999514       -3.3724181825350295     
  0.15722599636562809        2.9059795332265681       0.18841451349616672     
   1.2149864897167602       -3.1809151840200979E-002  0.16239210409938548     
  -2.0652599585786997        2.8921967095696375        2.7194986719205274     
  0.18681848049392155      -0.15787431433910692       0.85668859985263179     
  -2.0615399974900575        4.1022563055789627       -3.7326373105176636     
   2.4990031922634732        1.5354274667384338        2.7467283584506728     
  -4.7497462861321820       -4.5445116537558237       0.10538511085065469     
   4.2953143843203589        2.9204590274864488        1.0175273751575877     
   4.6341330072874998       0.69645008608452474       -1.5866157146330302     
   4.1150875445742789        4.0069580759635528        1.4523521287479972     
   2.5003785391229685       -1.7793540679529785       -1.9171366630005853     
  0.73323768071706841        3.1950564789308515       -4.5687577160980695     
   1.1558136151960043       0.19934077024063965        3.0937500248981462     
  -1.0548714181080749       -3.6350622396110830        4.7223233969412162     
   2.9885226909729656       -3.4844926574026016       -2.0212539623845496     
   3.8424224623049685        7.2143907732624357E-002  0.60364023417012214     
   2.7454965906693496      -0.41596718682066486       -4.6849315151559727     
  -1.1369953782609894       0.42577307404267500        4.4592346018244848     
   3.3507021515049478       -3.7419568312788147        4.2878201779945604     
  -3.8882562104231084       -1.9493243950368762        3.9422205560965713E-003
  -1.3460869293067683       -3.7565695308602063       0.35293336385967233     
  -3.1266917923883164        1.6878420622269936       -3.0970751825376297     
   2.6411505743732326       -2.1868234108188891        3.8229129456921718     
   4.6646106169401618       -1.4315531557638199        3.0786960767947482E-002
   4.0826651972847907       -3.7463176929958077        1.6457264642253420     
  0.46615826878727429        3.0459155496031864        1.2322769421853457     
  -1.7973516892588957      -0.61134383276827331        2.8542765262784955     
  -3.4443973368960052       -3.8324105278390430       -2.8297968497840791     
   2.1234541458205345      -0.59423500030806364       -2.8799334049483600     
  -4.7254764362596005       -1.6182652084476887        2.2237038597479177     
  -6.6625415613048536E-002   3.9359957028227215        3.9433086052029540     
   2.9375830264119891       -1.7911739808020055       -4.3294231559686800     
  -2.7273688178617026        2.9402728249564043       -3.0045169927892967     
  0.60946690055643005       -1.4305368639999949       -2.1321485161000173     
  -1.2094781947966182        3.2852682273353495        4.3650171663586326     
  -1.4528563138533006       -1.9769234425516251        1.6349412854960792     
   4.8307735492812793E-003  -2.6252883896637829       -1.6282998384462475     
   2.5784745470139057        1.3720294572279308      -0.14006590430732899     
  -1.7234772392489017        3.5563482774835982       -2.6124993143327195     
   1.2823164430864633        3.3373842310972801       0.39907460507800896     
   2.9775138216770203       0.81196051056423235        4.1342844780640364     
   3.0348154752966900      -0.15599756705155549        1.8656953290959031     
  -1.1688999674172724      -0.26626017456456236       0.50571235605847986     
  -4.5571269228930636E-002  -4.0155630632277814      -0.89734252574805429     
  -2.7467003188756207       -1.9285228614544683      -0.32674320496691694     
  -2.3473986648573346       -1.6562165441285599       -1.6402555660971490     
   1.7320624252334167       0.11315316688791836       -2.2809455334041089     
  0.29212603541485649       0.73715573668222723       -3.7351521526693205     
  -2.6477210623434404       -3.0233511552641166       -3.1201022759791077     
   3.7939685708464004       -2.4541136065896789       0.43599163610902403     
   3.2961574192034750       -4.4418145728699869       -1.4653311931213431     
   3.1254870470144200       0.56005673658864019       -2.2244789961974276     
  -2.5400805827922737       -4.2971365608358907       -2.8428913712309294     
  -2.3358085115638687       -4.2696225295422110      -0.12091268278057492     
   2.5298926231612620       -1.5717869086570337        2.8376344338700847     
   2.6944927362042193       -2.0923610246225168        1.8283535726546825     
  -3.6797842591599226       -2.0041807848933417       -3.7271363439444989     
  -3.3303911484244764       0.31604549037757201        2.4400514180542268     
   4.3375622424669587        1.6229009691612737       -3.7097086649511168     
  -1.1814748320308170        4.2071635868054020       -1.0667678012180284     
  -2.9503158095027082       0.44646798656019826       -3.2512178987598631E-002
  0.93250113877302532        2.2920656623668649       -3.7964354536333045     
  -2.6414757294728890        2.1413106399254058       0.38650441526131823     
  0.39976381084709506       -2.3874164679438592        2.0288808372750857     
  -1.1822777515043854        4.0737102443921334        3.6595312495706684     
  -2.0717452488831354        3.7568512892778889        3.2891546485908685     
  -4.4143379091754857       -2.8275248677581053       -2.4317187601513908     
  0.23625865524389081        1.4301155660461760       -2.7636453250546977     
  -1.9647965084404702      -0.30006338413421452        4.0001943358210292     
  0.73155011531910319       -1.1456608891697488        3.2995689899151261     
   4.2372869456173694      -0.19621147256746771       -4.6586480202064928     
   4.4942280509767301       -4.6611868501536575       -4.2695673640393226     
   4.5701526498065430        4.6446330189871716        4.1727771359783077     
  -1.4909382077393076       -3.2117966242329961       -3.8681621421904864     
  -3.0496952386816973       -4.6156028960908175       -3.6854193378262399     
  -2.6976327587049740        4.3751031398968800       -4.5529444275154054     
  -2.3243911834212714      -0.78974233172283492      -0.56802756878441196     
  -3.6427607990605000       -1.2391711543828308       -2.9389929550114466     
  -3.6436766740300230       -1.0637147502763933        3.3227664928442522     
  -3.4471130927190829       -3.4007529259833240       0.95194572155204971     
  -3.8125815282358295        3.7872355973619483       -4.7283447561369103     
   4.3668542830177799        1.0072765136483868       0.41066584833000885     
  0.86867316065091016        1.1370834357117507       0.18192619011006231     
  -2.7775196888922338       -1.9055460148305288E-002   3.4589827493221539     
  -1.1855010733740645      -0.62742798380031695      -0.60915285459833790     
  -2.2239562088737630        2.7989323388141751        3.9460432576260875     
  -3.7575210139822484      -0.87653814876792358        2.1451664066725455     
 -0.69448511621458175       -2.3326018360623260        2.4756294827752092     
   1.0304694826170531       -8.4792391066294770E-002   4.2869246970460120     
  -4.1483954781338399       -2.9780921652714212       0.19458208866227625     
  -2.4870871597105593        3.3598263146552809       -4.3697300102970882     
   2.8180241983847600       -3.6889233171212603       -4.3487400046287759     
  -3.7660722409368326       -1.9058334976010924       -2.0749654374222701     
   3.5404284597558675       -4.6515754486519709        4.6669528393949955     
   2.1661633046774988        2.0871813200947682        1.8848059439747549     
  -1.0135776984373364       -3.3193182390900620        2.5776544973404789     
   1.1824385060168519       -3.6132819265626606        4.4618427540965122     
  0.73896509738185834       -2.8434611295340235       -3.9950384922542641     
   3.5206001525034454       -1.5779874030189962        3.1328679284479559     
   4.6602053150805958        1.5537409112582445        3.6695962232123605     
 -0.77306897288134824        3.2860370550053259       -2.9203388360621343     
  -4.2829845018945978      -0.23863402691595298        3.3417920325153991     
  -4.0833410254999638        2.9219254181881773      -0.19085656004693416     
   4.4220778022636633       -2.7003396083955797        1.9761610573833845     
   1.3591934767487426        4.5276198436916397       0.81755657269133353     
   1.3241486427558500        4.2708681782972890        4.2937052963339708     
   2.4134572982510027       0.39748199669225992      -0.58352729114610324     
  -2.1217933898799424       0.45240203861073147       -4.6967074358970820     
   2.7268698269651970      -0.91530323565652250        3.7024815083483920     
   1.3670531058604565        3.9162459108329108       -4.1015320216940481     
 -0.96753759529387773       0.86930136122165158       0.13642558782194306     
  -2.2925930034893804        3.4516918473111109       -1.3386964894692852     
   3.4065675273872720        2.9260252477157342        4.6921199902599051     
  -2.0619347827165648       -3.2802822037293171      -0.33631621792290245     
  0.99101020512928539       -2.5904324760146706       -2.2367888547064569     
   3.3248127702024499       0.44575394688656839        2.7007359558528323     
  -1.1213651531987452      -0.47927129440021771       -3.3026203776817988     
 -0.40196832103079017       -1.6860074017640927        1.6306239834282448     
   1.2890789965734646       -1.9012772527363013        2.6861539057347517     
  -4.4703719680625014       -4.3158025047465589        2.0567463717212151     
  0.91437037195937654       -2.7918735523061522        3.2521044325303330     
   3.5136999278847334       0.58506354713336384      -0.21049563346370098     
  -4.2935237875424539        1.5750209957658605       -2.2046234529088156     
  -4.5063133113960969       -4.1471920735602623       -2.8808485650876698     
   1.4033796985029467      -0.35574814756073925       -4.1776706606416694     
  -4.6380302161180733        4.9860551553220826E-002  -2.8697718944444581     
   2.1220852500102643        3.9187799845542939        3.0563263571479045     
  -2.4923989375108273       0.11654182161436498        1.8573820441115150     
   3.7198458509717995       -1.5048261636831470      -0.38875179338045712     
  -1.3822030976791195        1.2703034317872215        1.6295508741581837     
 -0.73927825742322439       -2.6840261550531950        1.4586554468897550     
  -2.9657534471794422       -2.8818716611005377       -2.6439256995625937E-002
   1.5271796034854650        1.0823838081410548      -0.66460413873347590     
 -0.23788339388991556       -1.9229282091986664        3.3762319393821603     
  -2.5439655549686870        1.6906863824859175        3.9639396674883378     
  0.10465352179270884        1.9341374455038896       -4.2457581004680200     
  -3.1234433739928247        3.6517444475858256        4.0520492608023266     
   1.6771564875939431       -3.5973802028502817       -3.8968704439990711     
  -4.2019825551345233        2.5873547089962665       -2.6282626360747678     
  -4.5125232669672828        4.6819851465817628        3.0258032404819959     
   3.9512282715661038       -4.6969673133545990       0.76737688023085737     
   3.2203909599272342        3.3392356064490727        1.4709282662006689     
  -1.7254249659141931       -2.2492636230013590       -4.2298871222970673     
  0.49750716435231218        3.3798562390789329E-002   2.0787193890629609     
  0.50310346997523037        1.0825920669148998       -1.6727347482240824     
   4.5715828163814018       -1.1608208930001489       -4.7092499978036546     
   2.8115119507549373       -2.8586517826499813       -3.5639356250890719     
  -4.4078020661976343       -3.6790155835868763       -4.3968654728908980     
  -3.6979626105037333       -1.3929072261494650      -0.84793368726786966     
  -4.3473773394062052        3.2476823402548658        2.3425724943169897     
   3.1147596197887064        3.6142311142672785       0.18465145806379848     
   3.6228791001950440        2.2053892627892373        1.4763464478120054     
  -2.7806057976414715       -4.7036646950736021        3.7822220021122370     
   1.1670196877344228       -4.1403291413891763        1.5507142561218179     
   3.1726869726662681        3.2524402573191629        3.5343197343494865     
  -2.2030902333126758      -0.61616812075142835       0.46230581512634078     
  0.24657639628722991       -1.1889067259844215       -3.4882961939378623     
   3.0722067809764302        3.8741362787809197        2.3102579210232630     
  -3.0045792935705529        3.9049919524249179       0.96282955338401077     
  0.94670056755120002       -4.5468754948222054       -4.5399151851255342     
   1.2358532988900555       -1.2536997138062489       -2.9441931538196622     
  -1.5436634850788247       -4.4698457556471869        4.0418628242593426     
   2.3809964494666765E-002  0.55415604484351977        8.1307486193615094E-002
  -4.7316331366563267       -2.8579454848574981        4.0166397216317060     
  -2.4923806320443962        3.4622695052775199        1.9670914620115461     
   3.8014695569664432        3.8761377134388644       -4.2331764552213125     
   2.2127875866425271       0.33781429298332849        2.6457161881142071     
  0.55350278984156209       -4.7010698659602816       -1.8933589859722739     
 -0.30049714434926067       0.36146210585349325       -2.8402932880254688     
   3.6018377920500888       -1.1173750036977648        4.3919790823643075     
   4.6005209970523451       -1.6953715010332642       -2.4365005225870822     
  -2.3838955703941207      -0.68836328642427946       -3.0594504807911163     
  -2.7092328607153240        1.9492849548084092      -0.77305504517388379     
 -0.99799735266241318        1.2676403966625605        3.6314445655347187     
   1.7230806668885443       -3.4544421800513208       -2.1338148344149932     
   4.3596312877338850       -2.4838485060301640      -0.60084742287461945     
  -4.6497891298344181        2.9181863800242742       -4.5988151988870110     
   1.9033318890711162       -2.6365694197329561        3.2781202461536005     
  -3.2570939677331530      -0.46691697081364752        4.4133438521805415     
   1.3248027243842846        2.7553270474545135        1.8981801851580304     
  -4.4799747115558590        3.5605803818347139        3.9543598020069330     
  0.64064460228797393       0.95294754491109490       -4.7457336302860336     
  -3.5767810768335093       -4.5475578846991729       -4.6931237716523393     
  -2.1216332868245646       -3.2930806860691226       -4.6445626777566096     
  -4.6391811784092676      -0.86350692754807801      -0.87470017225166852     
  -2.0806653459303281      -0.56253902240028641       -1.8885197057146370     
  -3.5075433559248190       -4.5834302830490126       -1.1565589817675992     
   2.3018469948525171       -2.1069950081435378      -0.16161103348871103     
   3.7570139957915578       -6.0147026946679776E-002   3.8036965655315984     
  -1.0070273431338510       -1.0006138401333531       -2.2940787696507847     
   1.4900085763838375      -0.57657002143475455        1.2372136522239223     
   3.9399042558183206       -3.5592962225149720       -4.3900210516860323     
   1.2647021712235982       -2.8106652107046650       0.79439729798839376     
  0.47789446716169559      -0.70994836255257843       -4.4340355906271380     
   2.5212042787396785        3.5564041504843544       -2.2567714982220206     
  -1.7396778605411862        2.9970298830096271       -3.5957155420054452     
  -1.9101924465806046       0.43919059238672425       0.72963328162782304     
  -3.8664238089762817        4.6187601107654723        3.8589347287926086     
   4.4138748866634527        2.9588020597846101      -0.76967674665984231     
  -1.8449241763506590        1.6465420016631125       -4.0454896621358882     
  -4.0239829362562274       -3.3239004196254496        2.0376166105171780     
   4.0487359928049766        1.3784754074420156        2.7252803100580723     
  -1.9787609034559168       -1.7188390838585401        2.5448401749947380     
  -3.6931755508670308        1.4732845747610890        2.0618639789132045     
  -3.3999759199090587        1.4538066871504078       0.22566604034348944     
  -2.8094728683028007        4.0277380641340192       -2.1112996326852307     
  0.77116768600023500      -0.24810112473639576       -3.4086678491655795     
   2.2288128145655386       0.24153990528189032       0.81212027736355308     
  -1.4257931270481063        3.5600240437231196        1.3433557775907929     
  -2.0334049019130789       -1.7584327775118354       0.73929169889871382     
  0.62454128554842381        3.1336191737327868        2.9997132426501913     
   3.1218637325285439      -0.11356374753792375       -3.0719514352192863     
  -3.5622171415822446        1.2129544476984904       -1.2953937355410923     
 -0.29707692566003391       -2.9355372810038420       -3.6839042156281079     
  -3.7283656673311887        4.1114707881783650        2.3284519307515601     
   1.1109417103294161        3.7679126858640521        1.5505037535447415     
   4.3498863945181157        2.7158597708431986       -3.3623229687894209     
  -3.6755345145898657      -0.72134537534843968       -4.0284221713729700     
   2.6605794717346042E-002  -3.6443280384423753        1.4338548081950999     
   3.9774608786870158        1.7113112719381363       -2.4961907639712275     
 -0.15696916308764042       -3.6605108714597714       -1.9391229742471063     
  -3.8751224872091496      -0.83109266545994720       -3.3473385941870264E-002
  -3.8106219558276133        2.1712606600998963        1.0423978383282893     
  -3.8173862267381504       -1.5644378761551194        4.7307552044928274     
  -1.2364664257594671       0.81373409460838464       -3.3831548143777752     
   3.6053974074739035       -2.1382092838867868       -2.1502911873698061     
   1.2621364286898265       0.57622621819289510        1.0168565959583040     
   1.8797662748332316        2.4843025689381499       -4.7195436853723889     
   4.0848377510132989       0.42292721878899248       -3.6222329494626497     
  -4.5400175291185949       -1.1682868325516302       -3.3962897541692754     
  -1.1873958081910587        2.1537723347916944        3.1202187068762202     
   3.9416991744260454        3.7566098652909967        4.2238446607798128     
  -4.4050223692715678       -2.4286465965385320        1.0586589382937288     
  -3.5016172929975431        3.5841225056603774       -2.8501843743781929     
  -4.2576556168648976       -3.2475772220033976      -0.87739701846245455     
   2.1129175941010430       0.22647866954246360       -3.4593535220993390     
   4.1509430690971483        2.5480944277362685        2.4062370228383396     
  -1.8728542827031371        3.0709568876156488       0.16752198138754701     
 -0.23439826762708410        2.5005516125185934        2.0448980031624848     
  -4.7437099995993099        3.7383861081390579       0.37167185981340406     
   2.2789488669335132        7.9616977522310187E-002   3.8619873121761508     
  -4.5694065835575586       -3.8692849746514303E-002  -3.9012850086919166     
   3.4295765654640089       0.95193632265782535        1.7932287492950154     
   1.0852769821369010        4.4784950715100678        3.2172099344826930     
   3.6539389250841885      -0.71470165731151103       -3.9027238015498518     
  -3.2866591893727830      -0.16701256183374835       -2.7948902685357280     
   4.7465541359854244      -0.31744882321711176       -1.9154036277857047     
   3.3781869111944802        1.2092655256806475       -3.2744521497520314     
   4.2488933566397522       0.14252198896229695        2.1106486222779957     
  0.86167105092337848       -3.4415282422417048       -1.5138659311314295     
  -1.0990721930162886        2.5448257501279321        1.1969069140450530     
  -3.6539969789714686        4.6316327842639575       0.25643842944237327     
  -4.0086085111191023        1.7782094618865858      -0.54081701081794764     
   4.2597147509004989       -3.4424675339183701        2.8640620524135558     
  -2.9784711701439370       -3.1271094903007346        1.7962508559803771     
  -3.2395974893075308      -0.89806746454542419       -1.8450936768075452     
  -4.5970116067227549        2.0417014470323278       0.31074546412066167     
   1.8786905889732697      -0.63224039313011315        3.2264198148969996     
   2.9662577837230564        2.4370353446104915      -0.90327292231239165     
   3.7680830807827874       -1.8387197466307226        1.4330954103608200     
   2.6921237363039454      -0.63213115936822550       0.21321224172416953     
   4.4879252807277963       -1.2468245644815035        3.2684360559659535     
 -0.71877410652306739       -4.0638627473989315       -3.6856741661890409     
   4.6859366729460392       -2.3300487728079462       -3.6785604736373347     
  -4.3855313730524310        4.5294152488289816       0.95086201588504826     
   5.6402148867692591E-002  -3.5703018750021713       -4.3797743031842282     
 -0.30066755848320542        2.0654950534113792       0.70015439820912384     
  -4.5972265677587059       -3.7825532682327259        1.0242037508596489     
   1.5116189263176212       -1.6919692135629589        1.6183669288277502     
   1.8824107928663438       -2.6956235467439620        2.1652371269271695     
   1.4725262182741101       0.88304447399709451        3.9800155321831459     
 -0.53398279510542612        3.1687880866905855        3.4524774800320404     
  -2.8670103227874790       -3.5373284969191596       -1.9605799729343580     
   3.6440258184960399      -0.95391089218612823       -2.9186747490923222     
  0.88492397321711636        1.1237758719767523        2.0461184533335892     
  -4.6090480454166798       0.89748470556810944        2.2500445840482381     
   3.8638210479367712       -2.1155351115427505        4.6499183956790482     
   4.0940369155758747        3.9920109724631798        3.1513974835087240     
   2.3550827722944132        4.6055702085815566       -1.6732935935247126     
  -4.1702941863780500        1.0050983932014033       -3.1299507007132528     
  -1.4789174572160471       -2.6134939393770824       -1.2162320059891765     
  -3.3194699601935627        1.5981758134393311        4.5932547712166949     
  -4.6823930396557092       -2.3802474097090398       -1.5504455635137757     
   1.9826685664321568        1.2381049909477080       0.80874704525462393     
   1.3668081535420677       -3.0342851516700007      -0.72382486621508246     
   2.6766565119795476        1.9669604697466399       -3.2922324056200627     
   4.5946047365452838       0.62288183765000493        3.1856723555863460     
  0.81196512512469188        2.8090256388562427        3.9809142313280099     
   3.1601845325778406       -3.4052222849559990        2.2136058415238180     
   1.7459079113011067      -0.34202134584881633       -1.1992179121735540     
  -3.1959984041265472      -0.27976388837467842       0.91427662891050210     
  -1.4127275327071944       -1.3416880533837305        3.9911896314346063     
   2.0575578826571839        1.0878540192002131        1.8112883804219300     
   3.8717852900578902      -0.94517878669795763       0.80832821560342194     
   2.1807933454466109       0.59914879703619373       -4.5375385142840789     
  -1.6693818684593338        4.1363058673943565       -4.7251922422872994     
  -4.3894716908150810       -1.9601948438181620        3.6891634067869883     
  -4.1326673353012042        2.8556559338898295       -1.2180774848144500     
 -0.17532757008807034      -0.67282950127857755       -1.2849596185356926     
  0.78860143516825654       -1.0636548142624527      -0.86547105374959565     
   1.5427647379061604        1.9850370839009364       -4.2590358971965669E-002
  -2.9137585700450259        4.1477700475293267      -0.29603863310463685     
 -0.30671118060855918        1.4164632660898790        2.6170414516649965     
   1.5580608474822661       -1.0113300201220408       -2.0015111336329108     
   2.9027298242234116      -0.65733500165613901       -2.1470809274124996     
   1.6647538010414518       -2.7332117955529580        4.2968387426376573     
   2.7505751139673040       -2.7148927443978739       -4.7095155712309822     
  -1.5831966410145721       -2.7244706806962329        3.1537529812735841     
  0.16422539633118918       -4.2234736663854049        4.3135790972098906     
 -0.60790172781720508        1.0355827524814185       -4.2362949102874383     
   4.5628274128335651        2.0479369935777019       -1.2624397980569695     
   2.2440343774652036       -1.0903693124972587       -3.9071877497162681     
  -1.7288804361063073       0.25253097484672149      -0.86270917697217320     
 -0.86877959502014723        1.9257927931287431       -3.7405559772673334     
 -0.27689171515645761      -0.14059916431178032       -3.7986478288787455     
  -3.7975338001789067       -2.9677020193073185        3.5637084744724326     
  -1.1452368120747358       -4.1836993065046197      -0.63492571062350589     
   2.9017641990132903       -4.1449675812444111       -3.1293647446499842     
   2.7929010399886645        1.6195972193622210       -2.2530590328664868     
   1.6223175495866877        3.7651762038635654       -1.5978404060137128     
  -3.1864508293377667      -0.32474579719251057      -0.83300158290588888     
   1.5819935607338411       -3.8198848807850521       0.68333346568440889     
  -1.9374318045135630        4.3759302291073956       0.53646024904856326     
   3.0852050880581343       0.90367318526187279       0.80081809001749205     
  0.59884070059961902       0.17081670590967904      -0.65823428748292967     
  -3.3077268877120782       -3.4121697322703350       -4.3890942659372358     
  -1.9097590648747813       0.67772416322235840        2.8935331627534442     
  0.71559457113398928      -0.23688066718551298       -1.7841322475179944     
  0.49585649819613153       -3.6825656687478081        1.3175717161935255E-002
  -4.2624361720080657      -0.38838754290804656        4.4442905064695655     
  -2.3661390916645959      -0.82081260937673717        1.5026150194474102     
  -1.8465316824243683       0.19595662598712957       -2.8045052594063096     
   4.4805566097754790       -2.3925397176115619        3.0301346493414081     
  -4.5388505026222772       -3.6300124103814917       -1.8418556712596361     
  -2.3937384951497780        4.6534786206099170       -1.2503250348647805     
   2.4186581410403147        3.0973379329316488        2.3683920126895051     
