  -45.372305734117134        33.166278710372950     
  -18.302730175258720        141.03300515948482     
  -109.92450219507704        150.74357612771539     
   5.6433619028685378        57.859434250499703     
   94.848116392988743       -30.623224903867172     
   55.617741425937695        172.68740515553534     
   136.45824785146030       -45.244102467502373     
  -48.250285164488240       -290.50091869013539     
   134.70317308246982        180.57562446667708     
  -93.103254308844413        127.44131119532084     
  -20.914110811983445        103.10288569764970     
  -93.499426894766088       -28.470618269455862     
   96.033587027452114       -303.28995723609404     
   71.387650426058855       -162.04493238372513     
  -38.049901872695060        62.310460873526743     
  -20.301406524807987       -240.81377167871477     
  -62.934486776930257        69.265541684265131     
  -13.587016028176201        259.65907517740078     
   30.479754382029746       -135.10676191919413     
   133.11110007356083       -91.591068511181220     
  -74.670635693281824        145.26405908997523     
  -22.984622394309451       -83.399227757889605     
   149.25335074421128       -160.62859729659442     
  -32.404541056771208        114.32919312517978     
  -13.504382471106657       -95.899022140764714     
   94.858332631868876        137.22751106030171     
   60.417023732345413        212.37051526792382     
   96.316844222085663        198.28601566496417     
   102.21709975766467       -103.55946205201572     
   14.299252193025747       -97.861563474451884     
  -54.636097004882210        178.12953882436830     
  -32.356209474261611       -19.738526097146433     
   140.18188721102970        168.26981351817744     
   45.928385494044541        281.36304419417468     
  -128.29800429688626       -176.24548081477246     
  -14.071011100927933        182.91757883088550     
   135.56247937035963        21.758395044114341     
  -136.25344195516641        163.45486181318824     
   114.88479185231242        263.71805987844635     
  -95.088354295365619       -40.172050469735375     
   77.224439070784115        75.636480573807333     
  -2.3526251649653496        198.77217923600463     
   57.046589999176135        169.03388870015732     
   139.22820026624026        122.16198651256474     
  -82.800200791155646        102.23929424383071     
   12.037237412396696       -298.41278643663526     
  -80.205586912007718       -205.84674045917700     
  -110.43854090865295        29.192802784635322     
  -69.176004102986937       -165.47520080427759     
   147.95924024140976       -123.41778047516003     
  -84.714903583130777        133.90500614557891     
  -102.28004091623046       -3.7704512363171321     
  -27.488626055586028       -305.89115986665644     
   139.18044959777606       -284.81756741481774     
   67.483466820977625       -23.685339802397117     
   9.1487494758202175       -282.29809818899588     
  -115.94424152274549       -182.51916444033546     
  -146.43262142585928       -176.44765878720079     
  -129.29460987084454       -302.27634355039123     
   33.421534549815703        299.16973273014844     
  -121.05771014872406        171.36853568639637     
   122.11656125095885       -162.98708710998858     
   25.901870997446451       -302.29329535125441     
  -21.227153447449489        109.85644527845773     
  -3.9030972669484187       -148.10657255093483     
   11.868004841639134       -232.69477853205771     
   82.421616259117897       -208.39341175346794     
  -114.38212774105931       -309.98151345786056     
   30.281343375047530       -59.459525792998377     
  -149.56512799309587        73.965697117193614     
   101.17511534229213       -191.99452106716251     
   57.553798442786061       -184.18389497186345     
  -135.53965156556157       -271.49467180359864     
   129.37279648787091        278.05643769476131     
   110.61507609712638        289.01720600609144     
  -18.019646221208419        262.18759252584300     
   143.77964856303825        121.40017193814350     
   4.7317038147648542        231.33169733487497     
  -138.65631035676702        66.416966142038675     
  -13.042363197273232       -72.500859510697751     
  -132.80389906901135        27.516831169227057     
  -78.238895165824260        47.316563417084716     
   47.786885802448232       -73.202155987178998     
  -106.01877840161177        218.13334824307034     
   59.825052005096005       -195.97741800290038     
  -114.18991443556334       -118.45244789946534     
  -146.74188268504395       -34.242878757169635     
   44.885526557082592       -158.58444011840751     
   75.068285873703090        286.34756503081638     
  -141.52792997971738        114.94967022362916     
   124.73083227477146        7.9844571667617705     
   18.012356978408796       -121.95245530270088     
   63.429367183463668       -170.93539311066090     
  -62.508176535901228        117.82473411342517     
  -123.88683586890188       -151.45398072480205     
  -56.585148615394921        313.60746713505466     
   32.445815765284578        241.42079312484114     
   117.69699372810317       -3.7882430609378872     
   119.82967725951659        181.84438124266862     
   99.850377223105241        105.25516941475350     
   94.092050137140376       -82.624918928503050     
  -18.418697481617585       -169.70764968624943     
   143.24171658533191        189.27533617112780     
   17.975297845586248       -242.68818421950996     
   68.171490378227091        60.705092982976915     
   50.662361705342605       -224.35684446786829     
  -11.197858932817283        111.13186850531214     
   52.874058317669693       -199.70275723617732     
   147.52809441185903       -226.31539134384050     
  -45.617223960497931       -119.58398853553153     
  -106.62801940556049       -170.65779206427189     
   114.15616102914707        209.32049736979604     
   135.25636854124096       -269.90749289254262     
  -64.080346496654812        120.72494133064666     
  -49.897271185417402       -45.241815682607054     
   89.240413388435741       -165.39342910403508     
  -24.028820621310874       -169.13116775366768     
  -132.58913463563417       -232.41493204921341     
   87.512528365792818       -194.70716869994388     
  -70.637664061944534        240.42992209919515     
  -73.612311507513482        134.32970983701628     
   111.42733810902158       -117.89242919286755     
   41.212785541763310       -1.6423015948362933     
  -135.04503100687811        99.280457779407328     
  -124.54024583404463        152.87121746995120     
  -3.6938575328845480        43.122731155985534     
  -91.380864871961549        48.420137653652070     
   75.899465931766457        114.53319774650738     
  -16.255978224088807       -267.23874531723493     
   78.227215753227739        66.859675506103287     
   49.526305558499587       -34.294067463453231     
   65.647883376638688       -89.035123273780940     
   16.072621959518163        293.52195933269883     
  -61.139215183850162        153.36223910493629     
  -48.656079864572433       -122.34700162562726     
   141.26296916342389       -202.58037397831623     
  -68.927283677662473       -147.49195152310577     
   94.506055185126257       -143.26364477193388     
   46.204298233265447       -74.572515415544444     
   89.250570310213050        299.74523942323071     
  -147.57776868037416       -9.3796335484724924     
   103.22648672342609       -188.02474933352323     
   135.52533683332027        45.163587425555406     
   137.79969866894604        268.47151729971074     
   40.181100386693601        300.33407186757432     
   23.181995833992318       -1.0957360934568543     
   116.05431926076069        265.37179839612043     
  -24.299242135309985       -297.24549060970980     
  -3.0272553204454322        78.935764491815149     
  -81.595858737652563       -129.22658885322798     
  -135.37241178626095       -288.54370059845030     
   75.183045180681859       -266.32909607630245     
  -4.4145819020691039       -125.75950457921275     
  -52.880842705414025        113.22349380565804     
   60.414458105668899        273.44568538021252     
  -100.90937907605306        184.53686038868244     
  -9.5656293436102722        34.656543349448363     
   126.68763559290103       -159.76583199528361     
   53.675702635128900       -196.49772388183163     
   75.377237069156678       -216.29621673926422     
  -128.55272950730122       -184.93291709162870     
  -10.309845884551027        106.44076860544070     
  -101.04960663843804        50.653931934425273     
  -129.16227749827547        259.62090228888042     
  -98.070738897988420        92.189628433327542     
  -39.351457025779823        308.31900246726508     
   112.02157803578676        202.87020312438125     
   105.35168663883076       -298.87557122511299     
  -106.98847724596341        202.29360862601115     
   127.76835121647194        9.6420323114967044     
   5.0197090448392823       -135.00481230411941     
   145.94192600295611       -265.94789739532206     
  -22.289248242588489        101.60087383855088     
  -15.093455723375826        136.47684760386011     
 -0.49135257476290439        77.680247969118525     
   114.45624984697351       -55.002815193606807     
  -105.54003333922111        154.61714809353242     
   58.075623081103743        221.27005703605141     
   55.114541111122193        126.81877369262213     
   117.51834263535463        195.70713223155957     
   104.22677195535942       -30.265296572799517     
   19.839306204657305       -51.041006859417756     
   17.278421726901517       -60.802105861912914     
   25.026528914694524        204.95061961684638     
  -105.39951837725826        308.70996338300716     
   29.161536220786633        207.26422543658859     
  -69.930855649923174        5.1165864093053681     
  -3.6827126002222710        59.057697531955768     
  -79.365824918260557       -145.88234464488318     
   96.915642359367084        246.12533525839598     
   137.63444801966619        182.76196460951851     
   124.67535043432422        148.26736087549375     
  -6.6092697700392726        61.282999562461491     
   20.619729655916007        90.359076675306653     
   130.30020177700791        123.19562419724336     
   68.901046833722546       -208.96350901489234     
  -51.597710689097134        208.39500801915418     
   121.89130614178832       -217.09521797961796     
  -146.92131987949833       -236.37017937807093     
   33.378106781635175       -95.017855026503909     
  -24.666373845572320        137.50314272558163     
  -145.77920665497487        170.12910448583102     
  -89.140599236943004        286.16306730905518     
   139.81422255501016        279.48276120921565     
   38.760666207599485       -91.135382811361410     
  -64.685045423827034        206.69447577870514     
   101.38593899384141        212.04927167388033     
   21.829077956151455        123.74656334015749     
   37.424090187532713        55.086238544518864     
   49.559775170530699        143.77400088024197     
   79.239706293477667       -289.25334730744339     
   71.653822321033118       -112.91240729267841     
   32.550586460536344        209.47604494746909     
   108.35791751805726       -189.28849498513588     
  -72.764462520472392        277.35939978080393     
  -76.816321875215323        91.660504664774649          
