  -38.495667486458288        24.581136804173735     
  -16.101728905570685        164.47458194512484     
  -87.340893552176354        144.37773752392283     
   14.664341328841536        70.848057637754451     
   73.806285235208080       -18.296177202949213     
   34.869939881809039        176.08847074914783     
   111.60700879644949       -50.591989389423006     
  -71.176581970485657       -266.92818674252692     
   98.450822059352447        160.36652227361833     
  -101.39888953031621        128.13977593682205     
 -0.80031251191531227        105.42761067542988     
  -71.053147659102549       -26.124347472140130     
   84.625393248452838        314.12155414261832     
   60.429507818946973       -125.63424595405874     
  -28.411267632364183        37.635734299484191     
  -46.351569082926822       -236.91623798969766     
  -44.980270591564988        59.067038924485701     
  -11.287992427578942        252.17442757566346     
   45.575973644873912       -127.45010739473165     
   104.74972777681106       -73.368705528934896     
  -69.809243671735985        157.23032404980125     
  -29.309400088811810       -82.065357773174952     
   101.24298825867591       -160.30207774833494     
  -26.795803556353096        93.243886251011673     
  -6.4411168734875215       -102.96230959284097     
   60.143340928642665        128.37895316939236     
   33.615236310547402        202.71239586447282     
   50.717651212795090        192.35989054795553     
   91.500996975972342       -105.08564566941216     
   8.5600195201439302       -85.710601223749123     
  -40.305594569861761        180.04732889880066     
  -49.477159460324152       -43.302497110145410     
   106.18763895456087        147.40348243188620     
   29.664066699383486        249.25167803713535     
  -107.84617939527368       -163.33403852872394     
   14.520311062804165        166.21541017420236     
   76.427406322562291        30.519643372965984     
  -106.32471778808748        172.37634983711044     
   103.76513122654860        237.13140222903485     
  -95.613994647590573       -62.059118082132599     
   81.577031845642793        95.655118263305397     
  -14.515467388900170        196.46057454273048     
   61.177009015063412        160.46105448145275     
   109.86337407403212        125.73082517717890     
  -87.129160727976256        86.352940873963732     
   9.0394852854679701       -294.02109700695740     
  -70.569557364274502       -234.78515573204228     
  -68.083430859709864        16.076919779378233     
  -60.989712814491263       -183.60870946060217     
   104.73817602574564       -116.76910891782546     
  -64.619397056167074        136.82385716591003     
  -67.099347381932915       -4.3929020438870632     
  -18.324935728086665        312.25931485981408     
   106.91985769423526       -275.21234430687946     
   57.260106491498490        4.4339649933767795     
   4.6723785687811858       -269.94586258296789     
  -89.406977847838164       -182.45854239023083     
  -109.51807328500800       -185.94774698216264     
  -107.62773874410961       -296.64097700792985     
   31.549938229381958        279.41765848054689     
  -108.13245787160761        216.58331387194784     
   79.421945275247438       -169.37287270413842     
   28.385900938909867       -310.10650373583127     
  -25.045158547248910        118.64586335698384     
  -8.5658034199353050       -150.38328534386326     
  -11.788941465733565       -230.79627906533614     
   79.984632793164295       -235.01452637286735     
  -103.60446879656361        303.01098799705539     
   29.015101368762405       -41.146855028973988     
  -102.09156947455926        71.195387395893164     
   87.545316147705307       -213.13930957414075     
   35.188159910152578       -175.71498209529290     
  -98.160376676277025       -264.95602609440033     
   111.29464556496205        290.26213102570102     
   91.140587403117323        277.90487110133608     
  -24.098544722174370        270.11474471293332     
   109.09649574218550        101.20040193090409     
   6.6825210621611424        207.95259778773101     
  -111.72114834915425        48.949571484688875     
  -26.260440001147298       -62.618182414966483     
  -102.14955059769751        24.888396268956583     
  -55.058471810938258        37.578968734729010     
   52.991512025877171       -55.742185849941031     
  -93.387937230101699        236.57476180383958     
   51.175771446504484       -188.62418487797885     
  -90.548838375610359       -103.87397524030561     
  -99.287657243776536       -43.707043106621619     
   32.356051771163727       -143.03667981732301     
   62.270495199516027        303.10204102973006     
  -108.06080107411518        110.74469162739828     
   79.340949101701469        12.106108143695941     
   24.559699403820375       -105.74008846134808     
   48.622689447251084       -150.57570465724797     
  -54.202015684494320        106.24613665254111     
  -103.35236327751066       -124.25782055011075     
  -66.849793583839144        313.65306324695376     
   7.7410871678480309        237.45229132691833     
   100.48634839833858       -3.3787362054138246     
   81.566669302375956        176.46106894637472     
   89.979768534997561        108.93476242216909     
   84.805245187611192       -84.503042018788236     
  -7.9430941972968929       -193.84376524734390     
   98.876532271658547        197.07709657406224     
   25.608156529100999       -259.72681177282630     
   62.795139320091351        61.200660939017737     
   39.803740898518683       -233.64836961542599     
  -13.132616064120954        138.56921102224081     
   35.255853337186842       -210.00735704365269     
   89.912212223196022       -258.40184111502612     
  -64.393350846730314       -88.496112957956356     
  -93.431700309161371       -155.61242880897564     
   107.11871754052319        217.24356657556712     
   82.539631880286805       -274.98657077859639     
  -81.309331008258084        122.58385561043669     
  -57.692935278863466       -69.881695557501843     
   58.802838275202383       -169.77516645264447     
  -29.256874150677813       -169.05435113959166     
  -101.16786519071606       -216.73789615198720     
   71.416010530617598       -195.31618478492214     
  -60.890045734795642        243.72783838377546     
  -37.355149588119410        143.09430968537211     
   85.927743753821545       -123.96911952686774     
   52.842990734337356       -18.714722335686190     
  -108.27815652796514        88.262232820387567     
  -116.31302481560523        137.79595363894478     
   28.967440616591148        19.367641334584700     
  -75.452027644525472        41.364368486656247     
   59.413688347339090        95.556876314104983     
  -14.050404842889630       -250.56544493872295     
   83.006742333759448        74.442086731344759     
   57.584956773202343       -38.213533594146320     
   74.443574063994916       -63.491104891334260     
  -3.2636623188961473        292.70360042489995     
  -65.203513375287628        181.98464242974134     
  -41.441614009822636       -104.86599899556744     
   108.26213906494559       -198.39288227201075     
  -54.447210499552021       -160.56455257086097     
   82.510586498684916       -146.68166927957014     
   34.319404977214269       -89.770895194753592     
   71.148976559541325        285.62734956866069     
  -96.037351230628644       -4.5831299226686824     
   93.539303910085280       -188.14221122002544     
   102.96429895807006        60.410381336733522     
   99.592417632543800        256.26387751685792     
   42.353806250426508        302.44679447532428     
   19.020127557724173       -2.8353178047136853     
   76.225134936316294        265.78316799678180     
  -36.604757562146844       -288.59953590664219     
  -20.637852572863807        68.690748360923379     
  -78.736088006704648       -126.61545656748025     
  -87.923879681266868       -286.55608587878999     
   53.166938574965947       -279.68916223228825     
  -10.127112930536237       -128.65887289061862     
  -46.919331470819273        125.59191346378930     
   49.458516594811272        253.58305596718077     
  -86.572412084335227        186.58177359258113     
  -20.502115041655127        11.564076842046099     
   103.45817061337392       -138.59258277175562     
   12.703498796238099       -203.60266517817419     
   61.392126667312731       -243.83653572392984     
  -86.490835332265533       -204.80490542028281     
   21.188220647261470        92.042611992546227     
  -91.758791583259267        54.081151753868099     
  -105.12962205360725        252.95330233952791     
  -71.620549728779835        90.073194788806518     
  -34.330695067609518        289.16129904159436     
   81.741094504422989        210.63983347880736     
   94.391133246064655       -298.23105103098669     
  -85.088757128942248        216.68588886263262     
   106.48048032678093        28.635155227431582     
   5.2179950108208120       -163.04934338422561     
   110.30997235119256       -249.83494285233911     
  -42.491436620643391        81.548789526679215     
   15.294522230447868        141.03882835112717     
  -3.0037538719474717        85.316560116601678     
   96.098903077260019       -51.319958092708674     
  -86.642344545662795        167.90425250655403     
   62.627876709836301        205.78385258730961     
   39.505804267641736        100.26341417889240     
   73.916017316835834        191.05093431331548     
   97.573612857425886       -31.532064498243432     
   4.5372658629846851       -28.237641123482764     
   10.423536454391760       -63.628369528791929     
   12.793967098728071        189.98693652233646     
  -92.732679711689826        284.75117805924873     
   30.262436367349238        221.79342791637046     
  -53.278934328748306       -14.596806374081917     
  0.51229408874998217        20.282408974839299     
  -71.286672657875414       -147.35119522413271     
   65.494692448967129        243.92072579513626     
   101.29891110077449        178.49986376620251     
   74.217419630289371        143.57209370747844     
  -9.2936456683592574        48.804861497430878     
   43.530821751976305        75.561343882589185     
   86.515375365304990        131.81945206459744     
   61.646817019850864       -214.65143234394284     
  -30.828193759116999        223.29666997461922     
   102.31245643663230       -231.98886231421503     
  -103.65716732270511       -240.02164399303777     
   40.179131206378166       -102.55850476714670     
  -33.036252815694937        160.19333088105336     
  -107.78064425451211        195.69502966843876     
  -85.244342994855430        267.98841693373032     
   112.09519170959315        305.18429477893312     
   57.554461561162753       -80.782664250606842     
  -57.043357772096329        222.37807993639598     
   81.112717066857613        228.94187002976091     
   14.881990191529972        114.82752373203117     
   46.245347873250061        29.000496380260191     
   35.775352919220119        145.29354970063235     
   68.465696592558004       -296.27060790710033     
   67.654047595365853       -108.42091137648011     
   50.930649735129229        228.76800174549777     
   111.83075624164032       -183.23785058826044     
  -60.002750710841831        261.08966247400883     
  -64.528095813394486        56.326668661781802     
