  -3.9678606161396042       -3.3924486802116705        3.1859568975212351     
  -3.8294016129462380        3.3194994792058972        3.1557968118104025     
  -3.0321096098349432        3.2233064480595606        1.8175208441153181     
  -3.9699475733218663        3.4965883388325762        1.1408000847920643     
  -2.5964481298433748       -3.6362020680320066      -0.82855956546113785     
  -3.8071382977906372        3.0588960363079711      -0.87267634744770972     
  -2.7159095040468424        4.0071339416501255       -2.6359943893917812     
  -3.0925382434656865        3.5828278525485340       -3.6876567330964169     
  -2.9664914625105596        3.9436464222392540        3.3540082986264665     
  -2.5481116967275348        2.8085588020884926        2.6248883174395314     
  -1.9819754115831982        2.9160942700571009        1.7628717777447835     
  -2.4958057885868796        3.9486646385434123       0.68958256506438542     
  -3.1220732933153621        3.5278124646079441        2.3162434875286537E-002
  -2.7572045532506757        3.8833735587103981       -1.6162481118034189     
  -1.8398607509259197        2.8868658853456086       -2.6814481638919920     
  -1.8936001614825662        3.7832321419473387       -3.7267170171485460     
  -2.0806214621698866        3.2430410695474823        3.4032945820790528     
  -1.3521463679958312        2.7743579863845440        2.8656543951298712     
  -1.1331617947900616        3.7056266962170166        1.9862677781925653     
  -1.3178000812674555        3.8297687473929196       0.67366666339485859     
  -1.2697613026518482        3.4752707730891927       -1.0535798541165446     
  -1.5219267967436438       -3.5559425215346945      -0.94407424859041089     
  -2.0070381942491564        3.1769162371499085       -1.6944096286920578     
 -0.97571829478639605        3.5097673352182821       -3.2731780529900911     
 -0.52258376620015357        3.3259006686973995        2.7085532232872724     
 -0.10718533577660500       -3.9664866818400246        2.1805458685842747     
 -0.15209599022246628        3.2612482578759479        1.7180600007028106     
 -0.19819457245471334        3.3865961658542325        4.7374665239950077E-002
 -0.59980318886350548       -4.0076909642348291      -0.67068508740053090     
 -0.61939932072832915        2.7952861576709167      -0.67483089535627461     
  -1.0620082627908993        3.0856058105210997       -2.0444353470629650     
  -1.0787798600079703        3.1463093021804736        3.8263922170659734     
   1.0492958500249132        3.3566956384583633        4.0295728513092159     
  0.98053545605858927       -3.9170689875787721        2.3841796317263300     
  0.84499807842706920        3.0785649840140938        2.0918844447592289     
  0.44873195453624920        3.3688727817272208       0.92304856488669296     
   1.5353036560881699       -4.0212483125728156      -0.36655431515136644     
  0.51332736793554123       -3.9712520331674370      -0.78067310869077211     
 -0.42861484655354504       -3.9791566754678604       -2.6691617001904304     
  0.48022173635598064        3.8304994536335415       -3.1361239465919288     
   2.0496148075218117        3.6123706711252304       -3.7278835431911235     
   1.4526188984412209        3.4229434407179662        2.8149664834233681     
   2.3738590485269704       -4.0025677173037506        1.0915601207743673     
   1.7417427591984156        3.6147202320299008       0.49942144798492344     
   2.2433595455872375        3.3139772725094585      -0.42053312662317310     
  0.90723236586285272        3.4398537306530654       -2.2458876401249546     
   2.3950436205616277        3.8359839060777743       -1.9965145207049546     
   1.4304171927269296       -4.0097045875476907       -3.0115524441925996     
   2.0392995370171687       -3.8310805288483150        2.9395539421356149     
   2.2656129221729970        3.6808864860855715        2.1208629972530457     
   3.0260478650819276        3.3584815104212349        1.4261112969380154     
   2.5152511599835261       -3.8206114582424884        9.5231096688807623E-002
   3.3849979334007450       -3.9703951968596005      -0.38626702076114305     
   2.6142028717825823        3.0776546608691331       -1.3343009199968248     
   2.4985304915489999        3.1221326076574272       -2.7276702708012763     
   3.1086081800131451        3.3558116089505146       -3.4885199038857930     
   3.1010899292475176        3.5260682004165220        2.6710346909917155     
   3.9917900749805697        3.2559825519608965        2.1081099999236792     
   3.5802666266612118       -3.9898502799467921        1.8177001232993912     
  -4.0406013672237480        3.1334030258030459       0.19716751740879213     
  -3.4869257955134243        4.0398765760058541      -0.87831629796474020     
   3.3677153933929631        3.7863764997700926       -1.4688600040243094     
  -3.9817070793916649        3.2926284941175523       -3.2089606671071400     
   2.6420681999041422        3.6495972896016946        3.5735359939872859     
  -3.5325415733505876        1.9405028344419188        3.4245704652638902     
  -3.5300117437860314        2.5855879814054004        2.5432571677873508     
  -3.5979576128980391        2.4051938586229133        1.2927653637084477     
  -2.7762235256497565        2.8191300711987286       0.89199367568634103     
  -3.2763172284535349        2.5156418573756776       -9.4325244579185119E-002
  -3.3035335527196121        2.0048550228804638       -1.1770503738054390     
  -3.1676824041608347        2.5647916198690934       -3.1753645460317141     
  -3.8422506942077366        1.7785694231427132       -3.3084017706323929     
  -2.2684295204748381        2.1293342066149470        3.3587931517593055     
  -2.9330167600425350        1.6402744160289646        2.5495699406888481     
  -2.6882562916422121        2.1531214941559536        1.6709874196785091     
  -1.8261335766468312        2.9424450072750679       0.59989556219288487     
  -2.3800541432182580        2.0407455836886479      -0.15020319552028816     
  -2.7436783774143092        3.0107979072730284      -0.85319431445289695     
  -2.6990918619481485        2.3743350888016050       -2.3071310820175679     
  -3.0219795033153889        2.7998386103986728        3.5108671336087789     
 -0.50853881648742583        2.2148179115539901        3.0569550958539002     
  -1.8076341026129312        2.0285303167611706        2.2788456899537857     
 -0.76808550186500069        2.9895851548511678       0.79066416283242880     
  -1.1131008297914429        2.2287750688568790        6.7460633408618895E-002
  -1.7740698866551632        2.7997884623668550      -0.48588897398273073     
  -1.1628756158948257        2.0406990348298537       -2.0715379455288292     
 -0.33110048686662669        1.9253147730971254       -2.9907219195810599     
  -2.3848320487546886        2.8162929474094560       -3.8443374322498705     
   7.0887200527105149E-002   3.2683135691550680       -3.9038351289754871     
  0.52075790232915820        2.0400501787521343        3.3247892026205994     
 -0.79457531361953770        2.3502417624001901        1.7033286446280926     
  0.27266282358968530        2.3972387244580728        1.1945985461535149     
  0.30971059405905982        3.1922370821025212       -1.0268708685777508     
  -3.7616401680926469E-002   1.7862317826027569      -0.94686397304824632     
 -0.11212528765894031        2.9231452541856378       -2.9591956943926747     
 -0.95890360608190583        2.5279979030067263       -3.5045629598467896     
  0.47237630504650552        3.1028810620378819        3.1197837769376315     
  0.13915697376637590        2.2404447528941938        2.2690891650842482     
   1.0297029742388659        1.9772833448563225        1.8671908755206137     
  0.82314239828586844        3.0186347479936089      -0.14830488762708605     
  0.75472821511144084        2.3049790353092683       -1.3755825794327068     
 -0.14159079727755899        2.4760407679927474       -2.0110130254048850     
  0.80961324591039818        2.4182302592487344       -3.8224154688279834     
   1.8221684665391884        2.7097873636872412        3.8477121031048140     
   1.4089376546033383        1.7801711710335086        3.7225961099682867     
   1.5670277230091949        2.2709058029015403        2.8145657484536066     
   2.0924178148828516        1.8542147110346907        2.0702905814076673     
   1.7922937834895898        2.8101280622391980        1.8949688154343087     
   1.7164844022663519        2.4876767614553694        5.9338748390180107E-002
   1.7320173932032803        2.3365800641764598       -1.1180069625612801     
  0.19003740811640624       -4.0111240768964107       -1.8347215287141887     
   1.4078560110782290        2.9100368594328780       -3.1537454977701982     
   3.2747347833289884        2.8830843572535692        3.7290763968689400     
   3.0916745903682465        2.5035569881174986        2.2297669953266510     
   2.3853473306330333        2.8759002907227158       0.80661078715020629     
   1.7528968714534885        1.9585497732360384        1.1337676330478252     
   3.3382283997092759        3.0420078842671354      -0.59348984765351331     
   2.7143801240577559        1.9610505146525137      -0.89537268270996040     
   2.7393310545646465        2.1561514337059569       -2.4989534932619462     
   2.5467050526778428        2.4571753982265885       -3.6434055402371932     
   3.7510674185703881        3.7858610064244749        3.9595892882275283     
   3.7081704600256451        2.2480337186279065        3.0017682067771632     
   3.6139127201535373        2.6434541033828793       0.95713897736626852     
   3.9260150108651590        1.7867084736358954       0.27985840525952510     
   3.7995543144576849        2.1290885684485752      -0.76351575748082168     
   3.6788735165644861        2.6833169562482104       -1.6570672462385403     
   3.6315214104407745        2.4936761718814382       -2.8346747938901986     
  -3.9005219509000302        2.6101789350149063       -3.9779683622674580     
  -3.6529782663176849       0.74742915827749912       -3.5993746829796320     
  -3.9866576555419480        1.4088425617833700        2.6614587003019645     
  -3.4577747654560427        1.4274260080732124        1.6073401905126363     
  -3.1237942962564120        1.7952464306725751       0.59582108618604246     
  -3.7649240274103279        1.2775325270078630      -0.52981755707260703     
   3.2233944258634493        1.2951640465657714       -1.4588274403336539     
  -3.6862561651659767        2.0715011485067500       -2.3080557126761851     
  -3.5759348014022510        1.0037525862184229       -2.5841798011909520     
  -3.0564659388680919        1.0352890985133936        3.7027710562795115     
  -2.8989738566356582       0.56190042264339402        2.0793514669740856     
  -2.3082973216399041        1.1967193807289671        1.5292248329510207     
  -1.8269485937389005        2.0261321244467538        1.0357973220304917     
  -2.1953343299502839        2.1235194125895354       -1.3493870338572069     
  -3.3593797902423304        3.1314479884196613       -1.9685130143341274     
  -2.0330143699180256        1.5269226947340742       -2.4272756345779345     
  -2.9700558187676585        1.8719610952962820       -3.8843668573442631     
  -1.3049325712473037        2.1441889943486032        3.7100193841198550     
  -2.2331847954766153        1.1566749678860688        3.1067737888982330     
  -1.1775751546082056        1.4060511879618132        1.5690681946129315     
 -0.53069693482865665        1.9082884574564789       0.84387889442534747     
  -1.2444325199519282        1.8540737316151605      -0.89508974975565836     
  -1.1195398664018621       0.29762086009286770       -1.8470046452977951     
  -1.7911625096984567        1.1981270157552029       -1.4259586299941702     
  -1.8494262699604034        2.0073751665836581       -3.3244117660881907     
  -1.1856342274054643        1.1325549249442586        3.3971231100696944     
 -0.71076077160689000        1.2457896374371067        2.5010506639046377     
  0.25238367927936645        1.2954401159556679       0.66232490967929369     
 -0.66876746677927046        1.2673897905656739      -0.11826088667098618     
 -0.42198045065221912       0.52340585342817636      -0.84953033745881823     
 -0.66736184611380545        1.2815641532522328       -1.6215266897124783     
   2.9936655152790020E-002  0.94002854934287017       -3.1001407383935966     
 -0.24241336508916586        2.0768868193471755        4.0628794987010570     
 -0.17263610990712708       0.93351754334618875        3.3407450185122571     
  0.23781885817030474        1.3506785368301391        1.7485900385906914     
   1.1243235968162457        1.1025586377727239        1.3011244212714508     
   1.2992250287622524        2.8420975186870878        1.0063774073590248     
  -7.0439370851503341E-002   2.3777490041699303        4.9576629044097049E-002
  0.34552601690173451        1.5726661055834414       -2.1045628618410501     
  0.77448801196615913        2.4348359615167237       -2.4786576611358084     
  0.87375101583728709        1.5416829830256724       -2.9915434614267640     
  0.49549494324627041        1.3182372049119329        4.0414034819728926     
   1.0329047658986026        1.1313291278091830        2.9379394658799578     
   2.1725169843267946        1.0180088349725878        1.0718040637821533     
   2.1796061867344632        1.5431549162371354       -6.6731009523038648E-002
  0.90348238459803565        2.0136946102350533      -0.37010464937370147     
   1.2920728607051755        1.3316740119852553       -1.8373181715220686     
   1.7620309715618514        2.9051725758943441       -2.0761802908374238     
   1.8990688421941841        1.6690996290570148       -3.5254983176726964     
   2.5325340634919367        1.9618172500583200        3.5880388280399806     
   2.4048066643513333        2.8335204494351580        2.9192668095276235     
   2.8119269587574292        2.1007329256292828        1.2792978209958519     
   3.0901782211469282        1.3640702314394397       0.66076598057402025     
   2.8659482841816497        2.3457956719187743        3.4413711275495695E-002
   1.4512731806978287        1.0912866369192344      -0.71656317614259835     
   2.2547029626888659        1.5991183493330121       -1.7639054337977051     
   3.0118239075081434        1.4963273820328933       -3.3458317836074114     
   3.6319205596617721        1.8174431458679245        4.0535890918819115     
   3.0863822448127975        1.3015139752895120        2.9344173642649909     
   3.7445804323265990        1.8688920589814948        1.7477502464435304     
   3.6979664305206059       0.93040227440375989        1.3950580244234805     
   3.3468751573570814        1.2229787714050602      -0.31692136576189972     
   3.4631093209850556        1.4459285021419235       -2.4428884901482042     
   3.7864613663299349       0.26609962418434396       -2.4086008408693180     
   3.4187572878765362       0.60002393022340850       -3.6085904985429105     
  -3.2046961565607512      -0.28836291629808902        3.5699504954629822     
  -3.4721771792792140       0.49471760811901722        2.9557702694834971     
  -3.6779778533143821       0.11692928444368719        1.3187554465130320     
  -3.6703949568729155       0.96031295940426975       0.47936019205045977     
  -2.7763903529840555        1.1207146970282820      -0.91013080053920237     
  -3.8725632598489117        1.1279081273373881       -1.5269629099921185     
  -3.3808658581008100       0.23461648395435952       -1.5075533768803531     
  -3.0948384225281114       0.13511079258840053       -3.0293776973870914     
  -2.5971113976036273       0.23311553375894239       -3.9093595139073787     
  -2.4257850206544802       0.15668487403190978        2.9731636193676523     
  -2.3910365628025714      -0.34446208687601637        1.9749613817987262     
  -2.6761258557166214       -2.0857379175646347E-002  0.78054606848672459     
  -2.6084774109659832       0.94717416180438341       0.12916600930694269     
  -2.7809212669691865        1.0301316203123374       -1.9425069399255910     
  -2.0311796874526622       0.32283390848305726       -2.3676749373331054     
  -2.6588262231433561        1.1242538953119399       -3.2384184938409071     
  -1.9749963041133958        1.2190549970411431       -3.9789619803668721     
  -1.7638320075147673       0.72278211788782243        2.2371215547435197     
  -1.8004683556004126       0.27537841875517116        1.3196175727314650     
  -1.5854145674681417        1.2912349648745469       0.40139327125102181     
 -0.21757930551308224       0.13802994960509626       0.29909947753770544     
  -1.5608122663383854       0.77679309959561638      -0.52234965729154759     
  -1.1007906437896733        1.1870307760600591       -2.6204139692410267     
  -1.3531793902961613       0.38587712317986006       -3.2232397373898256     
 -0.56777930388624087       0.59304158654330597       -3.8286852709136774     
 -0.75703281249880672       0.28639609271823718        2.8377397184363748     
 -0.61476286613797726       0.47813915914649308        1.7826774968853407     
 -0.83309591275684602       0.76697868930709900       0.83794524188005004     
  0.91371423824180975       0.26657093445068658       0.37506088999236636     
  -9.0495716022578498E-002  0.60918098636235363       -2.1224616164931578     
 -0.47590796610734865        5.2188434335747928E-002  -2.8759006244395504     
  -1.0100562969508251        1.5067132802955652       -3.6578143787596407     
  0.90049168701452442       0.45972767098159761        3.6920791968934963     
  0.50102176069332605       0.36982480411239277        2.2898138783099133     
  0.29876820898586492       0.47032057027032292        1.2271507194585591     
   1.0556189072781352      -0.69244658953874438        1.1154100439590449     
  0.47407325603091410        1.0022991569031228      -0.26828490130443644     
  0.44972345667050267       0.82868036740405959       -1.2933198365433514     
  0.82555370745405898       0.60871213014235559       -2.5842505285915536     
   1.2855070187863793       0.74105077563738064       -3.5586341307257086     
   2.0177504533362742        1.1764886677438833        3.1674876281851945     
   1.4211894682691675       0.13570104150650486        1.7309720138509175     
   1.8612161889895829        7.8052389787647142E-002  0.79782807794170263     
   1.3182440927989254        1.1909669432815717       0.30611640214521701     
   2.2919704745557086      -0.42357365772130795       -1.1360081206448691     
   1.9720336102173364       0.56075171831078785       -1.7045850201781361     
   1.7438042265780855        2.0382676622102855       -2.5919291849080026     
   1.8026874171331866       0.90761347298820239       -2.6527898927078568     
   2.7515945850016665       0.93680237918584497        3.8185091613969075     
   2.6882428605626489       0.17118380793297910        2.8174059484783882     
   2.0033187957042768       0.83555084945809921        2.1945367676919321     
   2.5140171004614773       0.15714870078317988        1.6107536828190021     
   2.5936187997879960       0.62769263985672252       0.17369415281504083     
   2.4424476026625892       0.95477885598418610      -0.83761086751962099     
   2.8035103754348829       0.63633958060877516       -2.4816297239532918     
   2.4456493090392746       0.39673871962818030       -3.4148036614768542     
   3.8637933905923072       0.89548563962315930        3.6809892595195963     
   3.7190421265502613       0.47409660649348784        2.3307142668343994     
   2.8899113081231573        1.2670428564966321        1.9127904552422252     
   3.6704131085737970       0.40606703216571371       0.18803657310009056     
   3.8389206637101179       0.47385703086056252      -0.84367222565903643     
   3.1556603585524741       0.27090750278618481       -1.6073013874501532     
  -3.7486447714239346      -0.56163060159772438       -2.5226870186566637     
   4.0592667951691723      -0.31857061866900005       -3.8312691664931191     
  -2.3197271757409350      -0.88709398002999540        3.9476044940772694     
  -2.7284212347719663      -0.96773595287180492        2.8955608918310629     
  -3.4747164970860860      -0.35489416929604817        2.2133087520000605     
   4.0111768267497991      -0.50493350751030963       0.54656621525008831     
  -3.3822292218652521        7.3510369618015367E-002   1.7909890294586690E-002
   3.9382502727908557      -0.35872755502621528       -1.4591333444100050     
  -2.9777351794417570       -1.3471134024370135       -2.4086432476162396     
   3.7149822928594474       -1.1660038804127730       -3.2724539191252111     
  -1.7072442478910033       -1.5175279954761036        2.7733174058159973     
  -1.3703017416108825      -0.28994108984510414        2.2142918269111886     
  -2.0142418600135858      -0.75315528892644412        1.1044021015221479     
  -2.8411255889626044       -1.1725957579845190       0.23013071537040147     
  -1.8613386960914520      -0.84798206675022514        6.5210069093479608E-002
  -2.3968063950303318       -3.7545593173487921E-002 -0.18924146808673503     
  -2.7859299226501624      -0.41044926515011781       -2.0699451798970037     
  -2.3589389063775910      -0.56838020147037416       -3.0100338223694765     
  -1.6803097655506116      -0.49026907263993269        3.1623052825818663     
  -1.4977902212261982       0.29255933324261696        3.9025466368350066     
 -0.90742516211383106      -0.20626761734489468        1.1023437703533441     
  -1.5495070950633125        9.2498396410433004E-002  0.36723925000080349     
  -1.5118684862904741      -0.26842926852463389      -0.69931818871477214     
  -2.2351047934931718       0.24878441128195575       -1.2356493576538248     
  -1.3922829671728543      -0.44467169440329934       -2.5906769186584673     
  -2.5748213055045768       -1.5799154155142001       -3.3742959084136253     
   7.7528514033196785E-002 -0.38267239825621885        2.9091259798986258     
 -0.39729751284214565      -0.46807510227861593        2.0313022256425683     
  -5.4167263850594900E-002 -0.73087955305769936        1.0036132954758767     
 -0.77963112882159946      -0.78139681094304336       0.28555265600380436     
 -0.49164492771572438      -0.67287372272493950      -0.75191757964256234     
 -0.23804075958909615      -0.88719198501116669       -2.3865345789509362     
 -0.29710357015084066       -1.0312543708110613       -3.4023283150171628     
 -0.66581300495560858      -0.29324400310741305        3.6751097828768780     
   1.5954932269193531        2.5941295436543079E-002   2.7784453281095525     
  0.63724522587883980      -0.64807734234696190        2.1028885443495593     
   1.2571916088159960       -1.4913959301967135        1.8214578368429983     
  0.20879464871624212      -0.87155039406298718        2.2153290731306567E-003
  0.46909133933527603       -1.3632838367050398E-002 -0.47785804585991321     
   1.4434213143598273E-002 -0.17405545222953467       -1.4923269335411682     
  0.58914349834411683      -0.32957506374293222       -2.2979172708125346     
  0.20438122298574138       -8.2545507472412447E-002  -3.7427796892415093     
   1.8843684636109241       0.32767998424570510        3.8633156932573312     
   1.4715458308148697       -1.1166020426914620        2.7960231662527311     
   2.5446017794928002       -1.6151009673481207        2.5313416380469178     
   1.8715715909893151        9.3339183575257723E-002 -0.36139254152907618     
   2.2834236961262961      -0.99743509706934352      -0.30377992752938743     
   1.1086471534731293      -0.14693548882664509       -1.3776217434034821     
   1.5595953514786596       -8.7612272755412154E-002  -2.5505838694351954     
   1.2455828881586366      -0.42400472581230603       -3.5140460531132041     
   3.0003365123158465      -0.16581466693805338        3.9031918431616996     
   2.1995789180251433      -0.51617345224671773        3.4109406354009266     
   2.0565639339352608      -0.80588918865924153        1.8814487236916975     
   1.9694526512659518      -0.94565818925870393       0.70379371180881156     
   3.0737921282736642      -0.12052579065702348      -0.53331260607629949     
   3.2389846259485653       -1.0111505887910472      -0.96234339422884607     
   2.5410435888760960      -0.30944131897141386       -2.2259942681492242     
   2.2253779457870162      -0.57001178978333433       -3.2184794012616940     
  -4.0232765436460554       -1.4343887641068382        3.9015460558408130     
   3.8921760930902272       -7.5701887425051601E-002   3.3039078918636244     
   3.4590273096076309       -6.1965149419110077E-002   1.3037217086227897     
   2.8877110241023010      -0.42980740391006000       0.52505042208850405     
   4.0218973073442390      -0.43258911051483434      -0.45391005197027684     
   3.4388049837006740      -0.87005863552818052       -2.2363093794216069     
   3.5621543703202723       -2.0764469143462509       -2.6534950650350786     
   3.2086580101164155      -0.26069677178790729       -3.1076962249581053     
  -2.9644657071174016       -1.6461258006357726        3.8036927647451502     
  -3.2466020586045858       -1.5270372369540961        2.2131991048461535     
  -3.0800292862187932      -0.79782683186964531        1.3740579444245982     
  -3.4834881155285640       -1.6170591557000975       0.88411854225302577     
  -2.9555278975876478      -0.71826811780200117      -0.73005657389152423     
  -3.9403587457995699       -2.4313912601413987       -1.3498822953655361     
  -3.1957466315337166      -0.74871150267601427       -3.5859045843649944     
  -3.5852913467352283       -1.7231732269348130       -3.1813189931717405     
  -1.7074690830895536       -2.2849850407805232        3.5963380133274070     
  -2.6290884768291680       -2.2720126657449771        2.7220165229193993     
  -2.8678442696794124       -2.3496727081423012        1.7299543222048155     
  -2.4235321662341178       -2.0226807267084390       0.85607231308422349     
  -2.2598841990637295       -1.6270501418601415      -0.62742930364197935     
  -1.9152947740621391      -0.81946860658988374       -1.5141840108071438     
  -1.9726930023892220       -1.4080655438140395       -2.4485864117305782     
  -1.2821190400735765      -0.58786943311855122       -3.6393643632244803     
 -0.71970233886465429       -2.2440165160942143        3.3552754226001986     
  -1.4798784648744792       -2.4685113227783613        2.5516679187619085     
  -2.2858705084848037       -1.3960737851163474        1.8367308851805748     
  -1.2925019740600294       -1.6046976917525575       0.60513079996720398     
  -1.2718410206192530       -1.3450545609389213      -0.58085848597009881     
  -1.8539618508886289       -1.8233548409783866       -1.5415511098057004     
  -1.2260555273682550       -1.5362491255405417       -3.2859890350149099     
  -2.8171411741840546       -2.7321507230745032       -3.3586032575517240     
 -0.12470595173783476       -1.1719454225271970        3.6507879350163708     
 -0.79219044270225403       -1.0628096468847825        2.7921592025008417     
  -1.1891224372175091       -1.1818066257753710        1.7617300896109462     
 -0.30890752805160415       -1.7750969287238012       0.69842328340017357     
 -0.34559433995912070       -1.7398547952362458      -0.35352731808994187     
 -0.92254428186034221      -0.71781412876841422       -1.6702219973989432     
 -0.28005784553844221       -1.8829805030415010       -2.8108084491259611     
  -1.1910169875012662       -1.2927007236600652        3.7531807317377894     
   1.0320126421332607      -0.58298935173776223        3.5522575834576564     
  0.47821975857371274       -1.3610158128905250        2.7962402009687919     
  -4.3207767289862371E-002  -1.4711323362295312        1.8559393135898510     
  0.66066707235697963       -1.6625405089296548        1.0330932673768383     
  0.45525012792513481      -0.98817964254270274      -0.98066738367966100     
  -8.1048809754527856E-002  -1.5349346490716387       -1.6391512083779354     
  0.93671039924506894       -1.5661070954733434       -1.7504353631821103     
  0.64690116325863434       -1.1788289976473663       -2.8825028052582837     
   1.7505922685309601       -2.1241230369638187        2.9826643876475627     
  0.97942143882747223       -2.5473070556721709        2.3801255911390986     
   1.3488124599171074       -2.5247039851784008        1.1996125344125721     
   1.2388622286855560      -0.71479447821965214      -0.24069129853002422     
   1.6189990864131045       -1.2392144793239419       -1.0748835468492950     
   1.4811647244526824       -2.2613536481904886       -1.1062660530159694     
   1.7776805026730669       -1.0499598429191372       -2.3058627582467319     
   1.8936439913885186       -1.5101634895974665       -3.3521773759010980     
   3.1406633708959126      -0.97690222738993349        3.2780789516629842     
   2.8154163088434689       -2.6115647163022713        2.7444993387984034     
   2.9792089020115866       -1.0073243648752361        1.3930323982299857     
   2.1615193011126221       -1.7427726385427103        1.3798916257413962     
  -4.0216672726336400       -1.5008693372923063      -0.77242626908687084     
   2.5057749618180347       -1.3383893623864545       -1.5649230265885239     
   2.7128165561580966       -1.4432549228849729       -2.6733330119206205     
   1.7712608497418318       -1.3820329592702716        3.7509863038192952     
  -3.8001651318781371      -0.97085062904405972        2.9787840793652895     
   3.2451698433473499      -0.50778199234266042        2.2481448919661862     
   4.0560280166666312      -0.96373112992562826        1.5493265144278776     
  -4.0492746282365930       -2.1211500975365634       0.15921322841368890     
  -3.9493384029072929       -1.3763038019020097       -1.8050618506241487     
   3.3483825135090344       -1.8693440900314156       -1.4721959046339195     
   3.0455403386052966       -3.0213583256156431       -2.7563288521498954     
   2.8045766720018781       -1.1840604800870755       -3.7709387737690858     
  -3.7534402413866585       -2.4832240427065457        4.0218377458752617     
  -3.6938317768355269       -2.4309066881273411        2.9292792324135619     
  -3.8477697859049904       -2.3374868137526170        1.4954554465492627     
  -3.2542793176594196       -2.5787315237257555       0.62756823468018408     
  -3.5867797749744934       -2.8848648605677609      -0.50663366799728282     
   3.9875556569087651       -3.0780136879041282       -2.1583790862211227     
  -3.4417860377594147       -2.2072752119280556       -2.1887316346418326     
  -4.0580028843269655       -2.9229893551253925       -3.2107908710843827     
  -2.9253497104910080       -3.1988023009678890        2.9856558531789350     
  -2.3551514124255144       -3.3256716847898433        2.1382822433959503     
  -2.4399315198009064       -3.0791976263056191       0.99015913312646320     
  -3.1672860213215119       -1.9729881300499255      -0.35024781958064122     
  -2.4990374680728826       -2.7189478103968265      -0.27094493469741004     
  -3.0413270750020240       -1.5345416385383623       -1.3856420150910000     
  -2.2761275163136920       -2.4902886715188406       -2.4850031850536118     
  -2.6702019732182634       -2.6065252303385891        3.7894919142191834     
  -1.8794155763969109       -3.2312249978839320        3.1130685261213058     
 -0.87372049252394457       -2.1419846365032003        1.7303077308250800     
  -1.8317375160017186       -2.4369468184066729        1.5827779691510111     
  -1.2151754709549496       -3.1899954530091352        1.0626920897741721     
  -1.0248736213936238       -2.4842473245200467       0.15956897586333493     
 -0.98052490660680791       -1.6941106085082773       -2.1000750720319110     
  -1.2430948904685502       -2.6136887064412151       -2.7091850111713800     
  -1.8742027357467799       -2.3298628230883649       -3.4398938582964678     
 -0.89723733473386946       -2.6669938949746146       -3.7696354063486921     
 -0.77352304485668422       -3.2199451831980119        3.0592826180321069     
  -5.6556286003554987E-002  -2.2266489060830237        2.6065050304010828     
 -0.31354349613453025       -2.8139947915102455       0.84153384181681212     
 -0.10315087750954005       -2.7049477646457727      -0.24165512231376673     
 -0.65129965633659703       -2.2640401602440021       -1.2495676139452569     
 -0.46877172649414722       -3.0175134327768043       -2.1958477387576298     
  -7.0428443293764534E-002  -1.9321065275748592       -3.8196371288015691     
  0.71737048648466240       -1.3097062727795050       -3.8768788187258409     
  0.58539577272677634       -2.2429009318826831        3.3865533956362075     
  0.39532672943411001       -2.4804662326995999        1.5447054426557010     
  0.70200932640321234       -2.7912994447940793       0.43189381915777392     
  0.82484277619632962       -1.8449527829372436       -2.8874869088648895E-003
  0.49873791079348195       -2.0567384419979406      -0.93868289362629365     
  0.30398241669164655       -2.3717090375613528       -2.0840281760742969     
  0.75144035137517684       -2.2026677069650002       -3.0317197309990682     
   2.1496444594897337       -2.9317479419747241        3.5000033416536032     
   2.0754891792667824       -2.4630054097302794        2.0837457730759703     
   1.5725752896234002       -3.3117637837584235        1.8374340096522621     
   1.7525724929981858       -1.9986994309153976       0.43883573924716796     
   1.8295285411896158       -3.1720288191727040       -1.3383059234746759     
   2.1881058747671203       -3.3078282875991492       -2.2879227489742004     
   1.4438766410160844       -2.4797772317651989       -2.2247316284616550     
   1.5153608673945866       -2.3219213404203973       -4.0025935917754660     
   2.5815730164397244       -1.9975560812692916        3.6265591405242672     
   2.5810566314338588       -3.4542568533086833        1.9977603089685154     
   3.0291897854836076       -2.2350605187888157        1.8135771026834218     
   2.8358460449807916       -2.3483123103248857       0.22237873445894496     
   3.2661543984093666       -1.2653058449719108        9.1528315224447977E-003
   2.4472206597363089       -2.1848894924416196      -0.70323930608674068     
   2.4704842614790774       -2.2523501498242751       -2.1038205886662587     
   2.4919935298642333       -2.3620217356198059       -3.5775832406403669     
   3.5595985713226717       -1.8848458159357027        3.1771055640094783     
   3.8296997636607109       -1.6756349191517828        2.2301746514481775     
   3.6406858641054813       -1.6677792330485517       0.96396310176423539     
   3.3074462722159166       -3.6637875601378602       0.78772103538203098     
   3.4759764365894292       -2.4069755548151370      -0.62863920862299694     
   2.9972347272868505       -3.1062373374957040       -1.7320009863357140     
  -3.0355900488191776       -3.1559685112176381       -2.4549165572244274     
   3.4396346826804942       -2.0045393230684665       -3.7494153073857230     
  -3.4425493039983648       -3.4346658702591357       -4.0552699770711849     
  -3.6751475035629126       -4.0643975994182702        2.5019935973759826     
  -3.4244218304913616       -3.1246322650131026        2.1006527318409862     
  -3.7914383160272740       -3.2873609157587778        1.1627704739399281     
  -3.9177994784877233       -3.9400482358453623       0.38308655026457161     
  -3.2676112633928942       -3.2697103521115882       -1.4771030755602073     
  -3.7866063084914576       -4.0456859871834672       -1.9639107874384083     
  -2.2798854006577955       -3.3750224619961284       -1.8195076446863490     
  -2.3750507382917121       -3.5667025314100314        3.9509518048911465     
  -2.4577476534651792        3.8405869246066944        2.3750255277098162     
  -2.9705396019465828       -3.8974157183309641        1.5374816346313138     
  -3.0545133800902291       -3.4568109775894569       0.15804470760788028     
  -1.9184401378814420        3.9051300130159272      -0.26995629487980016     
  -2.5415544140970368       -2.4981476479592777       -1.2497841123205031     
  -1.7029405977626746        3.9907353385761777       -2.1918120542982011     
  -2.1747049910495848       -3.4813703295805807       -3.1889359420014451     
  -1.5913331278245941        3.9604685766940393        2.8768118457634357     
  -1.3193038242945472       -3.4129002765668677        2.1504750721156753     
  -1.8655565242736316       -3.9874386104841020        1.4464643985019792     
  -1.7568886211824997       -3.2502507109686092       0.20233311390001735     
  -1.6193645535411574       -2.4388999692590598      -0.69859105772600749     
  -1.4653901138901178       -2.7848592429203682       -1.6665786074935973     
  -1.1181799201742286       -3.5212924717712988       -3.2407389183568491     
  -1.3257601817121172       -3.4627992661620381        3.9152626242971245     
 -0.21207312565518111       -3.8028753718801616       -3.6583041116824604     
 -0.61748143417244750        4.0314550778734572        3.5098001530212883     
 -0.35599304861212450       -3.0181929857163419        1.9385325873566830     
 -0.51477098960070478       -4.0241040557477659        1.2113749906834785     
 -0.68716512428832210       -3.5908582945576097       0.29720639170173135     
 -0.25118246562170898       -3.1969939984897362       -1.1881196228702409     
 -0.80953631903975598       -3.9537471654551988       -1.7379200039552782     
  -5.9335460771281295E-002  -2.8729001061029669       -3.1556144742080003     
  -7.7235530267029243E-002  -2.9547605430056945        3.7547804453202063     
  0.21164140348680002       -3.1779015200546867        2.7853613643063224     
  0.53765729212866931       -3.6392099513066034        1.4449112288271755     
  0.50291674073135983       -3.8097242830983244       0.25752772400502671     
  0.88985455996105645       -2.9360014321397876      -0.58528568753674692     
  0.75034265128075583       -3.2195491382543917       -1.5772920661881211     
  0.84042351594234277       -3.1922053713886638       -2.6961996754652842     
  0.79373357697391833       -3.0342259223869861       -3.6833332213433243     
   1.4676302709270661       -3.7990294847268973        4.0123306928524451     
  0.43612138903339837        4.0134790521223023        3.5842503450542047     
   1.4523835429833016        3.7349683260494992        1.5059553467343196     
   1.5104983156437486       -3.5755255316732044       0.77591955856572858     
   1.7156930724573132       -2.9246646238522791        2.5682438049542206E-002
   1.4718357593052567        3.4339697451900171       -1.0973411152578152     
   1.4313027693400338       -3.8857340291579399       -1.9148995198971137     
   1.7375218415567342       -2.9071889138596183       -3.2034298938209291     
   3.3944625409888260       -2.9829378529100841        3.8188386227439119     
   1.1407373615059779       -3.1977958849621881        3.1995667998551403     
   2.3202979445630483       -2.9394383406038709        1.1480653321732321     
   3.7422389100816580       -3.1080494686140416        7.2149535733375778E-002
   2.7484819139459495       -3.1398032674781131      -0.59968881070586011     
   2.4365685796842840       -4.0257688222976755      -0.99462202985139536     
   2.5674795635793330       -3.9722048690626237       -3.0611278681874290     
   2.4953211553659407       -3.6412456515020266       -4.0146141239041864     
   3.6918117299770694       -3.0810987826715013        2.2700296678719556     
   3.1143029032830944       -3.5635159552929281        2.9494664501886536     
   3.4688644529664900       -2.6915539114896805       0.95931783595782638     
   3.1080733147564774        3.4466250647720069       0.35111841334010779     
   3.9015943034525642       -3.5241920562622098       -1.2200493614403312     
   3.3896324974044942        3.6969606946364677       -2.5377013740988095     
  -3.5927787006470906       -3.8153999601530830       -3.1100720318325528     
   3.4795537557950382       -3.7112333644641398       -3.3976768729956204     
