  -5.4024325716067807      -0.55639070966418458      -0.75570145090195640     
   4.0869387947238245       -3.9652569859890003       -1.6213517056102265     
   3.7950348753989860        5.8367641759140838        1.0496831078610258     
  -5.0086213323753359       -4.2766406143615301       -3.7465825903581838     
   2.8931045016152526        3.8755377334321492      -0.92395650719141920     
  -3.3237722989879379       -3.3640307909760372       -3.6888288075394127     
   2.3818453009487848      -0.83540834037304135        5.6841328293364368     
  -4.4062053655219149        5.6720651382382918        5.2804374806837275     
   4.5112993382866859        2.5326440757768571        5.8501123284358707     
  -2.0832085023820102       -4.4198349404935726      -0.71882520834841013     
  -1.3250470520901991        1.7543362259505044        5.8807685642471803     
 -0.80496358349908070       0.15999730205962795        2.8923676583403197     
   2.9531772056002694       -3.2802750998569512        4.9760829818061696     
  -1.7978258968115008       -1.1437294171051664        5.3854615141806779     
   1.3984868377143163       -2.0972739919008658       0.57395913893259576     
  0.85492715648344886        4.3919272418562150       -2.5550038395753885     
  0.81022875101728509        3.4786779126893816      -0.52074998370150472     
 -0.78323398829392221       -2.4898456656462926        4.5195665141103074     
  0.46412401757609512       -2.2813478569741323       0.12369865666659718     
   1.5917866524778248        1.7863706238888004        2.1886617606441292     
  -5.3350431188475289        1.4499358016758344        5.6608656725713420     
  -5.3860835150156667       -3.1822507334344996        3.4201641665872073     
  0.25712216515453523       0.26786467496597405        3.0225484756751788     
  -1.1991088928765012       -5.3375528940258521        2.5612979897552606     
  -1.3915387968221884        4.6882152633688872       0.83910447040831559     
  -4.0131203772723651       -4.3997992986649859        2.4864181754537849     
   5.6795172033898362       -3.2955836288766229       -2.6194851743274037     
  -1.4137589901776078       -5.4057874611375247       0.66506662149305174     
 -0.70065172992209235        2.1549029686817461E-002  -2.5442670426875624     
 -0.52617939326716334       -3.1584390336097625       -3.6807707565044665     
  0.81239461024829362       -2.1296727266685052        4.6015540675773154     
   5.7210488435596272        5.8587992490403886       0.55285413241830561     
   1.0407540476905863       -4.4289571596582649       -3.4498933641342893     
  -3.5271583278465339      -0.52326967919506007       -1.3961304045991256     
  -2.7566567646634939       -1.3906071250415362       -2.5292045536848669     
  -1.0072293431650727        4.6424008097362393       -1.7940670548635582     
  -4.8916115243587805        4.4804777001437230        2.2430664576605319     
  -4.2152597102883274      -0.71410207444620377        3.0118672669536464     
  0.81229326434381832       -5.6850036244512738       0.99511716182632026     
   3.8123432904697103       -5.6773191680748942        4.4005475163790466     
  -3.5193297556728051       -1.5924351571972786        4.4656114703284420     
   2.5180796942547281        3.3798250987469056        3.6235381452935047     
   5.6459326355920281        1.6434558466881264       -2.7321349055662214     
  -5.3313021345246199        4.3322576353640327        1.1317987742657891     
  -1.0850515499728433       -3.8153919661351088        4.1366244151766152     
  -3.2380710153310743       0.67117361566829226        5.2710726296002562E-002
  -4.7812913374338484       -1.9819297872770525        1.7436091400906313     
  -1.4383092237715038       -5.1828154671433309        5.2117079029762623     
   3.2175516148227867        4.5289536447748988        5.0065876088023682     
  -2.2114574503653692        4.2823343797024460       -3.2425208437813393     
  -2.6270669888762570       -3.0324591032329113        4.1877788233742903     
   5.1959803535097144       -5.2962972874096703       -1.0825258989259474     
  -2.1489967154902274        5.0753669073273544        3.4141929730422067     
   4.0720620761363371       -3.9401680772499841        3.9481474820514189     
   1.1220625596975424       0.88556535231195777        1.0468097590304184     
   3.3953532827821769        2.8588463736454872       -1.5580372501886106     
  0.43447398271177545       0.92626301385357346        5.5041225648565435     
   4.0493904738732978        1.5285005819449187        2.6407209547881449     
  -1.7117080104664772        2.7333263676678183       -2.8646057504078013     
   2.4858305213943366        4.0784142828155350       -5.1606183560279248     
   2.9166506639806813        4.7029604997523089       0.69030203452554140     
  -1.4312647892998214      -0.50221332956665454       -4.6260897688599725     
   4.2487606640026767        5.0339821574750241       0.62877082177298171     
   4.2386943362282583       -2.2130898022438603       -1.8060032130380594     
 -0.97183776517695264       -1.3016604414470376       -2.4876409476726833     
   4.4306539242521312      -0.77270168795189975        4.7560996125763930     
   3.3122092196369186       0.37090191819646978       0.61764401306719829     
   1.6071889169787501        4.3258919639600686        1.8422541609287497     
  -4.8343685212564580       -3.1990652783527893      -0.34529169073005306     
   4.9202780216451831       0.90920806083207883        5.5582732361303435     
   4.2234066761733349       -1.3291738093247891       0.89642319527882230     
  0.15010717544406088       -4.7322564739524431       -2.0258081446166294     
   4.3315456343987542       -4.3108964182607243       0.80617407197826418     
  -3.0700665619240430        3.9207046822011700      -0.16199194655106444     
  -2.8319658507295440       0.91439473113591618        5.9706289359400397     
  -3.7493683484356697        2.4320234900921549        3.0695127205560380     
  -4.9198467099776128E-002  -4.9425260615225337       -4.1856157126588638     
 -0.40625776434864802        1.6916028374810639       -3.5872748223586908     
  0.93559045727441492        1.0641692649798544      -0.77923601829941036     
   3.3873315920249292       -5.1809849957576564       0.98960237192557898     
  -2.8901276439430434        2.7075012445224971       -2.6329646253037025     
   1.1577934886928967        4.6273060213923767        3.6675674352802172     
  -4.5684004422865003       -1.4559217810228953        5.1243102315735038     
   4.7063720983759447        5.3515078084683232      -0.24142076462375450     
  -2.3297327752838068      -0.53658284371568610        1.4333276780267330     
   3.6983087511412518       -1.0395753845504121       -3.3397078529077668     
  -3.7806482944339028       -3.3424579168259885        4.1617752104088312     
   1.9774344448986738        5.3934829388050227       0.78917195245608118     
  -3.6335324502375599       -4.5949223841250264       -3.8944296205771654     
  0.82599531114889446       -1.9777730142284058       -5.4847644489495835     
  -4.0653193683144879       -5.9480900745826375       -5.9347356364421859     
   2.9967744947029833      -0.43035467752902329       -1.9647705660508283     
  -1.0684622124894441       -1.6440306983120601       -3.5088360238511500     
   3.9404585690934746        1.2800271790177471        2.7629833554374629E-002
  -2.4730225906691192        1.9488174861292022      -0.51264668480322373     
   5.2664252784135748        5.8729135288630498       -2.4684254483195334     
  -1.9832142247932263        1.1853156766810855       -5.5185450994246192     
  -4.8192318229497619        4.1728453232245739       -4.6934816843218101     
   4.9469411575876823        2.7922867593008052       -6.2756787246646878E-002
  -1.0933130696857640      -0.29875883583070278        4.7571297393480378     
   5.1472635013297836        3.2511160580628364       -4.7628260082349705     
  -5.6460664464915782       -2.7381167054155431        5.6076318988787426     
   1.5305175995258711       -4.1291862951198084      -0.65015963957129774     
  -2.4256192294146026      -0.12216655912630227       -3.2496489010553145E-002
  0.89971440444321960      -0.77473429274697581       -4.5417539040258657     
   1.7552675312182264       -1.6079467668618077       -5.3992901956978843     
  -5.9787048024790472        4.7192176665082917        2.5615701086605069     
 -0.39157845020070176        5.7183374959059785       0.55817542762794692     
  -5.2726549495491728        3.4609503691745771        1.9201851198268223E-004
  0.98786633755038089       -1.5128212716326779        5.4643080929595840     
 -0.31066214610048692      -0.96297630255687339       -5.8747941954266025     
 -0.11986016556576819        1.1515431154704072        1.6239964360287575     
  0.29568367265115592      -0.33234043055746293        4.9023524415352169     
 -0.41315245687179236      -0.73352436031166057      -0.29673054601275689     
  0.50215147142774574        4.5611780265424979        5.6799545304058467     
   5.7435726778739653       0.31983701041073964       -1.6486523913975484     
   2.4945410115330930        5.5775947568046238       -2.9622046300152474     
   5.5953147092838336        1.4702464902143368       -4.5874915443341218     
  -5.0836708160536785        1.7501080141028724       -3.3752898190905078     
 -0.44094799393994583       -5.2666095289530404       0.26947885014321610     
  -5.4029808069481779       -4.5110349555902820        2.7227084756129858     
 -0.27566115680436737       -4.0427941049591887        3.5423549495926512     
  0.71599254255248268       -4.0952700452266582        2.6914415084918137     
  -3.7290282202484706        4.4634313509548305        3.3704809091264791     
  -1.7398732476606293       0.12746088781496184        3.8359304564890064     
   4.1012111335735826       -5.1869508766508039       -2.1629608764608781     
   5.9689399503128566        4.0829270069540637        1.0771831361332793     
   1.5109781349993574        2.2491378191407740        5.8024751705149002     
  -1.1203196477634829        4.9829537417320831        5.9833352078787545     
   1.7011210654260764       -2.4746177335706947       -2.0988216924161684     
  -5.3481334589907537      -0.77058231958573342        3.2306930796938111     
   5.2683773253744581        3.4672576153684456        3.1837420354200132     
   4.0280306368534475       -1.8755888736424688        5.3954563173142569     
   2.8662950470023421        2.7555771877756645       -4.0346292920613109     
  -4.1604272143835077        1.1164898711826969       -3.1735806410975806     
   4.1365499455647976       -3.7922740405367743E-002  -5.5255424177842185     
  -4.6468982000480992       -1.7324531116846018        3.2525551695367647     
  -1.4373045086969962       -5.2843162512346602       -4.5236983665131376     
   3.9161700037476321       -5.8220527440775358       0.35620920132320794     
  -3.2261438648071583       -4.3653880968948622        4.4584915888164369     
   1.1010413987173673E-002  -5.5073804367268249        1.7078868146627082     
  -4.1019632963161854        4.6655054994678649       -2.8442744611736890     
  -1.4470409551508783      -0.66406720419906429       -1.3862295127242756     
   2.6064849253370528       -3.4003658575581452        1.0357414059809613     
  -2.6880344884903944        2.3750712311203386       -4.4579087586916799     
  -4.9297059488470589        5.3604357134950984       -4.0994908523749540     
  -3.7954464575623796        2.0701122522904303        1.2443590951404784     
   2.0142196244965391       -1.2210882927847904       0.61710859258341488     
  -3.5758113513993259        1.3303403864107948        3.2609807234076755     
 -0.38918097246685113        3.2086885182843927       -5.3003142056843444     
   5.7675340822547447       -2.6180712520391740       -1.1884609941115425     
  0.23215423733673599        2.1683446950034471       -5.2162469825371760     
  -4.8042582872000326        2.9338402212696573       -3.3376789264312889     
  -5.5126673214408148        1.7709906193207827       -2.0175710955421358     
   1.9077131415873436        2.3953238148223082       0.53214136852702543     
  -3.7442329134244048       -2.4346771487263812       -3.3646976333900716     
  -5.2375391953586652        4.0104086920938045        4.4129054857615344     
  -1.0839644557528083        1.3150944633022461      -0.17295230649970830     
  0.22175472648508837       -1.7254630199276915        1.2708474741700224     
  -4.1874991201447109        1.9366854980716439       -2.2457512698295212     
  -5.7270757162579127        4.0588437332304466        3.4780507423344180     
   2.1330800021785934       -5.6026540204273916       -5.3262374505481311     
   5.5840494584823714        5.1586130806401025        5.9606506908043242     
  -2.1243619269012317       -3.5153293278844462       -2.7286996588100787     
  -2.8165899328986401        3.3064632778307916       -5.7631876209092194     
  -2.2794933590376134        5.7283882370468850        1.9206913241206298     
  -8.4299103798376549E-003   5.1309417503505736       -2.7997409481938900     
   5.1773329799651320      -0.69105322096460209        1.4703822194079132     
  -5.1158309630781833       -5.4664013587084410        5.8916955152570294     
  0.40686477144582500       -4.7495486517439467        5.8885686791246439     
  -4.1201435540091564       -4.9443323456122341       -1.1012586451919044     
  -5.9550304802102696       -3.7294831757018563       -4.8435930754551633     
   2.0944927789403733        4.6589118894780839        3.0395707582729310     
   2.9321109440812663       -3.4914780367603484      -0.31916084372808073     
   5.6622781786879264        4.6943208757486374       -4.0774727619387212     
   2.4807265064038000        5.7970214944118403       -4.8735879959225255     
  -4.2268208645198948       -3.6302537625643070       -5.4637470816955416     
   4.6701727081220143       -2.4689683476392079        4.8923032888757048     
   1.5392023760773108        2.4205211675487246       -4.9430535205931161     
   3.9017247412305616        4.2869851612953580        3.5475100918956586     
  -5.9255178101073387        5.7320195187990972       -5.5246306031173171     
   3.9698578737187917        3.7922301103211686        2.0946018012135750     
   9.1471923633159410E-002   3.6921580991844953        4.6041459222943404     
 -0.68274649085336070        2.8499863296952190        3.8924749158307810     
   5.0634123040457357       -3.2960520524493684       -5.4673660868770932     
   4.7253255957554057        5.5991252595233592       -4.0990570400874260     
  -2.7280989167116330        2.6367185096648256       0.63793268833788641     
  -2.3890519494337048        1.3477944626677307        4.2212290245901487     
   4.5913813845499361       -5.6657323350454600       -4.7927219892026907     
   4.5155926482767876        3.4591979478672013        5.2297121456064355     
  -4.7925813409761471        3.0371275661417361        4.9633235919699841     
   3.9748104726316340        2.5633936080365829       0.15003558003280507     
   5.1328808728231836       -5.1438333510810423        2.2760370545614794     
  -3.0107466407969397       0.64343186527605944        2.3563736743012949     
 -0.53167974967536447        4.5627978167116270       -1.4159399313286721E-002
  -4.3722782888071645        5.0965088336863875       0.76258966502360681     
   4.8577215822564295        4.2512410315924960      -0.20124527507248408     
  -5.7433643032498827       0.85601396908026273        4.0454749444356031     
  -1.1567541744410044       -3.4807902918284470        2.2524314503707314     
   3.7738946227345065       0.90317007921534509        1.4488518363993192     
  -2.4780475617459836        5.4360280940916876       -2.6471537083838914     
   3.8047451721311409       -4.6736627862736739      -0.64624528806403003     
   2.7720085990121790       0.96289107207865621       -1.8270606295433094     
   4.9907750510339772       -4.4402473851958053       -5.8437315252306634     
  -2.7191948426255155       -2.4585685292969708        1.9457923069454537     
  -3.4374590283673436       -5.4326088397728967       -4.5869962076381672     
 -0.38439846912566594       -3.5203867830209901       -5.3237151262409643     
  -2.9273674791059459       -9.4316236453018690E-002   3.8565754890985193     
   2.1675730587645505       -2.8500629608168513       -4.8994018268216228     
  -5.2775909156578136       -4.8936325314608231       -1.9927019606843344     
   5.0201736790601359        2.6900908672107513        1.4912771350157397     
  0.15647781680742506       -5.5448406588322223       -2.7525169705841290     
   4.9107207788003953       -5.8430302128510547        3.5017652553201195     
   5.5455121679377610      -0.86579313733058172       -1.7033361878027971     
  0.52008434730418418       -4.1365991155311459       0.11222494537879420     
 -0.72504318333012119      -0.56490268029731772        2.1309612851728166     
  -3.3570148769680079       -3.1376281563640851       -1.7479530643963876     
  -3.5461597049461959      -0.70039036745451233        1.1076809492441511     
   1.4169999471269092       -2.3842486460306884        3.5579616362298880     
 -0.84748458708495855        2.4375879651448376       -4.7094018044412556     
  -2.8105371498817098        3.6719610839584687       -1.9226867358115494     
  0.14667112891557468        4.2317385328914305       -5.7954358993125554     
  -1.5176978306501818       0.96018613092381055       0.92961327779726555     
  0.76884873546089549       -5.8644171716216391       -5.3024393194142041     
   2.3354257114718999       -5.9046254638437636       -3.2618948172762630     
   5.4712883498392975       -5.0172829457352623        4.5286049607001146     
 -0.12392257949351859        2.3980899867469287        1.9537107351505367     
  -2.5470506155176058        2.3027409737535129       -1.5447441146442888     
 -0.49030942081159928        3.1880055018140854        1.3494252730548481E-003
  -2.0854648244239460       0.12855926700431874       -1.0018299225812379     
   5.4865093720602109       -4.1527179971495176        1.2199515962524858     
  -5.5791761286978723      -0.67936689942471851       -4.6618347133631337     
  -1.9960318055300548        1.0371178220673904        2.9587268966424309     
  0.52523106798110963       -3.9974281868725945        1.2927023203767187     
  0.59751323542404389        3.0776359931832258       -2.3395154279107366     
   2.2049305415339404        3.1713330061857143        4.7732976121272266     
  0.58474088433936111        4.8183580054978865       0.56015872269869282     
  -3.3811237718350005        1.4660071957153369       -4.6260447424702358     
  -5.3326379980603598       -2.1087566016189419       -3.6675714589183870     
  -1.8681838952459580       -2.7601101880206778      -0.65686866743837125     
   4.8371301155804751      -0.80446095367872561        4.0210634504925522E-003
  -1.9075863822348824        3.4020759779044485        4.3158448496303867     
   1.0280901694992572       -3.8413587323924290        3.8989472452941283     
   1.2212922114203544        5.4040702787620756       -2.6221012522231559     
   2.7254402940281173        1.3008727720096664        2.3555961770842959     
   5.4315604005315299      -0.87570208094923307       -5.1089212430090454     
   1.8855531119917708       -2.4014137203392050      -0.72883222541117376     
  -2.0232113480079210       -3.6308419339013644        2.9013887499369924     
 -0.70277346601447455       0.68069828741230531        5.1116748693698026     
  -4.2231643188623851      -0.26865870605507230       -3.5817610096364585     
  -2.9128318994531823       -3.8704804970394187       -5.3165195892850967     
  -5.6563506190870170       -4.0789633959170288        4.0556075468781092     
   1.8182353315654423       0.65555989745834575       -4.5134935922512209     
   3.1398666503482655       -4.1338177341383684       -2.6870416392416372     
  -2.6186599088766425        1.1456568497948212        1.2208162392519299     
  -4.4248246189305025        3.1905339400129038       -4.6998558690019374     
   1.6792418151901778       -4.0248746344848270       -1.9485024022953497     
   4.4886129723145443       -5.7102738091473073       -3.2828944272487228     
   2.0183002072234753        1.6467336312456993       -4.1126776499382158     
   4.5397355615387784       0.87599295917485065       -5.1612592331397344     
  -5.6738768531886681       -3.8106795022470115        5.2741245309337987     
  0.66653889057169979        2.0108729944737243       -3.9885978267267359     
  -1.5182593471841666       -4.4113424321975723       -5.4802077290307549     
  -1.4313758838174215       -3.4622241041087878       0.20764999511888646     
   4.8067825401376734        1.7048122171897626       0.31861918840074616     
 -0.14236502460728015        5.1350198732467360       -1.3940534714503383     
   1.1401560254362864      -0.96748769491237119      -0.92349793792417767     
   3.8848554836549205       -4.5501014010015775       -4.8681047307676968     
  -2.9204178630357989       -1.8419041989989058        5.7234526153690712     
  -1.5954814389922143       -5.0361119530455740       -3.3491338222551770     
   3.0917355164318669       -4.0887372711072514       -4.4173018423890591     
  -5.5287642689831324       0.77858280870486896       -4.2207819519213921     
   3.1885709417572872       -3.7603765273532974        2.0366929287079683     
  -3.0160898854098477       -1.3365266900901398       -5.4273381048271245     
   3.6959570668549602       -2.3712961191788469      -0.46217263626896787     
  -4.9607767813607797        1.7155575735728512      -0.56347472710938329     
  -1.6065140947065246        5.4626300769864651        4.8641797225368943     
  -4.5193914460523485        4.4442540139745654        5.7849865701651302     
  -3.9011552768152864        5.6544318674109739      -0.77580157687052775     
   5.8947140724766456        2.2351164789487590        1.2950254636460925     
  -5.4254737506031265        5.1613307072948142       -1.7212656557025736     
  0.19222929766800945       0.87094375619648745       -4.8381634088189349     
   3.3431432230518978       -3.2626328961693338       -3.5140947024931055     
   4.5515916775846845        2.7691287452715838       -1.2409638791916768     
  -5.4737388408438932       -1.4956563616970453       -2.7081576377818686     
   2.0631151603983224        3.7974093762995782       -3.3886058529932619     
   4.2284247410174292       -2.0209303059255137       -5.6127812246777360     
 -0.30347046041228376        1.8869017933528882       -1.0094251105531100     
 -0.93861827956395416       -1.9368752435026524        2.9639984095251282     
   1.3267485416637201      -0.57763203804673702        4.2243879468838061     
  -4.9297974787407668       -3.6324928205891127       -2.7850687922732358     
   2.6967564262931520       -5.6858666580025892        4.2611432204893465     
  -2.9351629760100142       -4.3041191500593774        1.9714090737024783     
   2.7962524847826855       -1.5617998563434083       -1.8868792234187786     
  -5.5500703910330813       -2.7070843968599787       -2.5290308538848785     
 -0.36021729989559331        4.7256748885011639        4.4681461952543193     
  -3.7238272284423761       -2.3810706007422904        2.5567066357917101     
   3.3935478599451465        2.1013496871118975        4.3183947676524852     
  -5.1539915691097233        2.9342785073849820        1.1805760611189016     
  -4.2171179463836825       -4.9132405201755791       -5.2985046264058546     
   1.9038002795044748       -1.4761137969109255        3.1264943517620347     
   5.1292565978309135       -4.7689257629391690       -3.2862148417753785     
   1.6587126303282751        5.7488063437248318        4.5298181047797961     
   4.9964891101242070       0.96800745399460886       -1.4857271355977169     
  -1.6441848592434538        1.0953691551635645       -2.1672531896740335     
  -1.4813111197981605        5.4550444061863486       -1.4544312162818194     
  -3.6307109134473232        1.3727135112311877       -1.5797112651659129     
  -5.5178949823406489        5.6064222860084962       0.47111900578260046     
  -1.1633337731326119        3.6937032615630550       -3.5915093695516229     
   4.2717959202723348        5.0207577688791751        4.8429828330096285     
 -0.32798947198313028        2.2065041076925405       -2.2807662994727420     
 -0.37558576069296307        1.4421348618974299        2.9021172746558723     
   5.0791828744197947        5.6886379326589527       -5.7079694020005771     
   5.6945268222351606       -2.6022248955268239        5.6385374326573894     
   1.3984423905064056        4.6940641014838409       -4.0930850948227882     
  -2.0368863404717477       0.95987963745890170       -4.4128130678961250     
   3.1814564832989842       -2.9646887959085864       -2.1036530098126578     
  -4.4958497468669041        1.5578166074892588        4.0277650316364539     
  -3.2278343522601149       -3.3934865680422654       0.95154053014004214     
 -0.42770229887312855        3.5649752897958691        2.5274835838606937     
  -1.6939027200988748       -1.6681977134899153      -0.76194076686225476     
   2.0614837506366976       -5.8130200409780208        2.4317669673529374     
  0.83945217667924266      -0.44675368053232312       0.89841143295692483     
  -2.8857368688142713       -5.0416902507453898       0.31094248709029593     
   4.6271902796353501        2.6476899279765767        3.8655817445069900     
   2.4294853850209641       -4.7980489172430927        3.6226991997276499     
 -0.63569793316948253        5.9431015294977918        1.9536984084561295     
   3.6542841452315376        5.1844877165373999       -3.6266422780916425     
   5.7991135834663528       -1.9647828751490608        2.2966180954780238     
  -3.7543294347579281        3.3177260784980867      -0.78771512549809031     
   1.2747802824013457        4.9931358830046895        5.1050871812863781     
   2.0095718482417495        3.1656814584555590        1.8963937290091362     
  -1.4008635227185935       -2.8829092791842887       -5.5791289004269151     
   2.8287789616482923        1.8526185740243941      -0.53431571645448350     
  -1.2543921332476178       -1.9517633630653171        1.7830098134533794     
  -4.5245759267012423E-002  -4.9425843342305704        4.7293012845153362     
  -3.0588964767494247      -0.64431657181008650       -3.9943746079035942     
  -5.9808456162535890       -4.5661850860859170      -0.63520024232409167     
  -4.3696501381435482        3.9837700383896135       0.79078516469687221     
   2.3189324543683134       -3.0641793976878775        5.8292092253710637     
   1.5208167752469852      -0.59945386405250989       -2.5099701027289338     
  -2.9435926749498886        4.9276263613194509        2.3470792378504011     
   5.7143528849261997        4.2095136333559511       -2.7227993549472109     
