   4.99999989E-03   0.00000000    
   1.49999997E-02  0.209874645    
   2.49999985E-02  0.275460482    
   3.50000001E-02  0.196048453    
   4.49999981E-02  0.266428977    
   5.49999997E-02  0.235099971    
   6.49999976E-02  0.239310816    
   7.49999955E-02  0.253727913    
   8.50000009E-02  0.272075415    
   9.49999988E-02  0.252759546    
  0.104999997      0.260480762    
  0.114999995      0.260195673    
  0.125000000      0.258819312    
  0.134999990      0.247595489    
  0.144999996      0.255088329    
  0.155000001      0.263489485    
  0.164999992      0.259276748    
  0.174999997      0.263570815    
  0.185000002      0.265357584    
  0.194999993      0.263952792    
  0.204999998      0.267086715    
  0.214999989      0.274997085    
  0.224999994      0.285192579    
  0.234999999      0.283440024    
  0.244999990      0.282598078    
  0.254999995      0.291932583    
  0.264999986      0.295027286    
  0.275000006      0.293913543    
  0.284999996      0.298142374    
  0.294999987      0.299444139    
  0.305000007      0.305562764    
  0.314999998      0.311053514    
  0.324999988      0.313822716    
  0.334999979      0.320893317    
  0.344999999      0.318117887    
  0.354999989      0.325802505    
  0.364999980      0.334476233    
  0.375000000      0.338618129    
  0.384999990      0.344526917    
  0.394999981      0.346547067    
  0.405000001      0.355992049    
  0.414999992      0.353668451    
  0.424999982      0.363959581    
  0.435000002      0.368218750    
  0.444999993      0.372906387    
  0.454999983      0.380245745    
  0.465000004      0.388625622    
  0.474999994      0.390598536    
  0.484999985      0.401213884    
  0.494999975      0.410186678    
  0.504999995      0.417913139    
  0.514999986      0.418816239    
  0.524999976      0.427687168    
  0.534999967      0.438409984    
  0.545000017      0.444097966    
  0.555000007      0.454520226    
  0.564999998      0.454470009    
  0.574999988      0.467913449    
  0.584999979      0.477175087    
  0.594999969      0.483618438    
  0.604999959      0.489453882    
  0.615000010      0.501082182    
  0.625000000      0.507420182    
  0.634999990      0.515428603    
  0.644999981      0.526099145    
  0.654999971      0.534020782    
  0.664999962      0.539702117    
  0.675000012      0.549597621    
  0.685000002      0.562557459    
  0.694999993      0.568567693    
  0.704999983      0.576340675    
  0.714999974      0.585937977    
  0.724999964      0.595145345    
  0.734999955      0.611785054    
  0.745000005      0.617849171    
  0.754999995      0.630187750    
  0.764999986      0.635372281    
  0.774999976      0.644565403    
  0.784999967      0.655858278    
  0.794999957      0.670000017    
  0.805000007      0.671627104    
  0.814999998      0.684492648    
  0.824999988      0.692781508    
  0.834999979      0.702489853    
  0.844999969      0.712074518    
  0.854999959      0.724044085    
  0.865000010      0.734708548    
  0.875000000      0.743096113    
  0.884999990      0.756393850    
  0.894999981      0.760111690    
  0.904999971      0.773100257    
  0.914999962      0.785854399    
  0.924999952      0.791465521    
  0.935000002      0.800372660    
  0.944999993      0.809827685    
  0.954999983      0.818357527    
  0.964999974      0.829986930    
  0.974999964      0.837357104    
  0.984999955      0.845195293    
  0.995000005      0.855790734    
   1.00500000      0.863596141    
   1.01499999      0.869152844    
   1.02499998      0.879130185    
   1.03499997      0.887532949    
   1.04499996      0.895146370    
   1.05499995      0.899233162    
   1.06499994      0.910081983    
   1.07499993      0.915574312    
   1.08499992      0.924638927    
   1.09500003      0.931171417    
   1.10500002      0.939056695    
   1.11500001      0.946242213    
   1.12500000      0.951615155    
   1.13499999      0.959496558    
   1.14499998      0.964808524    
   1.15499997      0.970750213    
   1.16499996      0.974285483    
   1.17499995      0.980275929    
   1.18499994      0.986248851    
   1.19499993      0.989949942    
   1.20499992      0.995890737    
   1.21499991       1.00344324    
   1.22500002       1.00489426    
   1.23500001       1.01201844    
   1.24500000       1.01449418    
   1.25500000       1.01718652    
   1.26499999       1.02069807    
   1.27499998       1.02398431    
   1.28499997       1.02835536    
   1.29499996       1.02880514    
   1.30499995       1.03050256    
   1.31499994       1.03465605    
   1.32499993       1.03461683    
   1.33499992       1.04032910    
   1.34500003       1.04303038    
   1.35500002       1.04336345    
   1.36500001       1.04602742    
   1.37500000       1.04475439    
   1.38499999       1.04800272    
   1.39499998       1.04961479    
   1.40499997       1.05249989    
   1.41499996       1.05116630    
   1.42499995       1.05013573    
   1.43499994       1.05128491    
   1.44499993       1.05475259    
   1.45499992       1.05071056    
   1.46499991       1.05444086    
   1.47500002       1.05378997    
   1.48500001       1.05644608    
   1.49500000       1.05375934    
   1.50500000       1.05463398    
   1.51499999       1.05604982    
   1.52499998       1.05472171    
   1.53499997       1.05268896    
   1.54499996       1.05145371    
   1.55499995       1.05184662    
   1.56499994       1.05059779    
   1.57499993       1.05001009    
   1.58499992       1.04936206    
   1.59499991       1.04785502    
   1.60500002       1.04601622    
   1.61500001       1.04651535    
   1.62500000       1.04705048    
   1.63499999       1.04192758    
   1.64499998       1.04316163    
   1.65499997       1.04258478    
   1.66499996       1.04008496    
   1.67499995       1.03969979    
   1.68499994       1.03821993    
   1.69499993       1.03602600    
   1.70499992       1.03555548    
   1.71499991       1.03386521    
   1.72499990       1.03047812    
   1.73500001       1.03148746    
   1.74500000       1.02951241    
   1.75500000       1.02728760    
   1.76499999       1.02817714    
   1.77499998       1.02797413    
   1.78499997       1.02551126    
   1.79499996       1.02421546    
   1.80499995       1.02223241    
   1.81499994       1.02103436    
   1.82499993       1.01986086    
   1.83499992       1.01810241    
   1.84499991       1.01678681    
   1.85499990       1.01579261    
   1.86500001       1.01443470    
   1.87500000       1.01367915    
   1.88499999       1.01018715    
   1.89499998       1.00964248    
   1.90499997       1.00979495    
   1.91499996       1.00942421    
   1.92499995       1.00829387    
   1.93499994       1.00675285    
   1.94499993       1.00758970    
   1.95499992       1.00581121    
   1.96499991       1.00230837    
   1.97499990       1.00098562    
   1.98500001       1.00327086    
   1.99500000       1.00051534    
   2.00499988       1.00143218    
   2.01499987      0.998004436    
   2.02499986      0.997537673    
   2.03499985      0.997273505    
   2.04499984      0.996319830    
   2.05500007      0.996441245    
   2.06500006      0.995077372    
   2.07500005      0.993715525    
   2.08500004      0.995086730    
   2.09500003      0.993307114    
   2.10500002      0.993297696    
   2.11500001      0.991672397    
   2.12500000      0.993793309    
   2.13499999      0.992563128    
   2.14499998      0.990263581    
   2.15499997      0.988316476    
   2.16499996      0.989460051    
   2.17499995      0.990933597    
   2.18499994      0.989963591    
   2.19499993      0.990802169    
   2.20499992      0.989345074    
   2.21499991      0.989458323    
   2.22499990      0.988989890    
   2.23499990      0.988303959    
   2.24499989      0.988354921    
   2.25499988      0.989082932    
   2.26499987      0.986544549    
   2.27499986      0.988809586    
   2.28499985      0.988579869    
   2.29499984      0.989195168    
   2.30500007      0.988076985    
   2.31500006      0.987977803    
   2.32500005      0.988114357    
   2.33500004      0.987835109    
   2.34500003      0.988445818    
   2.35500002      0.987729669    
   2.36500001      0.988704681    
   2.37500000      0.988303721    
   2.38499999      0.990127683    
   2.39499998      0.988664389    
   2.40499997      0.989672959    
   2.41499996      0.989037156    
   2.42499995      0.991235018    
   2.43499994      0.989629269    
   2.44499993      0.990410626    
   2.45499992      0.990984976    
   2.46499991      0.991678596    
   2.47499990      0.990928113    
   2.48499990      0.991249025    
   2.49499989      0.992169678    
   2.50499988      0.990858912    
   2.51499987      0.992640674    
   2.52499986      0.991661012    
   2.53499985      0.992073238    
   2.54499984      0.992832541    
   2.55499983      0.993202686    
   2.56500006      0.993319631    
   2.57500005      0.993363678    
   2.58500004      0.994334221    
   2.59500003      0.995120704    
   2.60500002      0.995264232    
   2.61500001      0.995449841    
   2.62500000      0.996708393    
   2.63499999      0.996798217    
   2.64499998      0.996925175    
   2.65499997      0.996612012    
   2.66499996      0.995876014    
   2.67499995      0.996992707    
   2.68499994      0.996437490    
   2.69499993      0.998088837    
   2.70499992      0.997330308    
   2.71499991      0.997680664    
   2.72499990      0.997807741    
   2.73499990      0.999529481    
   2.74499989      0.998944104    
   2.75499988      0.999207020    
   2.76499987       1.00028682    
   2.77499986       1.00064373    
   2.78499985       1.00109923    
   2.79499984       1.00113797    
   2.80499983       1.00105178    
   2.81499982       1.00051522    
   2.82500005       1.00153959    
   2.83500004       1.00123107    
   2.84500003       1.00113213    
   2.85500002       1.00160801    
   2.86500001       1.00180161    
   2.87500000       1.00258160    
   2.88499999       1.00309420    
   2.89499998       1.00304699    
   2.90499997       1.00236273    
   2.91499996       1.00388479    
   2.92499995       1.00402677    
   2.93499994       1.00317049    
   2.94499993       1.00327158    
   2.95499992       1.00267923    
   2.96499991       1.00383162    
   2.97499990       1.00401640    
   2.98499990       1.00479305    
   2.99499989       1.00320435    
   3.00499988       1.00462508    
   3.01499987       1.00420332    
   3.02499986       1.00496721    
   3.03499985       1.00299013    
   3.04499984       1.00548363    
   3.05499983       1.00498557    
   3.06499982       1.00444853    
   3.07500005       1.00355709    
   3.08500004       1.00502741    
   3.09500003       1.00408733    
   3.10500002       1.00493002    
   3.11500001       1.00515127    
   3.12500000       1.00512469    
   3.13499999       1.00486445    
   3.14499998       1.00478172    
   3.15499997       1.00494838    
   3.16499996       1.00459290    
   3.17499995       1.00454271    
   3.18499994       1.00484729    
   3.19499993       1.00338805    
   3.20499992       1.00347757    
   3.21499991       1.00456321    
   3.22499990       1.00384045    
   3.23499990       1.00336623    
   3.24499989       1.00433993    
   3.25499988       1.00414944    
   3.26499987       1.00383592    
   3.27499986       1.00427485    
   3.28499985       1.00327432    
   3.29499984       1.00427711    
   3.30499983       1.00405991    
   3.31499982       1.00372648    
   3.32499981       1.00317049    
   3.33500004       1.00336838    
   3.34500003       1.00347424    
   3.35500002       1.00295258    
   3.36500001       1.00203681    
   3.37500000       1.00289369    
   3.38499999       1.00273705    
   3.39499998       1.00248063    
   3.40499997       1.00257945    
   3.41499996       1.00286043    
   3.42499995       1.00252962    
   3.43499994       1.00177038    
   3.44499993       1.00227547    
   3.45499992       1.00141847    
   3.46499991       1.00170231    
   3.47499990       1.00214422    
   3.48499990       1.00111032    
   3.49499989       1.00134063    
   3.50499988       1.00075281    
   3.51499987       1.00136316    
   3.52499986       1.00113904    
   3.53499985       1.00154626    
   3.54499984       1.00051713    
   3.55499983      0.999987066    
   3.56499982       1.00055146    
   3.57499981      0.999810457    
   3.58500004       1.00058460    
   3.59500003      0.999229133    
   3.60500002      0.998728454    
   3.61500001      0.999880373    
   3.62500000      0.999026954    
   3.63499999      0.999343097    
   3.64499998      0.999013186    
   3.65499997       1.00016737    
   3.66499996      0.998698950    
   3.67499995      0.999220729    
   3.68499994      0.998341858    
   3.69499993      0.997719467    
   3.70499992      0.998140991    
   3.71499991      0.998498023    
   3.72499990      0.998324215    
   3.73499990      0.997621775    
   3.74499989      0.998492479    
   3.75499988      0.997955143    
   3.76499987      0.998172224    
   3.77499986      0.997489452    
   3.78499985      0.998380005    
   3.79499984      0.997816324    
   3.80499983      0.998181820    
   3.81499982      0.998055577    
   3.82499981      0.997813523    
   3.83499980      0.997650027    
   3.84500003      0.997905374    
   3.85500002      0.997168660    
   3.86500001      0.997310281    
   3.87500000      0.997445703    
   3.88499999      0.997919202    
   3.89499998      0.997509956    
   3.90499997      0.997845352    
   3.91499996      0.998697042    
   3.92499995      0.997916281    
   3.93499994      0.997429371    
   3.94499993      0.997463286    
   3.95499992      0.997978270    
   3.96499991      0.998363495    
   3.97499990      0.997878551    
   3.98499990      0.998029828    
   3.99499989      0.998588979    
   4.00500011      0.998119712    
   4.01499987      0.997516096    
   4.02500010      0.998292863    
   4.03499985      0.998644173    
   4.04500008      0.997761130    
   4.05499983      0.998190999    
   4.06500006      0.998914301    
   4.07499981      0.998655200    
   4.08500004      0.998096943    
   4.09499979      0.998910189    
   4.10500002      0.998255134    
   4.11499977      0.998892665    
   4.12500000      0.999531507    
   4.13499975      0.999465644    
   4.14499998      0.998772442    
   4.15499973      0.999534607    
   4.16499996      0.999380767    
   4.17499971      0.999045372    
   4.18499994       1.00016320    
   4.19499969      0.999073088    
   4.20499992      0.999812603    
   4.21499968      0.999682188    
   4.22499990       1.00014699    
   4.23500013      0.999597371    
   4.24499989       1.00051856    
   4.25500011       1.00008631    
   4.26499987       1.00019538    
   4.27500010       1.00090289    
   4.28499985      0.999753177    
   4.29500008       1.00055635    
   4.30499983       1.00015616    
   4.31500006       1.00013018    
   4.32499981       1.00106025    
   4.33500004       1.00045562    
   4.34499979       1.00137949    
   4.35500002       1.00135732    
   4.36499977       1.00144172    
   4.37500000       1.00084209    
   4.38499975       1.00083601    
   4.39499998       1.00223982    
   4.40499973       1.00117588    
   4.41499996       1.00183129    
   4.42499971       1.00164330    
   4.43499994       1.00140715    
   4.44499969       1.00117278    
   4.45499992       1.00188112    
   4.46499968       1.00197506    
   4.47499990       1.00127423    
   4.48500013       1.00137174    
   4.49499989       1.00127542    
   4.50500011       1.00138831    
   4.51499987       1.00157845    
   4.52500010       1.00270712    
   4.53499985       1.00237107    
   4.54500008       1.00186265    
   4.55499983       1.00164402    
   4.56500006       1.00145566    
   4.57499981       1.00224626    
   4.58500004       1.00289404    
   4.59499979       1.00189757    
   4.60500002       1.00184000    
   4.61499977       1.00231397    
   4.62500000       1.00211918    
   4.63499975       1.00278878    
   4.64499998       1.00226581    
   4.65499973       1.00251472    
