   3.1558198524506382       -276.48186213155236     
  -16.069392440771374        281.38085381992317     
  -15.138396907203784       -105.62604466977602     
   17.122550894654214       -92.853660480926649     
   7.4068327512157195       -252.04387584819423     
   15.637503775346628       -284.16955686929208     
  -14.736704033737222       -1.8339808697516702     
  -5.0865907126041074        280.28199367180571     
   4.2262523143665005        154.16450317689853     
   14.616333368457965       -332.19154673334015     
   15.610258549876496        57.760314512932652     
   14.617229204943390        279.42601570592802     
   14.599282070866982       -79.730972170147396     
   16.492120758065798        269.44696872759880     
   16.049222676771496       -41.405732681877979     
  -7.6228841351751333        188.49332786472553     
  -2.7778417452591664        34.124881571062446     
  -15.108597732038699        325.80001900701546     
   4.8424822107903855        269.02807406124305     
  -17.395760134369741       -161.12724739223205     
   15.807595639584648       -270.23152606399680     
  -16.007521395025350       -149.19005478442838     
  -6.6766528214936152       -324.00768612255183     
   5.3028062816021810        40.820455221707135     
  -2.3364886535335372        318.90864651729709     
  -4.9046103197443527       -86.927333366783927     
  -17.861683948195363       -187.62261665962760     
   4.3405527910605972        311.74252431507841     
   16.801014950519257        215.17007850919418     
   5.3488351672710852        213.83422425334271     
  -14.321288007019662        143.20054287246211     
  -7.6078556865190068        229.33845429065565     
  -5.2661721162736788        294.53648455328295     
  -15.656573075583632       -118.18153690028242     
   3.3241701899356904        224.07249150382381     
   14.766246915926777        289.61068626720748     
   5.8844064003194649       -15.128440823299520     
  -13.552629494339975       -198.38758673636585     
  -15.678061846407171       -249.92961835615145     
   16.798151545336644       -146.59536057810828     
  -5.5288547142228968       -309.28880239824355     
  -5.7438056160685207       -165.28527813581164     
   6.1326990848328791       -303.51060474101916     
  -2.6610200377316970        259.67276301994855     
  -13.158041833559851       -344.15346627822555     
   14.963612267866042        150.91550481945455     
  -3.7662724582271059       -349.55802018662467     
   5.6174759297180881        178.14963867635183     
  -4.6158623498582640       -17.509628468817070     
  -3.0055284381127181        343.60192548967967     
  -15.818547810620082       -76.033697543674890     
  -5.8170478434967361       -8.2696601903902991     
   6.5388657523095555       -154.07139551557322     
   15.370431803730863        86.617629145714076     
   4.7402168024619291       -113.72081338813216     
   2.5832885409131987      -0.47498100722721120     
  -18.139298335958451       -303.77649608982370     
   4.4670173453028301       -290.23357635374401     
  -13.168528337220245        26.171427883492481     
   18.680431183426681        164.30006076295385     
   2.7298170700597746        137.14591553262304     
   14.866709020044972        177.41570060886471     
   4.5715324755438145        300.14287580937184     
   15.970308090302584       -244.33786350494290     
  -5.0619024721316848        69.878407473239605     
   17.236647745454796        98.040148011064858     
  -15.568932072423330        51.959477088405755     
   15.214790991081506       -105.20282930392850     
   3.9431393992953634       -166.34119851171289     
  -4.8362254819016313        165.10241532384305     
  -5.0710984931028262        96.127203546793623     
  -6.2856533417944611       -186.08013843845848     
  -14.988481912269870       -128.75674053831744     
  -15.750529211970536        312.92027799799212     
   17.998680360645981       -199.95260833359222     
   16.244268626284345       -25.221200178761677     
   3.6648458576412866        125.04784295393333     
  -5.4049589604956543        200.93627064372203     
   8.6263692003608128       -204.39260804003283     
   2.2749062813739602       -225.13674578169415     
  -3.1784522624643476        146.40293516571975     
  -13.770082708621745        339.57091251314966     
  -15.182986692250557        167.36645158183211     
   2.6398194995826154        235.30579740577264     
   2.0572898608313634       -101.49916929201733     
   15.958268769838165        305.37219637892701     
  -8.2965585065642671        136.04816331737018     
   15.860074495344699       -65.511659455898254     
   14.119931648641021        48.137289836543040     
   12.500220495001585        1.0723511623797539     
  -16.425431329942406       -273.59614116351327     
   3.9378665803806858        54.954557605787492     
  -3.5244214490704953       -123.33149505049025     
  -16.122056997850372        264.54190511206565     
   1.3286062036386463       -76.555845308992275     
   17.115862856175383        332.40671936987451     
  -5.7390583747325961       -283.10704959746136     
  -15.777883059464182       -330.31252623342249     
   15.216901897990608       -295.80128373224591     
   3.9335682243235275        78.033178566123041     
  -16.159684827141582        77.084300501051416     
  -4.7686869404814987       -137.09983675942914     
  -15.307210439847067       -38.557406939472735     
  -5.3463631012055561       -112.16166041194131     
   3.6086115838504536       -49.693174563533638     
  -12.345245192470760       -176.44428219102105     
  -5.2671419414254101        19.121092741535943     
   5.5107955948884619       -90.339776832989813     
  -7.7722310148746585        214.94712549650808     
   15.565265480702985        127.31591823409438     
  -14.860293402293271        37.336578629012358     
   14.565733126062065       -186.61738316783706     
   3.6066053354885570       -316.10918960047383     
   14.519544414471037       -228.02698660130460     
  -9.4020717731329455       -96.305833653873876     
  -4.0644510378050995       -28.576389262340847     
   7.7635612039271358       -34.669630397874876     
   15.794110754623130       -174.20676583746831     
   13.919230611862485        116.24796317663387     
   13.103671562264248       -319.32786785823959     
  -7.3370297538234590        58.621598605592652     
   15.605670998626413       -10.997357083157700     
   2.8257572048111288       -328.65944788208645     
   15.350345301140235        73.922033136593171     
   5.6186652990122932        25.987847750788362     
   12.863318602994211        13.670372920207573     
   15.146620679063199       -160.22424008466265     
  -4.3519788296075861       -246.10389122981169     
  -7.4151264651117099       -271.44592484040243     
   16.177934554587573        190.35613569938550     
   1.0014237823898573        250.41438850942220     
   7.0783535683568930       -216.67149760911173     
  -14.791457462039494       -140.48886874221199     
  -4.1479922119771127       -234.40946523473360     
   5.3802532278166346       -65.364872037786029     
  -17.279299107261970        13.216653654341066     
  -7.6237740337402116       -335.69351342106705     
   8.6034196718519169        326.89439764292041     
  -14.653978106011673        253.32616832348054     
  -16.120247377774003        88.409125386960639     
  -15.384583953995621        116.39633093849561     
   4.7281930384706241       -142.72103603169231     
   4.1075491604189160        202.54266589014637     
  -15.424874264960735       -208.85444916060430     
   4.0053466974548142        190.53684106102048     
   5.6910744530820061        353.18923439975686     
   4.7221710203695944       -179.33319675641602     
   14.577759002179846       -118.11981924007183     
  -15.141323413315288       -222.65820932038170     
   13.790322062279154       -52.634599917757065     
  -4.9049594184796099       -57.396349902692180     
  -14.872436517338500       -61.097912480514310     
   6.0595348181822519       -265.55828828133167     
   17.741655972504951        22.696662036207901     
   16.087707030097139        34.610188342199983     
  -14.901700617929388        128.27078017136827     
  -14.977559673652136        350.54288361597389     
  -4.1345783151666389       -297.94294630132975     
   13.530106707928203       -135.81444690012893     
  -11.574975362473710        156.73797357191523     
   4.1250679448763297       -239.03435813762394     
   4.0541486667151805       -339.27741320196304     
  -6.4500620883116380        270.76156652287108     
  -16.092174754993035        180.30679720768325     
  -4.1373633034639949        45.732026922983941     
   3.9284129456347952        286.39115587901574     
   17.295456311611240       -309.18919590970040     
  -2.1137978865633094       -203.09046065171216     
  -16.144944372830263        237.18445591517678     
  -17.337381903618880        211.43793548679059     
   15.062957092257360        348.10191830366551     
  -8.4563213495676521       -69.131961992969508     
  -2.6459134119241270       -257.66202108512528     
  -6.9027718431937837        83.118932040305694     
   15.043288518820136        318.48446562786825     
  -16.399726723904617        197.11254892946431     
  -13.678871495054462       -25.496635627990223     
  -17.222288897330813       -87.475205114914473     
   14.074441692440434        228.52877469363048     
   18.765623786916073       -345.38985690574208     
  -14.491255857123747       -289.27077017074959     
   4.4953966303649624        89.698457043383172     
  -6.7547603212008012        107.77577512529146     
   2.2267087290355634        12.337950058114235     
  -1.8421648720685244       -39.259633199371358     
   12.589714691407227        138.60451771839126     
   5.2779645034591356        66.447335558878919     
   3.7461163295368682       -191.86153416083425     
  -13.463895378928784       -50.222128337707652     
  -15.025336720170385       -315.63185679909338     
  -16.271065548148929        64.845304580883024     
  -6.8245832861560451        307.15925960217703     
   16.358198799801059       -257.88740089699871     
   8.1256147218543031        339.82944156332263     
  -17.161717459703492       -12.468845142466535     
   15.215394930065900        203.78639399864457     
  -6.8002080009767720        244.01783393861143     
  -7.7158126077098910        6.0578289597008945     
   10.757657588723129        241.90146085049412     
  -5.8343006071756776       -216.41802947281019     
   4.7547951072119554        111.97786889981866     
  -15.666825952897947        224.91548174362543     
  -2.5381164268099794       -153.06302591842552     
  -15.153591847483723       -261.48153744659595     
   7.9499781893594674        167.62115104731762     
   6.6075243417212643        100.91536714882507     
   17.481050259662055       -214.70986290958157     
   17.358326525213421        250.24474021831099     
  -4.9147606012691059        117.71019655697440     
   6.1552113701016049       -129.74645297403401     
  -15.607662639663221        294.18999445903472     
  -4.4837819602762208        175.89952542683753     
  -2.2795961474559667        331.55867776402027     
  -15.285421329412111       -234.27074091316504     
  -15.594408143671938        101.27735355706953     
   14.207810888482330        259.98434842166853     
