  -2.2852799046209977        3.8571611482616341        4.0007637953011175     
  -2.4414939187736686        2.8084196679731894        3.0642786128583444     
  -2.9074288606662728        3.0966381371361531       0.93408988028968143     
   4.0645670118317518        3.0685603226711979       0.69636748191907594     
  -2.2649645096576889        3.3070999298172801      -0.31998011633889545     
  -3.6162502384496804        3.5781322460042251       -1.6348590873882394     
  -2.7896530041601637        3.2527455767210132       -2.1787281982366382     
  -3.7266754867315699        2.8582012123903047       -2.6163408334083402     
  -2.3542092828706638       -4.0554645141461192        2.9067354073282758     
  -1.6939692298738604        2.3564435946591997        3.7634579989186627     
  -2.3557366284028061        3.7474360287656769        1.5006196187427476     
  -3.1358572480226550        2.7155201452896884       -6.9574015046129464E-002
  -1.5709350571062632        3.6289995081092048       0.51932474392139116     
  -1.7754550901378627        3.2333269892164647       -1.2759544647379055     
  -2.5805422489481691        1.2843157501478075       -2.6558560844943804     
  -2.6893241951786813        2.4923475808782687       -2.8729815887207986     
  -2.0899468344322423       -2.9593839317064465        2.8059992591957390     
 -0.16065636794904020        3.5356348959710742        3.9216026196157618     
  -1.8415853632815871        3.2852044163721681        2.4072663619661343     
 -0.77747917358911678        3.4190900946746687        1.4025399598367667     
 -0.58853811699806391        4.0293260639338326       0.51346341409250418     
  -6.7131256396622208E-002   1.9367484802314188       -1.8302653772769086     
  -2.6254283151540565        3.5604626010017140       -3.2214869874305587     
  -1.6381539636129436       -3.6034877038494995        3.4778693793679949     
 -0.69151840249813301       -3.8965138050046866        3.2731133949063715     
  -5.1029179900832868E-002   2.0587839886148935        2.3030304716283903     
  -1.6576367108966310        2.8732380517254059        1.2311696641868466     
 -0.12690485540169719        3.5552291144882142        2.3832064341739834     
  0.14464298589897029        3.9063352072215056        1.2670805401297338     
  -1.0581753539573908        3.7147615801950411      -0.51637863294022124     
 -0.81076966407197770        2.7643009319690113       -1.6244507895181761     
 -0.80268435359200330        2.7759036463330471       -4.0493591782426943     
   2.1196293651669333        3.2099172555069799        3.7371543932050915     
  0.92229943548000404        3.7605473831650995        2.2068200374499325     
   1.0616122646442125        3.3791804758988713        1.0612567704556095     
 -0.34924634755190664        2.3414197717101386        1.1866577222957275     
  0.67240332187051077        3.7694784870545144      -0.82966040858420509     
  0.14608283224846649        2.8686000320852894       -1.2842368885561455     
   1.1582277649610988E-003   3.1244638830423526       -2.4316758119699546     
 -0.33440527440191364        3.7448603287343056       -3.1910072245141419     
   1.6659809915427726       -3.9314897396409938        3.6184577060626175     
   1.2261107001180749       -3.4934529689098945        2.6916849993743432     
  0.93434821203956997        2.1313398190985589        2.6110666163422551     
  0.53953379746846486        2.7904231059829661        1.7746522747887368     
   1.6832738693043110        1.9115946114477740       -2.8390003964677071E-002
   2.3863090655774664        3.7086852081775956      -0.51800824141795354     
  0.79765399204990428        3.5363977543066691       -1.8140600025975069     
   1.8802172764860172        4.0328010619019947       -3.5144706213259940     
   2.8485861243412764        3.9890998404108604        3.0926506059423455     
   1.9542137985374268        3.7974236789865907        2.5167153205755612     
   1.6193630604730240        2.9010061016640134        2.0297974057745334     
   2.3932328246342625        3.6706189802047646       0.74216569969638480     
   3.3621109593365985        3.8688274647685952       -1.0876974006433688     
   2.3604811160929775       -3.4126151019890520      -0.79160452638218892     
   2.2260168516530250        2.8773069213046347       -1.1257035030616018     
   2.7895258908799643       -3.9496995576753235       -3.0389023910884450     
   3.7983078694307055       -3.8959003212927446       -3.3398230497724377     
   2.5911650376303164        3.2330834345735999        1.6855186136169598     
   3.7171342223982009        3.1134743864404344        1.9962992822110386     
   4.0387232332383869       -4.0078172000209076       0.41477459379679471     
   3.4460003563577271       -3.5944861038295692      -0.33623270882725903     
  -3.7172258587290359        2.5454255831293491       -1.0539504235442534     
   2.8433304673101838        1.6988189789837835       -3.5881832786750150     
   3.2083252714675190        2.4912424211278958       -2.9361609294577788     
  -2.9441092194178955        3.3689929727836563        2.2622102982755035     
  -3.5992934227382181        2.6600548932219925        2.8069691141947781     
  -2.7712637802982840        1.6106998596842670        1.5176438480379792     
  -3.5362695128930648        2.7167037582540079        1.7220746122275965     
  -2.4218565446519236        1.8627788890972585      -0.11225101711042518     
  -2.6979137144224383        2.6846826014069953      -0.98317245093217731     
  -3.1405256114329343        2.2167822254704936       -2.0215287878533865     
  -2.7328419494910174       0.48234695841818243       -3.3012107019589787     
  -2.5995730451640782        1.8728149995198573        3.4983790940053754     
  -2.5898020303165632        2.6887831503515791       -3.9650403192829162     
  -3.7372511023926225        1.9237420748253387        3.5002751999030672     
  -3.4959360743640957        2.1067477314985394       0.75628779606556917     
  -3.4414617009181026        1.6938174679297557      -0.39192283548956691     
  -1.7860358650612380        2.2430664921713608      -0.94945136652458240     
  -1.9354556415705870        1.9721546090062696       -2.0608085344595315     
 -0.97345118335937841        1.9176182423793950       -2.4781232876282684     
 -0.81380535080526539        2.7018631799887958        3.0301582799984081     
  -2.4822937608252413        2.5165552471955115        1.8578224098830425     
 -0.80852372966246899        2.9452709419720580       0.40410460668800824     
  -1.8215227387786963        1.2243681219574780       0.43812807833955170     
  -1.6652848705570502        2.5497431042528791        5.0898450096352891E-003
 -0.96151552284727082        1.5465077950824260       -1.3694956921353927     
  -1.5066166447569098        2.8945214369001060       -2.3476025127707421     
  -1.4750648377575981        1.0430818603968424       -2.0880784158634946     
  -1.2709465266611066        3.8969754411452699       -3.8549933679966006     
 -0.92815050575807256        2.6382219094977839        2.0090730754875219     
 -0.25977377939520652        1.3365311324756750        1.3687783868714345     
  -1.1148670675038721        1.6054895348541849      -0.31718009485216592     
 -0.79112190571508367        2.6255114541885938      -0.55408350082266467     
   7.4221099227983603E-002   2.0331084518198961       -2.8504558860168898     
  -1.6786750150787870        2.9024532698186922       -3.3520544981770120     
  0.33009460052980716        3.0090058509066164       -3.4316448652006497     
   7.9226088593891061E-003   2.0702874474812112       -3.9379646581648964     
  0.24335369612612037        2.6349642179611590        3.2546657020280416     
  0.70194939303549697        1.5738661543639860        1.7808816007381829     
  0.77856003807900787        1.8219035338464116       -1.2408853669058544     
 -0.10274861357463101        3.4717544957483901      -0.22592974287364556     
  0.82122820774842964        2.4712237093570342       -2.1174533090512573     
   2.3560902488121016        3.1640281953023708       -2.9483383310501239     
   6.8283547202901584E-002  -3.4156826517453696       -3.1883642446580533     
   2.6820021745900156       -3.7714254206743427        4.0193258654093533     
   1.2320817965901147        3.2376184175186768        3.0729042745638981     
   1.5325448286744303        1.3566941941626527        2.8390712268246721     
   2.7082397464762180        1.8079046541676058       0.54705274146375982     
  -8.3679407294633926E-002   2.1713276419707905       0.16049096595523776     
   1.7277122225060828        3.9933834445843246       -1.3567384822229187     
   1.3546119911041492        3.1896092353473051       -3.2793506137637154     
   2.6785669228500679        2.5677339735673450       -2.0781232411530506     
   2.6929504122377392        2.9139811700692193        2.6342259646147039     
   1.7689157871304169        2.3453587598359151        3.3654731027252414     
   1.6410492814613598        1.9475279134689447        1.6818689008873013     
   1.9776191772248810        2.5441506936102871       0.93791699970851039     
   2.5857023626140849       -3.5829945466004376       0.22438659763407823     
   3.2506517413655414        2.7213366273038182      -0.80091576763798900     
   3.8497552378394575        2.0811601473061447       -2.0370909744620440     
   3.1637757204187427        3.4538172891990060       -3.6964442757154510     
  -3.1717118445830463        3.4358738850699693        3.4706107319139541     
   3.7863076348983000       -3.9530219500030879        3.6656493794709633     
   3.0988928486170551        2.8126792383735864       0.90660368017886539     
   3.3324442799014689        3.7775459056745166        1.1185281112656806     
   3.2349986737866980        3.5466787479793171        4.0454341203966834E-002
  -3.0971572722061720        3.8087851617674322      -0.61750417350748110     
  -4.0678042950428912        3.2329373849156706      -0.41552250004219460     
  -3.5388513842245621        1.6920305146720478       -2.8012094156595779     
  -2.9130415640363885        1.6280720602235170       -3.5948856182575399     
  -3.8693931580231666        1.7057352016274703        1.8119686062643985     
  -3.7404476162146931       0.97727985152807628        1.0847008484117455     
   3.2184748245717572       0.91831530758543489       0.80546286017448776     
   3.1498111369217918       0.57510269734820330      -0.47711781033551248     
  -2.7654611410884935        1.5569360684867268       -1.2068059248673377     
  -3.2508299236832716       0.58824352248456513       -2.2434752726559295     
  -3.5573301232979251       0.88616681800706676        4.0292088485150934     
  -1.7341088649481604        2.1974861210941743        2.6882539051229224     
  -2.8906952268750117       0.89086710693961513        3.0225746585870192     
  -2.3167043332381563        2.2325051624192724       0.82157457832182024     
  -2.9157939495826861        1.1929632131588352       0.51166699449276987     
   3.9482177780978867       0.30494953629476002       0.19197887642303602     
  -1.5428502215501865      -0.25420256177697997      -0.36976531130178047     
  -2.0415022292761420       0.24501980670144258       -2.5224228922108947     
  -1.3509160662046227       0.73566075172597811       -3.0747596068068903     
  -1.7871111125945423        1.7807794945305446       -3.2556365269985905     
  -1.5197787096263118        1.8437927213888103        1.6738466845428139     
  -1.1202112042818357        1.9141407297545141       0.69417145307595340     
  -2.1369437537903817       0.57848871926377576        1.3622373912822434     
  -2.0928095285865562       0.81745469617381972      -0.64225415242820516     
 -0.16064929782084214       0.71971957628284511       -1.5797002692124249     
  -2.4338123538355587       0.69059035406632097       -1.6402464913437445     
  -1.3091122496819450       0.34362651367533292       -1.2851284913860843     
   1.0399770408137992        2.7020758773264588        4.0028218332347514     
 -0.84356248344489537        1.3952760791512449        2.2605175884667053     
  0.42720799187347402        1.0206003702367188        2.5776651362158725     
 -0.25230790570360506        1.0517271611155199       0.10457954612005195     
 -0.15925639739289749        1.6041825487587835      -0.73317668600199548     
  0.66761580497848794        1.2782070345904240       -2.0858985772596030     
 -0.37875973326080326        1.1003460335468109       -2.7401175964626314     
 -0.80026291758856716        1.6800607892288693       -3.4804143063835191     
 -0.74092054781827832       0.59860736650797619        2.9988674743375912     
 -0.22864686976121482        1.6799849683643655        3.2533685328285955     
  0.58036891306310090        1.1083124735806209       0.81755763133727688     
  0.96563834349815758        2.2192317809055089       0.81483003835060719     
  0.82641401775248169        2.7835633046201314      -0.28398701920454433     
   1.8855961106211756        1.8836325173581114       -1.7767789052835106     
  0.66181504118812740        3.8364189532578687       -2.8817843972891404     
  0.89013715420998130        1.8771325416744060       -3.4175996570584180     
   1.8831858563149795        2.1664068964708734       -3.7944484060238444     
  0.79678729420047822        1.6224086702155376        3.5275064808847580     
   2.5318859759177226        1.3629171479006117        1.5182776162933675     
   1.6297278160090360        1.3583522360141194       0.87065382435125904     
   1.2194449044991924        2.7514849014574740       -1.2039879000134235     
   1.7763525400213203        2.9971131891832750       -2.0169264256241615     
  0.58821637310409280       0.93266441401518185       -3.0753811153362958     
   1.4050797448285297        1.1306656383166049       -3.9471599382297944     
   4.0066134225782415        1.6772923412327383       -3.6246612221329157     
   2.7852241772025779        2.3923745695050114        3.5253075370265199     
   2.4508813179591793        1.7262377742893167        2.5814073272865099     
   2.9066033493056986        2.2804584524307914        1.7530556742811625     
   2.4358424355012032        2.6878345640288259       -7.9899872319723869E-002
   3.6178810244493329        2.3853623104773232        9.9776023695025987E-002
   2.8997499241056115        1.8340986083765158       -1.4345570551835487     
  -3.4829304381567958        2.4741149359451597       -3.5325623292208705     
   3.6915392762935344        3.1008966689505528        3.2244362284521180     
   3.5857781325926537        2.0539499174452183        2.6942222723542715     
   3.6550998459044624        1.9596944998801733        1.0213733477386593     
   3.9181944182500059        1.3774014158229404       0.22600778174494632     
   3.7383435003649832        1.8112219544931079      -0.79610311311947790     
  -3.6854676657789853        1.3356011739903466       -1.6071143686958123     
   3.5158582703893932        1.3269314806459649       -2.7333671493038714     
   3.4257679244372001        1.4205745099247375        3.5887772215417764     
  -3.5696475594285579      -0.38554583676004334       -2.8243193862713709     
  -3.9051821018586668        1.2026996194807147        2.7759051786589155     
  -3.1443117968290446       0.74160994172984707        1.9376602478262857     
  -2.9488747496603693       0.13964267502594752       0.90876425573436570     
  -3.1018688676504178      -0.30360844577863261        1.9708990834580684     
  -3.3204808964955670       0.23974292498922825       -1.2669290804330653     
  -2.6233758063479375       -1.2881699428756981       -1.5423410903854347     
  -3.7906137257940373       0.71653442648686683       -3.0993056474948553     
  -2.0953173382070704        1.1157291055651466        2.2849496906366698     
  -2.3563098186872717      -0.17569654286869718        2.7243088261508466     
  -2.0591345832955250      -0.52320649007111864        1.6768722930120710     
  -1.7937992051526952      -0.83583637697889901       0.75759831150827306     
  -2.1851136499675574       0.30292188877332965       0.26744696257914613     
  -3.0955928859909103       0.27946498249114543      -0.20023983662223724     
  -2.7209845187010955      -0.42418208561972043       -2.0516444881136162     
  -2.0855521664862327        1.0308470465633819       -3.9262389768473933     
  -2.9065479431256556        1.7845126650701566        2.5122339150939133     
  -1.4649107550235512       0.18522875341423334        2.3924424121953187     
 -0.46589991097843353      -0.37548434607102066       0.16840391336668400     
 -0.27134609675849014       0.28524260535575152       0.91746952771123325     
 -0.45580910784992890       0.39156847588092164      -0.66514828996059894     
  -1.7081137945335279      -0.64942430033338028       -1.8152766407577938     
 -0.86157811087129832       0.28570991940768498       -2.3136745591986445     
  -1.2807821022513406        1.4780378946624788        3.4414073864020365     
  -1.0469382810728223       0.72251136115942161        4.0629221269696796     
 -0.69077881492981041      -0.44459595574819943        2.6917276668263170     
  -1.2192009055058297        1.0044510309989303        1.2070284410988297     
  -1.1164139081982931       0.51523799032701567       0.32631499930677416     
  0.48519469590138875       0.24766690951640336        8.3122073113736442E-002
   8.4369641957288674E-002  -1.3560008401823440        7.8906547185237694E-002
  0.18918283834772831       0.16332742072812242       -2.4771170110091125     
 -0.45057544630677410        9.4158044595397714E-002  -3.4767805932273181     
 -0.45887854756943253       0.48464239478901389        1.8996328718022908     
   1.4512168142331732       0.83225347185704368        1.9313562138918909     
  0.40744013317148936      -0.64584844912390427       0.83947663921913174     
  0.68890275213258645        1.6237967812767573      -0.19928079807261176     
  0.61027897863167546       0.78183673454538583      -0.87006560828796564     
  0.15803805359749967      -0.57834949334545016      -0.64750300511763681     
  0.62558451084692224       -6.1317377554427704E-002  -1.4702797313565283     
   1.3990140863721268       0.13505216275307019       -3.5470073273591241     
   2.3984901476325429        1.3012341822292373        3.5155186788694173     
  0.71341420820473622       0.46786241740133400        3.5335378103874069     
  0.53626540406071488       0.42890086960492363        1.6289231636824828     
   2.3409634107176083       0.44494750093792856        1.1550790925709968     
   1.1934951371961564      -0.10533800164970848      -0.58860203066754624     
   1.3908918735143792       0.60546734593812535       -1.7484992671818305     
   2.5624804921081221        1.5934899851891107       -2.5191435982500545     
   1.0312462542022653      -0.44194841500726906       -2.3583671107018684     
   3.5999168271775450        2.5253153558440675       -3.9817936050210605     
  0.23784298991674035        7.7728908475977136E-003   2.5369370725928384     
   3.4171667729314841      -0.86591302324257913        1.8643651664867076     
   1.3330123313510562       0.85601967348211438      -0.11197420745033676     
   1.6314656754312264        1.4034717382926640      -0.90321435219398549     
   2.6517588297698182        1.7605072070847370      -0.46339152770761100     
   2.2946939513210092       0.70120719456102232       -3.5149394781050471     
   1.7162498626085090        2.2174629132004329       -2.7074951885974734     
  -3.4564061898667386      -0.11495063949508194        3.0752609405408373     
   3.2798996454795319       0.78012151146542041        2.7780513422392081     
   3.4468393908189476        1.0075380365873052        1.7756475624805024     
   2.9159800441134740        5.5935688755529192E-002   2.0812117089155029     
   2.4031181047588928       0.87437408139064210       0.16833688428954985     
   2.3591342770090904       0.97309051722770978       -1.6288912902553185     
   3.4632440850822745       0.92262516350824908       -1.6550776656970816     
   3.3547012781519547       0.78532453583951256       -3.6328093740714125     
  -1.9060865839019754       0.66292846725180532        3.2096192773316949     
  -3.7857329152567885      -0.84999877364831355        2.4794993359601496     
  -4.0255629366201306       0.30477136984377651        2.2747738829622928     
  -3.5957381172039722      -0.60996059767603938       0.34959683315732770     
  -3.6782705117492749      -0.60807034067956900       -1.6789025668012443     
   3.7628062216123714       0.10923681365788052       -2.2095510783202306     
  -3.5533897139562893      -0.18750062118018970       -3.8200687528793753     
   3.7704349880515102       0.41723427254620260        3.6180775999919814     
  -2.4492964692621744      -0.56950066437851843       -3.1454357995854392     
   3.2490939965776766       -1.2708245579776694        2.8263039488427992     
  -2.5773415545812175       -1.2362357792406418        2.3163481033946858     
  -1.8636485556868048       -1.5492539546363100        1.4957786045567090     
  -2.5920928315463301      -0.70374754158723141       -6.4558745821516389E-003
  -2.3724402083921627      -0.19755157187417749       -1.0825911623888089     
  -3.6877498553541135       -1.2060910675160352       -3.4316909030395122     
  -2.6761340710484420       0.10210058295315047        3.8075001538706701     
  -1.4570163370531919      -0.34854293263777780        3.3538573483477743     
  -1.8296081170810252        4.2404905946000396E-002  -3.7373417769054180     
 -0.95106488448880544       -1.6637680238796295       -7.8438882172371955E-003
  0.83735051181429410       -3.0216589622788681       0.25887346464480826     
  -3.2246879409832920      -0.66500770544805798      -0.78893637051123755     
 -0.74265217015065099       -1.3124934343194603       -1.7485986501336386     
  -2.6893810136661229       -2.3178611582883488       -1.3084440529761541     
  -1.6832603305382414       -1.6728259003712831       -1.6733683667883914     
  -1.5543397582981009      -0.90438472550339577        2.4743786124528113     
 -0.57765026660513219       -1.1166604968614402       0.99292718185774897     
  0.83257359663747788      -0.73636048411057231        1.8914018080125954     
   1.0841613760628508      -0.91310909872678070        4.1792374977531389E-002
 -0.11749597176000563       -2.1058063249561134       0.79721224555646242     
 -0.36661228360050629      -0.33355550902065256       -1.5205013560624856     
  -2.0808963317955236       -1.3461056405061946       -2.6014383584790450     
  -1.3381542094534571      -0.63172279893671113       -2.8593197537494781     
  -7.8461699674046606E-002   1.0228195863509641       -4.0295363955060504     
  -1.1639673746171229      -0.20227993688586818        1.2838601275443737     
   1.5136475858025387      -0.87937049247555432        2.6581570225899784     
   1.2892525485479411       0.36507259755749250       0.82904884935779388     
 -0.92124628870513237      -0.88684997261289666      -0.85039371245899131     
   1.5739564678506932       -2.2663449265401869       -2.1450471199265402     
   1.3860434123452978       -1.2926925944738750       -1.9049322128779183     
 -0.33789196603113358      -0.73136425885344358       -2.5080586457416820     
  0.75882688129526410      -0.63518552645255699        3.4440259920367615     
   1.2548738717931593        9.1219731176274937E-002   2.6032071586469536     
   2.3157842657623013      -0.29889537441574671        2.8748222064394238     
   1.8250519415631494      -0.14644573374557254        1.7857936523243467     
   1.9282426696602581      -0.11820163755887114       0.18853829420392865     
   1.8553132259477640      -0.93618318784405330      -0.68829994418092277     
   1.5286839080144186        1.1399895985431145       -2.7673483086112811     
   1.5287081770530837      -0.91143245901206515       -3.3240819631060798     
   2.2788026043977379       0.72060336622984700        2.5371100378595641     
   2.2617016508329804       -1.5575993339925458        3.1065274956362510     
   2.3074765150183825       -1.3306931594503688        2.0595701020555053     
   3.8153578306014717       -1.1878593119400016      -0.45488806767912487     
   3.0030952996781317        1.1313160521308171E-002  0.44123243934914108     
   2.0888360527522214       0.33796145564452856      -0.80681740891894449     
   1.8338045098411586      -0.37706225896907725       -1.6405517838211905     
   1.7171146456352078       0.52515735971154631        3.4391009269631754     
   1.8525174890333997      -0.64034603836136705        3.7286632925826426     
   2.8763143340227835      -0.71736166179063920        3.6357582878935593     
   2.7412126289919274       0.33928701970371555        3.6553516795881857     
   3.9842556902634030        3.1824853819443187E-002   1.2085128026475731     
   2.6106670686943745      -0.63430324897559187        1.2862437968117597     
  -4.0300997945938324       0.87477239753755787      -0.63348770581592373     
   2.8434968192416696        8.2217883594420033E-002  -1.4453078573048082     
   2.8721526950225589       0.46435187370598441       -2.6555497196526505     
  -3.3054590781803088       -2.3013109419503905       -2.6046255867079275     
   3.5551798625108657      -0.29809165126428910        2.8981522870494212     
  -2.5420380249382077       -2.6507329381096838        1.9449122926035234     
  -2.8331145908155682      -0.86870023318156686        1.0011962558554899     
  -3.2805361107492450       -1.6393582858952227       0.36340659002642434     
   3.9659761948766765      -0.16309265811854876      -0.70159908626973377     
   3.8071198007513702       -1.0211264288635753       -2.5933919853610901     
  -3.1461412182509489       -1.3001842714742224       -2.4895115626736120     
  -3.1495247888557376      -0.99316810545273859        3.8785873858773079     
  -2.1631673293235862       -1.2959404843941715        3.2271286085316997     
  -1.7122976010917206       -2.0149732481065294        2.5861199188755997     
  -1.0424435074496232       -3.1636702838172366       0.38259723442988769     
  -2.1581296342949194       -1.6664535629125472       0.31627284621523133     
  -2.7958329498983914       -2.3315348724055767      -0.21020973607492244     
  -3.9725538797312714       -1.6486127625661871       -1.8181812459708324     
   3.9294051599407571       -1.1056454302239016        3.6676982362264257     
 -0.98343985942494194       -1.8200015147267103       -3.9407370030575719     
  -1.1579606357055374       -2.4582353439414604        3.4323278702559685     
 -0.83651824860896251       -1.6403455756185084        2.1328399040435606     
  -1.1649345079590823       -2.1071833275812342       0.87199653769676910     
  -2.0018065080808189       -1.5008119222077825      -0.66757888245197428     
  -1.8242454634404885       -2.6318798691932828      -0.18492065432764568     
  -1.5696889694535885       -2.6531120115766047       -2.8451636573560712     
  -1.9449914416142711      -0.95291158690604338       -3.9360783148197309     
 -0.21887348395917822       -9.4783481856936663E-002   3.5847248136092036     
 -0.99083771773879958       -1.3458210697881527        3.2450656921251086     
 -0.36125489810355660       -2.6322558931981219        1.8245355421851590     
  0.90018884282028222       -1.6129875429481395       0.86747790018823190     
  0.60850812504313501       -2.0239023140954657       -1.6337104285630948     
 -0.97038140749150237       -2.2436231631931651      -0.96675443949254669     
  -1.0439075318164883       -1.5805440666542101       -2.7108138850305301     
  -8.9817008550667501E-002  -1.8173536806057644       -2.3521431459373163     
  -6.8299498415762314E-002  -1.2722791817384529        3.7644590532710174     
 -0.18129891744387808      -0.57926315892871039        1.7871762134538152     
  0.27572429961228817       -1.7119142755399621        1.8345554243024200     
   1.4678085241750631      -0.78370612765759762       0.96557604953249776     
  0.91491355675129549       -1.2557028452820209      -0.92929100719993329     
  0.32557361964221959       -1.0658591187482205       -1.7239296934705184     
 -0.17123494720827812       -1.6002062051613797       -3.3839222910128286     
 -0.90257428095500858      -0.76537121115250073       -3.8497147698896867     
   1.5305340465748543       -1.9876659680177564       -3.2739227732709160     
   1.6953888640704646       -2.0289645328162162        3.8656430930523054     
   2.5314456042300697       -2.5187054587210889       0.53703837599823789     
   2.2306218042048607       -1.5623748754410476        1.0834417914375722     
   1.5142642126476371       -2.1003262682835571       -1.0420560217258183     
   2.3421510276030699       -1.2992041074078313       -1.5097928617725698     
  0.41379299658891949      -0.49446229121072643       -3.6521871407186781     
   2.2148495021923966       -1.3107656858942791       -2.6419963513415197     
   3.6986498526925340       -8.2690683686621955E-002  -3.2349724206920687     
   1.7054131736766116       -2.3561833699697972        2.6805531048542521     
  -4.0486867549179690       -1.7955922252289132        2.0541394462165874     
   3.4308601011826299      -0.86175348851658329       0.70255467715440179     
   2.4562096229745052      -0.96492710584521557       0.31035970958649828     
   2.9996023645153280      -0.50513710229634834      -0.44182421267325200     
   2.8064638097545154      -0.48658432648154737       -2.2696502157808531     
   2.5704427560045349      -0.29979860696740568       -3.4780514323567555     
  -3.3215579437167611       -1.7041669306399128        3.0142842298203925     
   3.4205826759955511       -1.1048613342339328       -3.5493335947179752     
  -3.8835732718489777      -0.98262246381559537        1.3201716345305556     
  -4.0524886684876016       -1.9925368923924012       0.93183227158946724     
  -3.4431695494551460       -1.6713300748465505      -0.82010043249650677     
   3.3276420340296022      -0.99768662701372701       -1.5351070655868646     
   3.8633080626799834       -2.0718363528054007       -2.9300820820817295     
   3.7159890972118457       -2.0375680234318323       -3.9945068097084606     
   3.8368021709128253       -3.7500614642753027       -2.0231878079433225     
  -3.1139679714379120       -2.7268842762340824        2.9226563185556977     
  -3.6535200444737743       -2.7892621560214588        1.9120609062461180     
  -3.0537203538256716       -1.8239442091356084        1.4035615142123372     
  -3.5630651176780148       -3.3859328642361453      -0.16314295583405380     
  -3.6142456108371088       -2.7711749184566301       -1.0359518134382262     
   3.0928837330760026       -1.8694973204629568       -2.1460515783385152     
   3.9850407812515010       -2.6192174572943965       -1.9863879118643792     
  -2.0892508116487787       -2.0838296737640585        3.9348405906790345     
 -0.80240431660539835       -3.5320309106468133        1.5007798100261636     
  -2.1674948004388019       -2.5414375284654098       0.97885194899077599     
 -0.10394246774659015       -3.1880518957802577       0.78974570412093470     
  -1.5939450453679667       -3.9112083671652087       -1.3219114514941244     
  -2.6605471772843732       -3.2725829076418869      -0.98068044682374689     
  -1.7861655017850178       -2.7634912056240131       -1.3806367608957615     
  -2.7919927424610185       -3.3934000539557805       -2.6527312179679661     
  -2.7158234618367625       -1.6228129452543341       -3.3489257993200336     
 -0.96228403967552845       -3.1270941774481495        2.5650827783124797     
  -1.8233319683933460       -3.5619021333182590       0.92738517289346867     
   1.5081223304690639       -2.4525143927226791       0.83020882999129697     
  -3.2966461558708344       -3.4233306130387944       -1.7887833597227147     
  -2.5606333168048567       -2.6757381339822399       -3.4364339190946835     
  -3.4737956359340281        3.9683733677452939       -2.7549072879780292     
  -2.3388597042970640       -2.3945371122788748       -2.2489022536801522     
  0.10981340310359197       -2.4305298160258255        4.0381506753841334     
  -7.0784919098951420E-003  -3.1447807284783593        3.0279935529089599     
  0.67106069796961532       -2.5376551986963585        1.3847165881688381     
  -5.7969406245447851E-002  -3.5144995562173529      -0.23366383954909656     
 -0.19810846530077911       -2.5252506989463734      -0.17798780122463381     
 -0.17245141331776656       -1.6246616799547482      -0.89679132570074382     
 -0.95980622256403758        3.7667459674165822       -2.1366043867406446     
 -0.94967433249971223       -3.5245400687271808       -3.0366329417797617     
  0.92215073329726038       -2.7842968963505408        3.3875905902762877     
   8.3036705290597368E-002  -1.1125676626809913        2.6477806875181913     
   3.2199001709915196       -1.7789342250441169        1.4039311498411600     
   1.9167834389763752       -1.7652392485380513       -8.7545685695143163E-002
  0.91485889798178688       -2.0290663784182006      -0.17490002892170534     
 -0.85314685013397429       -3.3881782308781014       -1.8599027667316015     
 -0.65464382275226463       -3.3519144353214139       -4.0208720010727799     
  0.78262013514832129       -1.5035302507081063       -3.8985024289926815     
  0.71210697477624707       -1.7126415303283569        3.2636503828119428     
   2.4306275734408427       -2.4342505983476754        1.6085583617814125     
   2.7288361362578462       -3.5275787158248662        1.3224654135452374     
   1.7690703560573369       -2.8471737841967730      -0.13934775434070429     
   1.7885951352834211       -3.1552556498517070       -1.6292945665080019     
  0.86648194156175518       -2.9964864862853604      -0.85130146531267570     
  0.85138072145553945       -3.5334699799370330       -1.9619883954158972     
  0.51591546590218218       -2.4742938266158307       -3.1721165579243897     
   2.7759525278973567       -2.2051853623356390        3.8233266009856708     
   2.7881578841178536       -2.3137100102040860        2.6303680856663867     
   3.4012636937400180       -2.8985053232017695        2.0570717938792615     
   3.2360665249856155       -1.8202785237929706       0.39252293951876993     
   2.8210676836149133       -1.4783655512956322      -0.59578822581619129     
   2.4065824206700741       -2.7909757044914061       -2.4006902536628054     
 -0.56055502065044016       -2.5057744885192252       -3.2149862420876825     
   2.3350260628239408       -1.3455818286093102       -3.8774402979521319     
  -3.9014746871339341       -2.9336554601083003       -3.3157540500671026     
   3.7566301605606838       -2.1561995831268859        2.9333301765660562     
   4.0556699541033794       -3.3538926011527166        2.6766874939428664     
   3.5878809464723083       -2.9165090084054381       0.43928407039678291     
  -4.0265904153825076       -2.2898659005505069      -0.16367284619827757     
   2.5525146388499196       -2.3314391090816806       -1.2670147765968509     
   1.8965889915494207       0.22283264032052885       -2.6093130674991900     
   3.3164280349882018       -2.9642526259072413       -3.7234610762988942     
  -3.2258426649667951       -3.6552319241575044       -3.6551850406378681     
   3.2867642313353711       -4.0038069043789806        2.1496151077511660     
  -2.8768828741000236       -3.4432764187092224        1.2745546365721523     
  -2.8977506647530258        3.9804697953826533       0.42457409823252229     
  -3.8876785958623721       -3.8030363661827309       -1.0348795530113446     
   3.4081342934717997       -3.0242280768802408       -1.2508352213679419     
   3.6362869366086521        3.0006212489866471       -1.7034477584990046     
  -3.2214969386187007       -3.6776110820236037        3.3665627866045043     
  -3.8376395136690338        3.7761974087161176        2.5398788454678858     
  -3.0187926985142872       -3.5980965604694428        2.2784811481693485     
  -1.9100023485951301       -3.6197412948132430        1.9652372494853478     
  -1.3839567906825299       -2.7140378403501102        1.6767903990499491     
  -1.8074658280467075       -3.7150131137551310      -0.23550135059019400     
   3.3035968671198241       -3.1489413934179979       -2.7056338904323378     
  -2.5488350099764823        4.0328574739993392       -1.5603344139805368     
  -2.0923794184419426       -3.5612647720169588       -3.3574686597507051     
  -1.5024808471970141       -2.8278418187206724       -3.8365504726902744     
  -1.5074159843861834        3.4081099385990972        3.3816157678000582     
  -1.1041500192728799        3.9737880659441345        2.3537132826138536     
  -2.5699813569041563       -3.2311757384817761       0.19526431989765988     
 -0.91142022269383660       -3.2575621588378136      -0.69397927751463462     
  -1.8213122092901883       -3.4120107967334605       -2.1874818848323732     
  -1.7747312317848047        3.7876326203833357       -2.7195087375689670     
  -3.1001591034111327       -2.1681292993672794        3.8953670713378603     
  -2.5003802808147175       -3.1462865322777600        3.8136664551722665     
  0.69422581197016864       -2.4949914576530099        2.4102490191702679     
  0.27952244310186097       -3.6041587781873616        2.0932737320109771     
   1.5357231045419211       -2.9619019711518924        1.8652503400376816     
  0.71641952925450880        3.9943595916080361       0.33081068711959988     
 -0.83367177877889032       -2.3590825628323033       -1.9530832358251631     
 -0.16005763803370457       -2.8092663843000678       -1.1856865723155008     
 -0.74939705378366128        2.7507311950526270       -3.0018401997446627     
  0.44687641431296571        3.9495649816629572        3.1248727659721114     
 -0.29504852819631877       -2.0992319336581957        2.9620682556326261     
   1.7066500323595970       -3.5893428313127753       0.70557843848970159     
  0.15878177904466881        3.0395893546935104       0.66707501316233297     
  0.88949663557762104       -3.5183352855399836        1.2920192085693145     
 -0.22326469496963963        4.0523830219975361       -1.2998595226361400     
   9.2722301979566546E-002  -2.8620516738170338       -2.3091637470756075     
  0.34184176561522311       -3.5126890167984515        3.9507297929549408     
  0.91653083524493839        3.7961995989046939       -3.9804693925403876     
   1.4542739232654531       -1.7940527929287271        1.8102811791904954     
   1.7980557502271042        3.8980969518796020        1.5206201376381085     
   1.6245095747772811        3.3237449229405471       0.16206622544017651     
   1.4338299674601955       -3.8116653710531354      -0.28569610939042922     
  -5.6614548513528484E-002  -3.9119713619817889       -2.2772984974357451     
   1.7875386761298104        4.0204946324544490       -2.4203666160754387     
   1.3233006774671479       -3.0109225650196771       -3.7916224756799175     
   2.2536869616175412       -2.7327754746786015       -3.5375876257228147     
   2.0909358612554239       -3.0059474615510240        3.4420595207883204     
   2.2681752180644166       -3.3760765303775768        2.4444082908008427     
  -3.3664199671608621       -2.6825507478288992       0.64590649200243866     
   3.0395808063744809       -2.6357681514007623      -0.37368029106797379     
   2.6955283857931542       -3.6692772258918431       -1.8986240772197014     
   2.8744928269978725       -1.8636654194003317       -3.1839808803192722     
  0.66248366560010397       -1.3979065428638315       -2.8614499317323032     
   3.0823224922633825       -3.1276478511385761        3.1348409641109036     
  -3.8672222533603544       -2.8499487977405806        3.7621355665712244     
   3.9399045025750525       -3.5451732474173889        1.2984267837209948     
  -3.4828715706935083        3.7500560893515331        1.4743183468302792     
   3.5996799072709078       -1.9986425349792414       -1.0014146288262782     
   1.4543098049271983       -3.1612733250583278       -2.7185847518422981     
   3.5070732627032948        3.4598132407077089       -2.6569935670767233     
  -3.9222896183793607        3.3724134852456493       -3.7242369280012695     
