  -5.5296716318414578        5.0075386695394704       -7.5026920433622086     
   5.1519578917903512       -3.6572836659818111       -6.0705190741802326     
  0.34769572972317581       0.94030557051650321      -0.69585895814816368     
   6.4651584330092513       -2.3802959902103371       0.56684742278324596     
  -4.4585875213601813        5.4767984413636039       -2.2364830540552507     
  -3.6215260851636302        4.3456343502615580        4.8527148239224580     
   2.1359301890632731       -6.4654645531569583        6.3532830236826516     
   3.4372299464896487        1.4092450605370850        4.1811082876531724     
  -6.4890163963067886        5.8687405749514223       -7.3625351156240830     
   4.8595402611548115      -0.23626643088510946        7.3627260930102691     
   6.1529678195287865       -4.4101877559900924        4.3593756658033165     
  -1.2652169657812986       -6.8824708238268224       -2.1120487770794654     
   4.1804031873732503        3.5747638182197878      -0.29613592115598913     
  -2.6237492946542482        2.3958458465145482       -3.0245693439286350     
   7.2252108813820062       -5.9511980573466836        4.7352186137646264     
  -5.1196309970281373       -2.0487319196659195        1.8893310885496766     
  -6.0233769697685489        3.7525121965323747       -5.5083561767041749     
   7.1175831148354325      -0.69932827548624699       -6.7059464366135959     
  -2.2948513782605193       -6.9387344625660381       -5.9125752910979248     
   5.3056781039311325       -3.7528979129671329       -2.2558984640457971     
   5.9131309830060088        4.0930399371176787        7.4887147999375241     
  -1.1850115575920006        7.3541761298266293       -5.3130609620478779     
   6.4380985649267028       -5.5755290583794386        5.7384626367391878     
   3.4175014021413443        6.6719391606727996       -5.8715835123471445     
   2.6180146538450728       0.32281980923499343       -5.1220375964110643     
  -1.3884578078954981       -2.4567457954758929       -6.3461620677595691     
  -1.9099006513934316        5.0074098779754310        1.1086390145512204     
   4.8662963434834472      -0.73361004440797839        1.6422604139657091     
  0.51723631714310392      -0.66593041352764293       0.71938159856407891     
 -0.53783214536619894        4.6153773865124261        6.2625059125177041     
   3.3894271466158412        2.7190945439901508      -0.31160460756228814     
   3.8613229150971309        5.9937959007403911       -1.7746333591123513     
   2.9244944744173460        3.2274171051696920        2.6847280363792412     
  -7.2912918928267088      -0.73057245355456890        5.0737366243153135     
  -1.8486428607015601       -7.4872022275024248       -6.7003234178424282     
   7.0179821554452069       -7.2299474501409424       -3.2220328067236226     
   6.8954826596584029       -4.4718024985785609       -4.6921796588289064     
  -3.8599464270491666       -5.9185746987654086       -5.9566790995381558     
   2.5817680134905330       -6.9008243632245883       -6.2541389422432889     
  0.57363438062214678        7.4748219003106771        1.3322641546718652     
   2.2506709732978991       -7.0679842967379791       -7.3218895243395838     
   4.8365608076214448        5.0744988232555004       -7.1609090029298796     
 -0.62237804171765143        7.0513932217748039       -7.0679218757805131     
  -6.0032076137245864       -5.6952863325318459       -3.0586326265169403     
   1.8175722907141616       -7.2841075041273724        3.2408149057229223     
  -4.0419593237168208       -3.7431567094210378       -1.2881105596509446     
   3.3523530375353836       0.52398969092598524       0.24476318082923121     
  -2.1823435449900574       -6.2341083533872137       -1.7526184654876746     
  -3.5042880730357968        5.4874868322763257        4.4197682720778406     
  -5.2736757969564190       0.40878875719918634        6.3324158819561420     
  -5.6800425746660812        2.8701490169184756       0.19032921691032562     
   1.8408792576184267        3.2535558321473865       -1.9005666182189005     
  -1.8077813141657599        3.2783393785248931       -4.5710948848186144     
  -6.2952261544892583        7.3333097192247090        4.6867758559034511     
   6.0031652649532701        2.7113752469528820        6.5949609199776011     
   6.6952897552248238        4.4046459539791272       -5.5623752398070350     
   3.2319210532951805       -5.2939139379436764        4.5335720059557429     
  -3.8798735259272217       -2.1438827898747217        7.2421807034408818     
  -5.2031178342226374        2.6677411974446996        4.7908485305170689     
  -6.0436506657448987       -1.4109202393363875       -4.2791305464625529     
  -2.9600540479191548       -1.4189423711414713        6.0200145952441213     
   7.0702049621784386       -2.4106480248199609        2.9110227301558766     
   6.1254990517960737        1.5071504255248092        6.3868004262967917     
  0.95539456052582106       -4.1500338112357111       -2.0290732328335572     
  -6.9435248716664661       -2.6179236195548277        7.4917271349907173     
  -6.0993847475977470        3.4685726921342002       -1.1837294245302461     
  -5.6667224276776995        1.6100673001540260        2.0991932128787378     
   1.4855818131894996       0.31743236663899160        1.1328164447952693     
   3.5460636856168341E-002  -4.4575213535034370       -5.3953536733704759     
 -0.85144254605170921        4.8977637440113098       -2.8364004030280721     
   6.0419843652921319        2.7142616880945134      -0.53182283200567970     
   4.3755012737080561        3.3404761775979046       -7.1940268367296571     
   1.6671021761453815       -1.6449291488411935        4.4698070550135833     
  -7.2955337243079716       -3.0206519457323293        3.6776059645285608     
  0.11003702053823804       -5.5985406885206030       -2.9276889234595029     
   6.5049535192749310       0.56560626972311812       -5.6146842769022340     
   3.6110212634850241       -6.3461203378104845       -3.8551817525667200     
  -3.6723036694285502       -2.7769956676078618       -3.8434390393419768     
  -1.1869095692125446       -3.6929947945948478        2.3890004250695829     
  -2.0616694634598649        3.9352861854513370       -6.1609497378400482     
   3.6925122071886616       -1.2889115785328802       -5.1833680257591306     
   3.2692858719667712        5.9115775353370861       -6.9719351823413289     
   2.9548674203715399       -1.4315329582705396        5.2147109124651658     
   7.0192482913909453        6.8243988606999402       -3.4842570252053999     
   2.0632344029641763        5.8188095148681187       -3.7516838067331215     
   4.4928398912276588       -4.8216978792490144        2.7830005101327577     
   6.9468150973226779        4.3975242116369273        6.0751563408707918     
   6.8833589044296390       -7.4980985668088458      -0.76835408953604356     
   6.7715381140071962       -6.7563679438945092       -4.5942901223547397     
  -7.3122809083766116        3.7758728543715856       -5.7231081988735957     
   3.7310322523152557       -5.2914471888436116        1.8776366412355796     
   3.8679687787726715        1.1490062682172859       -4.9017494289032975     
  -2.1232919122114686        2.6185564785099711       -7.4381264799337465     
  -1.9286889048025195        2.1107942564201227      -0.25937193443747730     
   1.7143004750823581      -0.96047709126303793        6.3607368798969270     
   5.8661841349966686        7.5363473188359649       -6.2326945510892928     
  -3.8238359817685543        6.3864698837495455        1.8642768829562781     
  -7.1274312777346003       -6.3819077583848562       -4.6116699405463120     
   2.5098261906223738        4.7758105721905357        4.6505566831834528     
  -4.1793000804563016        4.2202553750497991        2.1315760110195896     
  -4.8372966766756615        2.2963775301243485        3.1209066171777256     
  -1.3403507685075691       -5.2386701515499157       -4.8280933782603643     
  -4.0593773685834149        3.7224769187933866       -4.2408025722170839     
  -2.4978967679047210       0.81493817143503233        4.0195294703996671     
  -1.9925088720514776        7.4873938538229501        5.2858720651364095     
  -5.9390881180981534        6.7523785806356026E-002   5.4037506498482299     
  -6.6724271217088171       0.98180487167123121        2.2894086505892024     
  -4.7609884307980721        2.5524295300597042       -6.7151004765715347     
  -2.8419941119871877        3.8039712361306863      -0.99443402991243535     
  -2.6746543968147094        3.2474871954596574        1.8580909870272353     
  -2.9867382716415696        6.6079395992959968       -6.9585627876173524     
  -2.9305476530130998        2.9445086658042023       -4.8806127338760312     
   5.6671617536845575        3.4330967426754766        1.3841037777676313     
  -5.7490126332010005       -4.6090832089944209       -1.3238649598977699     
  0.57555096161720398       -6.9701510275099494      -0.52016812399781065     
  -6.3518153382562970        1.3490717895168387       -3.3898522546926002     
   2.6979749109452973        3.0658482068126585       -2.8437927979142676     
   4.0599636389297018        6.7093349674149856       -3.1076453336585157     
   2.0209767149381141       -1.7261080222283209       -1.5552232515746134     
   6.8732441002251567        1.0878585567747476       -6.5224277146029719     
   3.1960685763621703       -2.9426391700078254       0.93772273552176144     
  -1.4647306282151009        7.1399034348505612        1.4306848648536621     
  -2.4220237956820494       0.39211223126393063        5.0886854021295198     
  -5.9393369334315622       -5.1311827696493548       -2.6749991704815384E-002
  -1.3584919488738476       -5.6253535103029328      -0.96708473392474026     
   3.6374593622182525        1.2060381458265390       -2.0686474577440839     
   5.0461411785453443        4.9734662739644779        4.0974436085931210     
  -4.5390169865298073       -2.7691189623294807      -0.96975019104731341     
   6.5674746741089338       -5.9323559077330010       -7.1508884057037312     
  -2.0289203589416913        5.8166415257613968       -3.5766684658686536     
  -2.4277225112461291      -0.19367747165164712        5.9157846692192413     
  -7.0776727391255481       -1.3574658232352479        2.1221467051765281     
   5.4911942155592453       -6.2722069202526685       -4.0199153220278454     
   7.4367566481779415       -5.6764812730068455       -6.5664195009521302     
  -6.9369618396592942       -6.5999540183311769      -0.17860699698174456     
 -0.64466144539788273        2.6047951913791363       -1.0781319445830788     
   2.4322552395564085       -1.1796507002471297        2.1610826723847651     
   4.0612078190341121       -1.5621212905161772       -6.6666786284422299     
   5.4294564808964179       -1.1282912035205286       -4.8659981225551237     
   7.3950111239103338       -1.0392005482865976       -2.9088584618417261     
  0.51281322911901672        2.8237823156106310      -0.33438801473343910     
   1.6262398768879471        3.7136952474131006        1.6768169138001494     
  -5.4374234223637936       0.49712990170030358       0.15693265122944192     
  -4.7613347723591604        6.7436925181794098        2.3627739470024545     
   1.6217881626125663        6.1519140254175403E-002   5.2112582348082963     
  -7.0949057542891181       -3.4176812216451387       -1.8025465338711126     
  -7.3100260198880678        5.9903264319008578       -3.5608886287435864     
  -5.5662775234037367       0.62598816474184671       -2.9398083375269111     
  -7.0159685222816188       -1.6077411994427511        6.5117595793593201     
  -3.5175835296288565       -5.3295528145745479        3.8011576157921150     
   8.8798569792321036E-002   2.3035936948291420        7.0529576558944322     
   6.8357600179565843        5.5159184571936217       -5.8019803715881553     
  -3.0854536854862120       -4.2426651191626146       -1.6498259436854021     
   5.4044867964712395        1.2287759072551816        2.5986272568652180     
   1.4313655799110792       -2.0170800821539858        2.6637009558336717     
   2.9963294141698644       -3.0508618188727907        1.9328658228370397     
   2.5682965047798048        4.9493776887994603        6.2730539486098413     
  -6.1660898378082534        6.4358340110366337      -0.64241836266600594     
  -7.2859708874376103       -5.9440862945523314        5.8962320473118881     
 -0.94813008141596344       -4.4081996003900814       -2.0382372095563848     
   2.1076757291983941       -3.6781829048280992       -1.2592370993634292     
  -3.7284291114686847        5.9950243669966854        6.7427110537510391     
  -4.2030170377845906        3.4133364695207544      -0.75955655052869453     
   2.0570927458675001       -1.9730664512188576       -5.6557612193718256     
  -4.0166869290931109       -5.5799933548549188      -0.40552355275247781     
  -4.4050981412559009       -3.0124348963129073        1.4917346133260838     
  -7.4661069014014689        3.6906742850447660       -4.6625833953932103     
  -4.9516385935114569        3.8427023496381674        6.3452293886609672     
 -0.46160659001994298       -5.6968934198889629        2.0610731496077417     
   5.8627123973998350       -5.1074101679180792       -2.4597167564081244     
   5.4148319168537915       -4.0680996974716557       -4.8131841764202141     
  -5.4921163175335863       -3.8907472456248846        4.4329991405783886     
  -3.3830128182797634       -3.3755545592169063       -6.9340763636485692     
   2.4079803002720213      -0.58551795046139488       -2.0915417881304741     
  -6.0545004476372002       -4.1177246363572877       0.82669548805104498     
   2.1374616736984895        4.7023973387948583        7.1997029133807713     
  -6.7144383767161022        8.2670956269923074E-002  -4.6663998174843870     
   1.5636573653937744       -5.2790104724755427       -2.1108958946701204     
  -6.8412790459687338        4.4947813589330945      -0.98511373277233338     
  0.94675440407598122      -0.74508714305430823        3.1729547303526249     
   4.5188516319509411      -0.54944423140590581        3.4855024711086373     
   1.6050392822125865       0.66703266620188650       -1.2741874941214637     
 -0.70235229124374621        3.6348504293675181       -6.3894289051781108     
  -3.1679667811306298        3.7616802186963647       -2.6040423579411698     
  0.83572638241634378        5.5323235449976886       -4.0492483068134630     
  0.78927597486552492        6.9775773946145376       -3.7913641885374969     
   5.2831711080320831       -5.8148684968022648       -2.9808494165824242     
   4.4264362312549714        4.4947683070715065        2.0793388810087441     
  -5.5522781035574411        7.0692203634432946        3.9795405410951274     
 -0.61616124065405975       -1.5651750782701586       -1.2211835426320499     
   2.6810932053994860       -1.1276611647441619       -7.3750381104521265     
   3.8114754185122464       -1.2335873270679492       -1.3772429652102616     
   5.2937690893095493       0.22240251349647469       -5.8805590172598521     
   4.5619847900978332       -4.6062631712014950       -3.0358947526192219     
  -4.2096720000126826      -0.67067303206982809        4.2889491515351690     
  -4.1790196059552658       -5.1874279348580448        1.8927747923637146     
   5.4107020323208204      -0.17527680908283266        6.1495401854276723     
  -2.1686124753432283        5.6939880187453316        5.5446534467615542     
  -6.8532961979805505        3.3328959063700743        2.0958650185445356     
  -1.4255122060462300        4.4772255580992244       -4.8889297859287790     
  -1.5964690345128671        4.0120581943949238       -1.4073709222967581     
   7.2969758547050629       -7.0452785109242102        4.0699773011775608     
 -0.74102212458103522       -6.6946196441391050       -1.0972842408718915     
   4.6035410004058157        3.9306056772987890        4.4383827116332979     
   3.8983243572859152      -0.63013768844368889        4.5939245905645834     
 -0.75047212066234437      -0.35504539471346613        2.7578534279606215     
   3.4145210048314460       0.22055258690755797       -1.5378317209615602     
   1.5362549096803770        4.2589616701019395       0.13125696380231930     
   1.2779061480253056        1.1217296141114801       -3.0132911639094266     
   7.2350424860013627       -2.5003357714623955        5.2136808480698225     
 -0.37869304813267363       -3.5454795889891493       -1.6948375828146738     
   6.0468690184244247        5.2368505579832005        6.0242117414068321     
  -2.9735468838916894        3.1100592596752574       0.82241124472135718     
   7.0746089799938146        2.1983409727658820        3.2806232437713914     
  -3.5542337401045789       0.76745778406347864       -4.5631216082302490     
 -0.12457320433112962       0.44970301213852698       -1.8793662933926480     
  -4.9789845607727727        4.7348580966469020        5.2282397637457789     
  -6.2705778667167573        7.3842731441442426        9.8057340696200729E-002
   5.4913228003609929       -2.7996385448691070        6.0310944149563435     
   2.0106768567444764        6.0658857134652360        5.7813672278695067     
   3.1135662034658731      -0.12921404841976480        2.9368117481566771     
   3.0380785928604155      -0.46131168565751296        6.7918838921331997     
   2.6933063861982864       -1.7645409735263833      -0.64536455334500809     
   6.1882241930246424        1.5065855735838789        1.3998153247807379     
 -0.22225931301893317       -3.1980726797529004        5.1664706471862578     
  -6.3107636679990877       -7.3070687411665274        2.3753872490266752     
   7.1375924764515704        5.0949306829830947        4.1489091474564059     
 -0.46661290101130976       -2.5013661626093109        6.7339184016615272     
  -5.9573893553491972        5.9165625609682921       -5.8644255013105209     
   6.5250087351300294        3.4608416610339372        2.7783721938713346     
 -0.13718359652118420       0.67463219400018481        2.2403020773380060     
  0.90542344271983377        3.3098632786401079       -5.1841421603925992     
   2.5186316939368480       -1.2702275348526739        3.2226629097082022     
   8.8969798108972948E-003   3.7761071064058220       -1.8118403810851060     
  -1.0686057886994520        4.9116646680130760      -0.78147512387433760     
  0.64424767510096348       -5.7022791105574644       -7.0787401675015129     
 -0.42711275017310329       -2.4240706716912981       -3.7947517403966153     
   5.1056691530551683       -6.2345947715000367       -6.6993210858430992     
  -3.1676189497150262        7.5301090333470437       -5.2620376198465388     
   1.5475821846784139       -1.4229512621057130        1.5559168976410989     
   7.4237459561866466        4.0919078322149494       -1.8682640667761856     
   1.9080659294433646       -1.8859526921953247       -3.4234782098434802     
  -4.6881965701780599        4.2929300563310342      -0.27599167683155235     
   6.4613740901662586       -1.9284301506113952       -4.5899481764982513     
   6.7252236382996706       -3.8283301031174415        3.4228793403693518     
   3.9548774590747775       -1.0190220612844128       -3.2122337398636738     
   6.7775026108267751        4.6555611917521800       -7.4429481199130256     
   5.0121098115083313        6.3003979721590904       -6.7333994168684717     
   1.4477320053577258       -3.3338131300708280       -4.6422151454864444     
   2.2499880054250694        3.0740549025754227       -4.0104858023306500     
  -7.3327632018190405        5.1912666275585710        6.3408065853902302     
  -5.4962646958497254        6.9169174121965851        1.1202779334187170     
   6.1270671421230043       -1.0766335908739870        6.5361572502856777     
  -7.2632207563191269       -7.5293594048893064       -7.0405111739789916     
  -2.0878097026003570        3.4175222136748014        7.0144477597559884     
  -2.8319524538832361        3.6184476560291974        4.6737651448349080     
 -0.21914785583303578       -2.7879111437669271        3.1657640129080988     
   1.6568944643910817       -6.4913952955505296        4.2249865022349571     
  0.67296630817681213       -2.1447734197782462        1.3430504079033054     
  -3.7348576270391791        4.4356354889347447       -1.2419238986443344     
  -1.7912473592002929       -3.1019560126071881       -2.5942944876373377     
   1.4405285442544922        2.4391779723026934      -0.55134103008711810     
  -5.9811513123150215      -0.27159344778132477       -2.3130421427780496     
  -3.6815791851466879       -6.6986391680208515       -2.5202961118354841     
   6.2660539576262746       0.21145208305080301        4.6861551959343775     
   3.0849823104906964       -5.2195785676918423      -0.80258176425136163     
  -1.3924403147143876        1.7010639832933190        7.1194352596922608     
   4.8593840742906327        2.0990944556144910        2.6661590696067154     
  0.83723339321021684       -3.0307284894570325       -7.4420103902762111     
  -2.2849310304498207        5.0743959170576787        3.0621981558256524     
  -6.6543571236295120       -5.2045744222397357        2.4810978714649727     
  -3.1406894996919164       -2.9332773543125730        1.2782827639558034     
   2.0489794894373743       -6.7802872479371148       -1.2868504806761847     
  -5.8828430704864667        4.4088256811837327      -0.49518252760626402     
   6.4334676468742424       -6.2279322215254300       -3.6736569612693364     
  -1.4690280926270831       -2.1483278637109890        4.9883177649762640     
   3.7898934315879691        2.8453770043244746        3.3811295845258575     
   6.2945680637915737        6.9379586171374390       0.63535972013923947     
  -6.9445767609213744       -2.2486408766211805        4.7597615282651313     
  -7.0889195520316335       -1.4924260858247982       -3.7994050254500160     
   6.3535306734910018        2.4431164868458075       -5.4151386719728443     
  -7.2112825936592788        7.1732704958320584E-002  -1.5360930283062526     
  -6.8125791686445947       -1.2362124096079272       -2.3685125489560304     
   4.0612317084989140      -0.66316925323578280        6.3780701045303561     
   3.6440727503074024       0.56485128971715504        6.2448869197904200     
   1.2139659884734335        6.8381765715914149       -5.6006729288165511     
  -1.6626152823673497        6.9797017876776346       -2.5088116499461952     
   2.6731859997482301        1.6444896311988304        6.2446558885215637     
   2.5646058729381576      -0.96393027483689619        1.6638859571044960E-002
  -3.3755803264423139        1.6120162603443979        3.8020070556114707     
   6.7384986510673022        3.0288846544165131        4.8533102676953854     
   2.5669654238414159       -3.6345847286162023        7.4459709486472114     
   4.2937239012267954       -4.0944399871974149       -7.2288703981206348     
  -2.4459549068382360       -1.5226563386723855       -3.1007126083135703     
   6.5965240643632885        2.3397208250233263        7.3276843023489713     
  -2.1877184388877984        2.2985302372608478        1.4376063344861085     
   1.6251669610105379        7.2068758130227906      -0.68577282898419334     
   5.6556980422870557        6.3164545136501040        2.2751020188488540     
  0.65785926974892439       -4.3127537879104647      -0.87814144551940965     
  -4.6216395790194067       -6.2179580184369092       -2.6508072830241454     
  -1.4306661494813351       -1.9049950454891096        1.0451142912946627     
   5.7537999317916029       -3.0051621830856381        1.3017281002690753     
  -4.8225115514825534       -4.3802017332092609       -3.4035889821980385     
   4.0403744352607625        7.2163926986218945        3.7518790056950104     
 -0.44235178805943481        6.6945903078188662        4.9339006921304733     
   2.1948769770419711E-002   3.8326161088622293       -5.7068522189199298     
   4.6762584756875905        7.2996299569212919        6.7108450685175427     
  -2.6877394991268204       -6.7773204216488629        1.4249938386512717     
   4.7029470608676514       -1.5741620579211224       -2.8002721517642737     
  0.14145350918486760       -2.7033960472976353        2.0031588689293520     
   6.4318045491930160      -0.43121211837209494       -2.5695685124125207     
  -2.2119942708993472       -5.2112754455046204       -3.6657963391080943     
  -6.2578182087497876        4.1058336757834804       -6.6663865757326874     
  -3.0928576171567301       -4.9005317569308202       -5.3017402595306065     
   6.5231936003769384       -6.1239344888241982       -2.4205304813856601     
   5.6710670386339324        1.1578597447346592       -2.3888568551726754     
  -2.9265259622218953        5.3388211512501496      -0.72765300616844386     
  -2.2766570360840439       -3.9629029109575042        3.5645192845767411     
  -5.5868589487264186      -0.50031777215049178       -5.9460754262755460     
  -2.3977487607249972       -2.7300710140320668        5.4642278218639637     
   6.6208679397983961        2.9660179043072938       -1.9014035397006113     
  -5.6530965313527828        5.8207878116174481        3.1054331441750249     
  -5.7192611728755383       -2.4352848783384076      -0.87756604679074857     
 -0.66169182810716098        7.8790934373789145E-002   1.6094475997513160     
   1.2861854645583195       -3.1367662385923865       -1.8035166704937584     
   1.4842585572947073        1.3076922443972365        7.1898274797205755     
   5.4529874416859760        7.0153907571505689       -3.3418958744496363     
  -1.5855720460392599       -1.1544932367295324        9.7066378430025829E-002
  -4.4267579517828572       -4.9352810701393045E-002   1.1241456505818614     
  0.92519112978565299       0.52299714886998805       -4.7764281301972185     
   6.4051712938909864       -3.6221714174003603       -6.5400952796168941     
   6.2144092558984951      -0.81993507999714377       -5.7367701199332917     
   2.0080738621960776       -5.5907510019938069        2.5319318096205570     
  -4.6098274583939594       0.62300370919573400      -0.67125502192412412     
   1.6140343250520988       -6.5541351741127407        2.3838464390990697     
   3.5661238496942627        1.5474733825012543       0.67240799669850515     
   6.6207433825708097        6.7507381073875852       -1.6558328788225720     
   2.3099896128251625        1.9523740775897502      -0.17806325126754308     
   3.6500187466753022       -3.1847014248936794       -1.4491981579112529     
   3.7693365197462043        2.1393587128058744       -4.4339488948866421     
   3.6988289764874009        3.6444025557631545       -1.6496971022509412     
  0.42046002314529862       0.34540298302307659       -5.8780763912302243     
  -7.0747647345382063       0.61503758567056377        6.8304318224437344     
