   4.9999998882412910E-003   0.0000000000000000     
   1.4999999664723873E-002   0.0000000000000000     
   2.4999999441206455E-002   0.0000000000000000     
   3.4999999217689037E-002   0.0000000000000000     
   4.4999998994171619E-002   0.0000000000000000     
   5.4999998770654202E-002   0.0000000000000000     
   6.4999998547136784E-002   0.0000000000000000     
   7.4999998323619366E-002   0.0000000000000000     
   8.4999998100101948E-002   0.0000000000000000     
   9.4999997876584530E-002   0.0000000000000000     
  0.10499999765306711        0.0000000000000000     
  0.11499999742954969        0.0000000000000000     
  0.12499999720603228        0.0000000000000000     
  0.13499999698251486        0.0000000000000000     
  0.14499999675899744        0.0000000000000000     
  0.15499999653548002        0.0000000000000000     
  0.16499999631196260        0.0000000000000000     
  0.17499999608844519        0.0000000000000000     
  0.18499999586492777        0.0000000000000000     
  0.19499999564141035        0.0000000000000000     
  0.20499999541789293        0.0000000000000000     
  0.21499999519437551        0.0000000000000000     
  0.22499999497085810        0.0000000000000000     
  0.23499999474734068        0.0000000000000000     
  0.24499999452382326        0.0000000000000000     
  0.25499999430030584        0.0000000000000000     
  0.26499999407678843        0.0000000000000000     
  0.27499999385327101        0.0000000000000000     
  0.28499999362975359        0.0000000000000000     
  0.29499999340623617        0.0000000000000000     
  0.30499999318271875        0.0000000000000000     
  0.31499999295920134        0.0000000000000000     
  0.32499999273568392        0.0000000000000000     
  0.33499999251216650        0.0000000000000000     
  0.34499999228864908        0.0000000000000000     
  0.35499999206513166        0.0000000000000000     
  0.36499999184161425        0.0000000000000000     
  0.37499999161809683        0.0000000000000000     
  0.38499999139457941        0.0000000000000000     
  0.39499999117106199        0.0000000000000000     
  0.40499999094754457        0.0000000000000000     
  0.41499999072402716        0.0000000000000000     
  0.42499999050050974        0.0000000000000000     
  0.43499999027699232        0.0000000000000000     
  0.44499999005347490        0.0000000000000000     
  0.45499998982995749        0.0000000000000000     
  0.46499998960644007        0.0000000000000000     
  0.47499998938292265        0.0000000000000000     
  0.48499998915940523        0.0000000000000000     
  0.49499998893588781        0.0000000000000000     
  0.50499998871237040        0.0000000000000000     
  0.51499998848885298        0.0000000000000000     
  0.52499998826533556        0.0000000000000000     
  0.53499998804181814        0.0000000000000000     
  0.54499998781830072        0.0000000000000000     
  0.55499998759478331        0.0000000000000000     
  0.56499998737126589        0.0000000000000000     
  0.57499998714774847        0.0000000000000000     
  0.58499998692423105        0.0000000000000000     
  0.59499998670071363        0.0000000000000000     
  0.60499998647719622        0.0000000000000000     
  0.61499998625367880        0.0000000000000000     
  0.62499998603016138        0.0000000000000000     
  0.63499998580664396        0.0000000000000000     
  0.64499998558312654        0.0000000000000000     
  0.65499998535960913        0.0000000000000000     
  0.66499998513609171        0.0000000000000000     
  0.67499998491257429        0.0000000000000000     
  0.68499998468905687        0.0000000000000000     
  0.69499998446553946        0.0000000000000000     
  0.70499998424202204        0.0000000000000000     
  0.71499998401850462        0.0000000000000000     
  0.72499998379498720        0.0000000000000000     
  0.73499998357146978        0.0000000000000000     
  0.74499998334795237        0.0000000000000000     
  0.75499998312443495        0.0000000000000000     
  0.76499998290091753        0.0000000000000000     
  0.77499998267740011        0.0000000000000000     
  0.78499998245388269        0.0000000000000000     
  0.79499998223036528        0.0000000000000000     
  0.80499998200684786        0.0000000000000000     
  0.81499998178333044        0.0000000000000000     
  0.82499998155981302        0.0000000000000000     
  0.83499998133629560        0.0000000000000000     
  0.84499998111277819        0.0000000000000000     
  0.85499998088926077        0.0000000000000000     
  0.86499998066574335        0.0000000000000000     
  0.87499998044222593        0.0000000000000000     
  0.88499998021870852        0.0000000000000000     
  0.89499997999519110        0.0000000000000000     
  0.90499997977167368        0.0000000000000000     
  0.91499997954815626        0.0000000000000000     
  0.92499997932463884        0.0000000000000000     
  0.93499997910112143        0.0000000000000000     
  0.94499997887760401        0.0000000000000000     
  0.95499997865408659        0.0000000000000000     
  0.96499997843056917        0.0000000000000000     
  0.97499997820705175        0.0000000000000000     
  0.98499997798353434        0.0000000000000000     
  0.99499997776001692        0.0000000000000000     
   1.0049999775364995        0.0000000000000000     
   1.0149999773129821        0.0000000000000000     
   1.0249999770894647        0.0000000000000000     
   1.0349999768659472        0.0000000000000000     
   1.0449999766424298        0.0000000000000000     
   1.0549999764189124        0.0000000000000000     
   1.0649999761953950        0.0000000000000000     
   1.0749999759718776        0.0000000000000000     
   1.0849999757483602        0.0000000000000000     
   1.0949999755248427        0.0000000000000000     
   1.1049999753013253        0.0000000000000000     
   1.1149999750778079        0.0000000000000000     
   1.1249999748542905        0.0000000000000000     
   1.1349999746307731        0.0000000000000000     
   1.1449999744072556        0.0000000000000000     
   1.1549999741837382        0.0000000000000000     
   1.1649999739602208        0.0000000000000000     
   1.1749999737367034        0.0000000000000000     
   1.1849999735131860        0.0000000000000000     
   1.1949999732896686        0.0000000000000000     
   1.2049999730661511        0.0000000000000000     
   1.2149999728426337        0.0000000000000000     
   1.2249999726191163        0.0000000000000000     
   1.2349999723955989        0.0000000000000000     
   1.2449999721720815        0.0000000000000000     
   1.2549999719485641        0.0000000000000000     
   1.2649999717250466        0.0000000000000000     
   1.2749999715015292        0.0000000000000000     
   1.2849999712780118        0.0000000000000000     
   1.2949999710544944        0.0000000000000000     
   1.3049999708309770        0.0000000000000000     
   1.3149999706074595        0.0000000000000000     
   1.3249999703839421        0.0000000000000000     
   1.3349999701604247        0.0000000000000000     
   1.3449999699369073        0.0000000000000000     
   1.3549999697133899        0.0000000000000000     
   1.3649999694898725        0.0000000000000000     
   1.3749999692663550        0.0000000000000000     
   1.3849999690428376        0.0000000000000000     
   1.3949999688193202        0.0000000000000000     
   1.4049999685958028        0.0000000000000000     
   1.4149999683722854        0.0000000000000000     
   1.4249999681487679        0.0000000000000000     
   1.4349999679252505        0.0000000000000000     
   1.4449999677017331        0.0000000000000000     
   1.4549999674782157        0.0000000000000000     
   1.4649999672546983        0.0000000000000000     
   1.4749999670311809        0.0000000000000000     
   1.4849999668076634        0.0000000000000000     
   1.4949999665841460        0.0000000000000000     
   1.5049999663606286        0.0000000000000000     
   1.5149999661371112        0.0000000000000000     
   1.5249999659135938        0.0000000000000000     
   1.5349999656900764        0.0000000000000000     
   1.5449999654665589        0.0000000000000000     
   1.5549999652430415        0.0000000000000000     
   1.5649999650195241        0.0000000000000000     
   1.5749999647960067        0.0000000000000000     
   1.5849999645724893        0.0000000000000000     
   1.5949999643489718        0.0000000000000000     
   1.6049999641254544        0.0000000000000000     
   1.6149999639019370        0.0000000000000000     
   1.6249999636784196        0.0000000000000000     
   1.6349999634549022        0.0000000000000000     
   1.6449999632313848        0.0000000000000000     
   1.6549999630078673        0.0000000000000000     
   1.6649999627843499        0.0000000000000000     
   1.6749999625608325        0.0000000000000000     
   1.6849999623373151        0.0000000000000000     
   1.6949999621137977        0.0000000000000000     
   1.7049999618902802        0.0000000000000000     
   1.7149999616667628        0.0000000000000000     
   1.7249999614432454        0.0000000000000000     
   1.7349999612197280        0.0000000000000000     
   1.7449999609962106        0.0000000000000000     
   1.7549999607726932        0.0000000000000000     
   1.7649999605491757        0.0000000000000000     
   1.7749999603256583        0.0000000000000000     
   1.7849999601021409        0.0000000000000000     
   1.7949999598786235        0.0000000000000000     
   1.8049999596551061        0.0000000000000000     
   1.8149999594315886        0.0000000000000000     
   1.8249999592080712        0.0000000000000000     
   1.8349999589845538        0.0000000000000000     
   1.8449999587610364        0.0000000000000000     
   1.8549999585375190        0.0000000000000000     
   1.8649999583140016        0.0000000000000000     
   1.8749999580904841        0.0000000000000000     
   1.8849999578669667        0.0000000000000000     
   1.8949999576434493        0.0000000000000000     
   1.9049999574199319        0.0000000000000000     
   1.9149999571964145        0.0000000000000000     
   1.9249999569728971        0.0000000000000000     
   1.9349999567493796        0.0000000000000000     
   1.9449999565258622        0.0000000000000000     
   1.9549999563023448        0.0000000000000000     
   1.9649999560788274        0.0000000000000000     
   1.9749999558553100        0.0000000000000000     
   1.9849999556317925        0.0000000000000000     
   1.9949999554082751        0.0000000000000000     
   2.0049999551847577        0.0000000000000000     
   2.0149999549612403        0.0000000000000000     
   2.0249999547377229        0.0000000000000000     
   2.0349999545142055        0.0000000000000000     
   2.0449999542906880        0.0000000000000000     
   2.0549999540671706        0.0000000000000000     
   2.0649999538436532        0.0000000000000000     
   2.0749999536201358        0.0000000000000000     
   2.0849999533966184        0.0000000000000000     
   2.0949999531731009        0.0000000000000000     
   2.1049999529495835        0.0000000000000000     
   2.1149999527260661        0.0000000000000000     
   2.1249999525025487        0.0000000000000000     
   2.1349999522790313        0.0000000000000000     
   2.1449999520555139        0.0000000000000000     
   2.1549999518319964        0.0000000000000000     
   2.1649999516084790        0.0000000000000000     
   2.1749999513849616        0.0000000000000000     
   2.1849999511614442        0.0000000000000000     
   2.1949999509379268        0.0000000000000000     
   2.2049999507144094        0.0000000000000000     
   2.2149999504908919        0.0000000000000000     
   2.2249999502673745        0.0000000000000000     
   2.2349999500438571        0.0000000000000000     
   2.2449999498203397        0.0000000000000000     
   2.2549999495968223        0.0000000000000000     
   2.2649999493733048        0.0000000000000000     
   2.2749999491497874        0.0000000000000000     
   2.2849999489262700        0.0000000000000000     
   2.2949999487027526        0.0000000000000000     
   2.3049999484792352        0.0000000000000000     
   2.3149999482557178        0.0000000000000000     
   2.3249999480322003        0.0000000000000000     
   2.3349999478086829        0.0000000000000000     
   2.3449999475851655        0.0000000000000000     
   2.3549999473616481        0.0000000000000000     
   2.3649999471381307        0.0000000000000000     
   2.3749999469146132        0.0000000000000000     
   2.3849999466910958        0.0000000000000000     
   2.3949999464675784        0.0000000000000000     
   2.4049999462440610        0.0000000000000000     
   2.4149999460205436        0.0000000000000000     
   2.4249999457970262        0.0000000000000000     
   2.4349999455735087        0.0000000000000000     
   2.4449999453499913        0.0000000000000000     
   2.4549999451264739        0.0000000000000000     
   2.4649999449029565        0.0000000000000000     
   2.4749999446794391        0.0000000000000000     
   2.4849999444559216        0.0000000000000000     
   2.4949999442324042        0.0000000000000000     
   2.5049999440088868        0.0000000000000000     
   2.5149999437853694        0.0000000000000000     
   2.5249999435618520        0.0000000000000000     
   2.5349999433383346        0.0000000000000000     
   2.5449999431148171        0.0000000000000000     
   2.5549999428912997        0.0000000000000000     
   2.5649999426677823        0.0000000000000000     
   2.5749999424442649        0.0000000000000000     
   2.5849999422207475        0.0000000000000000     
   2.5949999419972301        0.0000000000000000     
   2.6049999417737126        0.0000000000000000     
   2.6149999415501952        0.0000000000000000     
   2.6249999413266778        0.0000000000000000     
   2.6349999411031604        0.0000000000000000     
   2.6449999408796430        0.0000000000000000     
   2.6549999406561255        0.0000000000000000     
   2.6649999404326081        0.0000000000000000     
   2.6749999402090907        0.0000000000000000     
   2.6849999399855733        0.0000000000000000     
   2.6949999397620559        0.0000000000000000     
   2.7049999395385385        0.0000000000000000     
   2.7149999393150210        0.0000000000000000     
   2.7249999390915036        0.0000000000000000     
   2.7349999388679862        0.0000000000000000     
   2.7449999386444688        0.0000000000000000     
   2.7549999384209514        0.0000000000000000     
   2.7649999381974339        0.0000000000000000     
   2.7749999379739165        0.0000000000000000     
   2.7849999377503991        0.0000000000000000     
   2.7949999375268817        0.0000000000000000     
   2.8049999373033643        0.0000000000000000     
   2.8149999370798469        0.0000000000000000     
   2.8249999368563294        0.0000000000000000     
   2.8349999366328120        0.0000000000000000     
   2.8449999364092946        0.0000000000000000     
   2.8549999361857772        0.0000000000000000     
   2.8649999359622598        0.0000000000000000     
   2.8749999357387424        0.0000000000000000     
   2.8849999355152249        0.0000000000000000     
   2.8949999352917075        0.0000000000000000     
   2.9049999350681901        0.0000000000000000     
   2.9149999348446727        0.0000000000000000     
   2.9249999346211553        0.0000000000000000     
   2.9349999343976378        0.0000000000000000     
   2.9449999341741204        0.0000000000000000     
   2.9549999339506030        0.0000000000000000     
   2.9649999337270856        0.0000000000000000     
   2.9749999335035682        0.0000000000000000     
   2.9849999332800508        0.0000000000000000     
   2.9949999330565333        0.0000000000000000     
   3.0049999328330159        0.0000000000000000     
   3.0149999326094985        0.0000000000000000     
   3.0249999323859811        0.0000000000000000     
   3.0349999321624637        0.0000000000000000     
   3.0449999319389462        0.0000000000000000     
   3.0549999317154288        0.0000000000000000     
   3.0649999314919114        0.0000000000000000     
   3.0749999312683940        0.0000000000000000     
   3.0849999310448766        0.0000000000000000     
   3.0949999308213592        0.0000000000000000     
   3.1049999305978417        0.0000000000000000     
   3.1149999303743243        0.0000000000000000     
   3.1249999301508069        0.0000000000000000     
   3.1349999299272895        0.0000000000000000     
   3.1449999297037721        0.0000000000000000     
   3.1549999294802547        0.0000000000000000     
   3.1649999292567372        0.0000000000000000     
   3.1749999290332198        0.0000000000000000     
   3.1849999288097024        0.0000000000000000     
   3.1949999285861850        0.0000000000000000     
   3.2049999283626676        0.0000000000000000     
   3.2149999281391501        0.0000000000000000     
   3.2249999279156327        0.0000000000000000     
   3.2349999276921153        0.0000000000000000     
   3.2449999274685979        0.0000000000000000     
   3.2549999272450805        0.0000000000000000     
   3.2649999270215631        0.0000000000000000     
   3.2749999267980456        0.0000000000000000     
   3.2849999265745282        0.0000000000000000     
   3.2949999263510108        0.0000000000000000     
   3.3049999261274934        0.0000000000000000     
   3.3149999259039760        0.0000000000000000     
   3.3249999256804585        0.0000000000000000     
   3.3349999254569411        0.0000000000000000     
   3.3449999252334237        0.0000000000000000     
   3.3549999250099063        0.0000000000000000     
   3.3649999247863889        0.0000000000000000     
   3.3749999245628715        0.0000000000000000     
   3.3849999243393540        0.0000000000000000     
   3.3949999241158366        0.0000000000000000     
   3.4049999238923192        0.0000000000000000     
   3.4149999236688018        0.0000000000000000     
   3.4249999234452844        0.0000000000000000     
   3.4349999232217669        0.0000000000000000     
   3.4449999229982495        0.0000000000000000     
   3.4549999227747321        0.0000000000000000     
   3.4649999225512147        0.0000000000000000     
   3.4749999223276973        0.0000000000000000     
   3.4849999221041799        0.0000000000000000     
   3.4949999218806624        0.0000000000000000     
   3.5049999216571450        0.0000000000000000     
   3.5149999214336276        0.0000000000000000     
   3.5249999212101102        0.0000000000000000     
   3.5349999209865928        0.0000000000000000     
   3.5449999207630754        0.0000000000000000     
   3.5549999205395579        0.0000000000000000     
   3.5649999203160405        0.0000000000000000     
   3.5749999200925231        0.0000000000000000     
   3.5849999198690057        0.0000000000000000     
   3.5949999196454883        0.0000000000000000     
   3.6049999194219708        0.0000000000000000     
   3.6149999191984534        0.0000000000000000     
   3.6249999189749360        0.0000000000000000     
   3.6349999187514186        0.0000000000000000     
   3.6449999185279012        9.6793997583444080E-005
   3.6549999183043838        0.0000000000000000     
   3.6649999180808663        0.0000000000000000     
   3.6749999178573489        9.5220138635499510E-005
   3.6849999176338315        0.0000000000000000     
   3.6949999174103141        0.0000000000000000     
   3.7049999171867967        0.0000000000000000     
   3.7149999169632792        0.0000000000000000     
   3.7249999167397618        0.0000000000000000     
   3.7349999165162444        0.0000000000000000     
   3.7449999162927270        0.0000000000000000     
   3.7549999160692096        0.0000000000000000     
   3.7649999158456922        0.0000000000000000     
   3.7749999156221747        0.0000000000000000     
   3.7849999153986573        8.9765973263049856E-005
   3.7949999151751399        0.0000000000000000     
   3.8049999149516225        8.8824790546612902E-005
   3.8149999147281051        0.0000000000000000     
   3.8249999145045877        0.0000000000000000     
   3.8349999142810702        8.7440530058466916E-005
   3.8449999140575528        0.0000000000000000     
   3.8549999138340354        0.0000000000000000     
   3.8649999136105180        8.6088378034007980E-005
   3.8749999133870006        8.5644624493153297E-005
   3.8849999131634831        0.0000000000000000     
   3.8949999129399657        0.0000000000000000     
   3.9049999127164483        0.0000000000000000     
   3.9149999124929309        8.3903484105212676E-005
   3.9249999122694135        1.6695299057620247E-004
   3.9349999120458961        0.0000000000000000     
   3.9449999118223786        0.0000000000000000     
   3.9549999115988612        0.0000000000000000     
   3.9649999113753438        0.0000000000000000     
   3.9749999111518264        8.1389666555151585E-005
   3.9849999109283090        8.0981699158086653E-005
   3.9949999107047915        0.0000000000000000     
   4.0049999104812741        1.6034982616746921E-004
   4.0149999102577567        1.5955206748788467E-004
   4.0249999100342393        2.3814037116330714E-004
   4.0349999098107219        3.1594861446455728E-004
   4.0449999095872045        1.5719418878585548E-004
   4.0549999093636870        1.5641983474584800E-004
   4.0649999091401696        1.5565118845980319E-004
   4.0749999089166522        2.3233229095431652E-004
   4.0849999086931348        2.3119619400143943E-004
   4.0949999084696174        4.6013681986207974E-004
   4.1049999082460999        2.2894885783941789E-004
   4.1149999080225825        7.5945819268236861E-005
   4.1249999077990651        3.7789021812104757E-004
   4.1349999075755477        1.5042586602828848E-004
   4.1449999073520303        4.4910277050630914E-004
   4.1549999071285129        5.9592483565341177E-004
   4.1649999069049954        8.1546669662764439E-004
   4.1749999066814780        6.6400768600349434E-004
   4.1849999064579606        8.0769113855754177E-004
   4.1949999062344432        7.3076817960352890E-004
   4.2049999060109258        7.2729660334702284E-004
   4.2149999057874084        9.4100461842501005E-004
   4.2249999055638909        1.0806408834459697E-003
   4.2349999053403735        7.8873192219202520E-004
   4.2449999051168561        1.1418476355258421E-003
   4.2549999048933387        1.4206085729679620E-003
   4.2649999046698213        1.4846524148800469E-003
   4.2749999044463038        1.4073474280255475E-003
   4.2849999042227864        1.6109043366160179E-003
   4.2949999039992690        1.6731253271426727E-003
   4.3049999037757516        2.3592620095062981E-003
   4.3149999035522342        2.8318211855895706E-003
   4.3249999033287168        2.8874909888712197E-003
   4.3349999031051993        2.3267208685989276E-003
   4.3449999028816819        2.9290883168182568E-003
   4.3549999026581645        4.1361577089554930E-003
   4.3649999024346471        4.8596789018453468E-003
   4.3749999022111297        3.2921797592722173E-003
   4.3849999019876122        3.7453499934040520E-003
   4.3949999017640948        4.9932933544162873E-003
   4.4049999015405774        5.3682999177409986E-003
   4.4149999013170600        5.5419352690349215E-003
   4.4249999010935426        5.2542050360381495E-003
   4.4349999008700252        6.4074084202214200E-003
   4.4449999006465077        7.0294898140792388E-003
   4.4549999004229903        7.7107234393485706E-003
   4.4649999001994729        9.0953573935961193E-003
   4.4749998999759555        9.3116256179446456E-003
   4.4849998997524381        7.7357791034780325E-003
   4.4949998995289207        1.1647568754646164E-002
   4.5049998993054032        1.1532550985129045E-002
   4.5149998990818858        1.2617057232868368E-002
   4.5249998988583684        1.4005908457418137E-002
   4.5349998986348510        1.4632039433713771E-002
   4.5449998984113336        1.5377040818460946E-002
   4.5549998981878161        1.4999686879391431E-002
   4.5649998979642987        1.6661948623698113E-002
   4.5749998977407813        1.9476936877536179E-002
   4.5849998975172639        2.0982586982237057E-002
   4.5949998972937465        2.2474960005190461E-002
   4.6049998970702291        2.2377454908976743E-002
   4.6149998968467116        2.3971250503203298E-002
   4.6249998966231942        2.6392749826644100E-002
   4.6349998963996768        2.6817737338050186E-002
   4.6449998961761594        3.0815037668905518E-002
   4.6549998959526420        3.1573000676278641E-002
   4.6649998957291245        3.3624247069631318E-002
   4.6749998955056071        3.9246976218164475E-002
   4.6849998952820897        4.0778725532040302E-002
   4.6949998950585723        4.1363629749568545E-002
   4.7049998948350549        4.4383107251673590E-002
   4.7149998946115375        4.7029542384371896E-002
   4.7249998943880200        5.2936532198999270E-002
   4.7349998941645026        5.4491309090250122E-002
   4.7449998939409852        6.0716179259350536E-002
   4.7549998937174678        6.3589346995215998E-002
   4.7649998934939504        6.3266086097405541E-002
   4.7749998932704329        7.0277272188498427E-002
   4.7849998930469155        7.3241514032805904E-002
   4.7949998928233981        7.6460106465214492E-002
   4.8049998925998807        8.1823606785239811E-002
   4.8149998923763633        8.7752097173763949E-002
   4.8249998921528459        9.2912675236579728E-002
   4.8349998919293284       0.10111047710063027     
   4.8449998917058110       0.10310403608557332     
   4.8549998914822936       0.10835385978651917     
   4.8649998912587762       0.12214458802391059     
   4.8749998910352588       0.11942540013693327     
   4.8849998908117414       0.13246353937267813     
   4.8949998905882239       0.13788033350428988     
   4.9049998903647065       0.14790223933447280     
   4.9149998901411891       0.15800122959057769     
   4.9249998899176717       0.16472988628889751     
   4.9349998896941543       0.17034667645693749     
   4.9449998894706368       0.17996623439554041     
   4.9549998892471194       0.19181149892629942     
   4.9649998890236020       0.19881267125907651     
   4.9749998888000846       0.21064016788010673     
   4.9849998885765672       0.21843822833153151     
   4.9949998883530498       0.22849166659647194     
   5.0049998881295323       0.24144067405611458     
   5.0149998879060149       0.25387562085143800     
   5.0249998876824975       0.26157516251043650     
   5.0349998874589801       0.27874839052890810     
   5.0449998872354627       0.29199403219822301     
   5.0549998870119452       0.30337133759549056     
   5.0649998867884278       0.31560904648183835     
   5.0749998865649104       0.33259136093815223     
   5.0849998863413930       0.34098283612855385     
   5.0949998861178756       0.36104689309267696     
   5.1049998858943582       0.37843462922592391     
   5.1149998856708407       0.39396339969667316     
   5.1249998854473233       0.41441125480980812     
   5.1349998852238059       0.42289438358256637     
   5.1449998850002885       0.44151065379909221     
   5.1549998847767711       0.46056015026526997     
   5.1649998845532537       0.47704864157525828     
   5.1749998843297362       0.50401880798197707     
   5.1849998841062188       0.52293261722300288     
   5.1949998838827014       0.54193545595359804     
   5.2049998836591840       0.56420624500644379     
   5.2149998834356666       0.58464737225788288     
   5.2249998832121491       0.60681224642539788     
   5.2349998829886317       0.63340236991132182     
   5.2449998827651143       0.64216191619181640     
   5.2549998825415969       0.67944371295134831     
   5.2649998823180795       0.69922632101864413     
   5.2749998820945621       0.72222799478424660     
   5.2849998818710446       0.74854992402461629     
   5.2949998816475272       0.77315439484347825     
   5.3049998814240098       0.80286887284557373     
   5.3149998812004924       0.82538934136084530     
   5.3249998809769750       0.84465114549305254     
   5.3349998807534575       0.88260416585329782     
   5.3449998805299401       0.90478267477399121     
   5.3549998803064227       0.93647627468414441     
   5.3649998800829053       0.96984870931913369     
   5.3749998798593879       0.98431559915196543     
   5.3849998796358705        1.0167179997064071     
   5.3949998794123530        1.0507735123403747     
   5.4049998791888356        1.0872114814321092     
   5.4149998789653182        1.1094265924287101     
   5.4249998787418008        1.1514398538168218     
   5.4349998785182834        1.1772461885764955     
   5.4449998782947659        1.1984743922674888     
   5.4549998780712485        1.2334550242803857     
   5.4649998778477311        1.2771711490604931     
   5.4749998776242137        1.2921589647568625     
   5.4849998774006963        1.3310948046983266     
   5.4949998771771789        1.3754459844823126     
   5.5049998769536614        1.3880641648690801     
   5.5149998767301440        1.4375783669010607     
   5.5249998765066266        1.4630068111919676     
   5.5349998762831092        1.5018847026924653     
   5.5449998760595918        1.5449900248700947     
   5.5549998758360744        1.5664379073215364     
   5.5649998756125569        1.6015082045358393     
   5.5749998753890395        1.6495575068736321     
   5.5849998751655221        1.6665787306932627     
   5.5949998749420047        1.7019954714823062     
   5.6049998747184873        1.7380905768660158     
   5.6149998744949698        1.7705732749713203     
   5.6249998742714524        1.8047244814114294     
   5.6349998740479350        1.8391893299126829     
   5.6449998738244176        1.8830441065759860     
   5.6549998736009002        1.9021674902008963     
   5.6649998733773828        1.9486738713015230     
   5.6749998731538653        1.9695245753142769     
   5.6849998729303479        1.9944742587085265     
   5.6949998727068305        2.0229639232118379     
   5.7049998724833131        2.0539681036161910     
   5.7149998722597957        2.0996265126819429     
   5.7249998720362782        2.1101506874582285     
   5.7349998718127608        2.1581638601642905     
   5.7449998715892434        2.1890367556025918     
   5.7549998713657260        2.2189444782196532     
   5.7649998711422086        2.2404285409560689     
   5.7749998709186912        2.2503367887114072     
   5.7849998706951737        2.3018565347061513     
   5.7949998704716563        2.3160533462404982     
   5.8049998702481389        2.3429614262844516     
   5.8149998700246215        2.3776955331868064     
   5.8249998698011041        2.3992911435973285     
   5.8349998695775867        2.4218957822845546     
   5.8449998693540692        2.4488112317551649     
   5.8549998691305518        2.4887336496947170     
   5.8649998689070344        2.4891146104871344     
   5.8749998686835170        2.5342635388651669     
   5.8849998684599996        2.5473063128321631     
   5.8949998682364821        2.5586548037642154     
   5.9049998680129647        2.5845536717181279     
   5.9149998677894473        2.5893117156758696     
   5.9249998675659299        2.6234388646484890     
   5.9349998673424125        2.6469528891396097     
   5.9449998671188951        2.6665097976801895     
   5.9549998668953776        2.6594112694778862     
   5.9649998666718602        2.6686818964290429     
   5.9749998664483428        2.7013259373319771     
   5.9849998662248254        2.7292134700220188     
   5.9949998660013080        2.7196151514449336     
   6.0049998657777905        2.7413420122830465     
   6.0149998655542731        2.7701250083809446     
   6.0249998653307557        2.7505926365410969     
   6.0349998651072383        2.7723450510205683     
   6.0449998648837209        2.7817619623804739     
   6.0549998646602035        2.7741246010455107     
   6.0649998644366860        2.8102235132756603     
   6.0749998642131686        2.7960312541885757     
   6.0849998639896512        2.8073404297878870     
   6.0949998637661338        2.7942242607766663     
   6.1049998635426164        2.7956016619510753     
   6.1149998633190989        2.8199286176771565     
   6.1249998630955815        2.8054491996477680     
   6.1349998628720641        2.8236791881015715     
   6.1449998626485467        2.8102734948212311     
   6.1549998624250293        2.7993501046168445     
   6.1649998622015119        2.7950469035865426     
   6.1749998619779944        2.8105542578330605     
   6.1849998617544770        2.8172398806777870     
   6.1949998615309596        2.8006460092293133     
   6.2049998613074422        2.8055544603049927     
   6.2149998610839248        2.7782218853692635     
   6.2249998608604074        2.7895469711681500     
   6.2349998606368899        2.7704173598815189     
   6.2449998604133725        2.7570345195083368     
   6.2549998601898551        2.7399430733391021     
   6.2649998599663377        2.7448331989439070     
   6.2749998597428203        2.7197616981512147     
   6.2849998595193028        2.7298010475341838     
   6.2949998592957854        2.7037078649191679     
   6.3049998590722680        2.6963999227631565     
   6.3149998588487506        2.6911240230892761     
   6.3249998586252332        2.6686378979451399     
   6.3349998584017158        2.6415376771542327     
   6.3449998581781983        2.6337928605841889     
   6.3549998579546809        2.6202564220162081     
   6.3649998577311635        2.6078712416674823     
   6.3749998575076461        2.5850452039563452     
   6.3849998572841287        2.5688473989113136     
   6.3949998570606112        2.5484615599184761     
   6.4049998568370938        2.5222656983623386     
   6.4149998566135764        2.5415644500226042     
   6.4249998563900590        2.4902009351614467     
   6.4349998561665416        2.4767530802109481     
   6.4449998559430242        2.4547078950058028     
   6.4549998557195067        2.4467995469694706     
   6.4649998554959893        2.4190518807426660     
   6.4749998552724719        2.3979359445753476     
   6.4849998550489545        2.3993530782119938     
   6.4949998548254371        2.3496268752807623     
   6.5049998546019197        2.3364820644593514     
   6.5149998543784022        2.3096212073927571     
   6.5249998541548848        2.2885018866807343     
   6.5349998539313674        2.2850567369199672     
   6.5449998537078500        2.2491993195068698     
   6.5549998534843326        2.2230973933343887     
   6.5649998532608151        2.1963979878240965     
   6.5749998530372977        2.1821066215585097     
   6.5849998528137803        2.1592912433980751     
   6.5949998525902629        2.1274973270922772     
   6.6049998523667455        2.1148402654317020     
   6.6149998521432281        2.0864093166229432     
   6.6249998519197106        2.0663736413708853     
   6.6349998516961932        2.0410157454908395     
   6.6449998514726758        2.0231694364042849     
   6.6549998512491584        2.0124770185378544     
   6.6649998510256410        1.9779561498262466     
   6.6749998508021235        1.9523784416288197     
   6.6849998505786061        1.9342253151948410     
   6.6949998503550887        1.9000763203446016     
   6.7049998501315713        1.8829135874501615     
   6.7149998499080539        1.8659586664664620     
   6.7249998496845365        1.8608968754606374     
   6.7349998494610190        1.8157402229907416     
   6.7449998492375016        1.7916192324076614     
   6.7549998490139842        1.7830493163217189     
   6.7649998487904668        1.7446236838504023     
   6.7749998485669494        1.7212661101118956     
   6.7849998483434319        1.7168944779647703     
   6.7949998481199145        1.6691747049010832     
   6.8049998478963971        1.6585795787077930     
   6.8149998476728797        1.6358561144062298     
   6.8249998474493623        1.6300720137458307     
   6.8349998472258449        1.6030359834813921     
   6.8449998470023274        1.5866631166320475     
   6.8549998467788100        1.5644949692320913     
   6.8649998465552926        1.5349178303825632     
   6.8749998463317752        1.5329862167857375     
   6.8849998461082578        1.4928072738719269     
   6.8949998458847404        1.4714655406724340     
   6.9049998456612229        1.4724661769339578     
   6.9149998454377055        1.4453503910159677     
   6.9249998452141881        1.4150060816481496     
   6.9349998449906707        1.4064627866016157     
   6.9449998447671533        1.3928702763835468     
   6.9549998445436358        1.3659774210197431     
   6.9649998443201184        1.3481403481669543     
   6.9749998440966010        1.3333075669550680     
   6.9849998438730836        1.3059287034830560     
   6.9949998436495662        1.3072437395113277     
   7.0049998434260488        1.2836487199061051     
   7.0149998432025313        1.2637891781621327     
   7.0249998429790139        1.2548778094583068     
   7.0349998427554965        1.2307590254273462     
   7.0449998425319791        1.2126019704810436     
   7.0549998423084617        1.1973849623534067     
   7.0649998420849442        1.1892055660330654     
   7.0749998418614268        1.1654728080462213     
   7.0849998416379094        1.1512714182711099     
   7.0949998414143920        1.1342330545872705     
   7.1049998411908746        1.1200882440257991     
   7.1149998409673572        1.1039607325101790     
   7.1249998407438397        1.0916937919800158     
   7.1349998405203223        1.0808048244254436     
   7.1449998402968049        1.0619114919830017     
   7.1549998400732875        1.0486208270078943     
   7.1649998398497701        1.0295384227106232     
   7.1749998396262527        1.0300429873610251     
   7.1849998394027352        1.0168148273925786     
   7.1949998391792178        1.0085748431900778     
   7.2049998389557004       0.99093820525917131     
   7.2149998387321830       0.97576700667942518     
   7.2249998385086656       0.96006004922734278     
   7.2349998382851481       0.95229784474101142     
   7.2449998380616307       0.94479530853930627     
   7.2549998378381133       0.92975639845805103     
   7.2649998376145959       0.92225244698700770     
   7.2749998373910785       0.91677868145552310     
   7.2849998371675611       0.90505545433753809     
   7.2949998369440436       0.89102481422987601     
   7.3049998367205262       0.88593607551815334     
   7.3149998364970088       0.86743714868253508     
   7.3249998362734914       0.86128342192478102     
   7.3349998360499740       0.84849120634825892     
   7.3449998358264565       0.84668297496358036     
   7.3549998356029391       0.83085554631590408     
   7.3649998353794217       0.82490237560687896     
   7.3749998351559043       0.81049024569628814     
   7.3849998349323869       0.80638679354658749     
   7.3949998347088695       0.79830480224067923     
   7.4049998344853520       0.78873906915837932     
   7.4149998342618346       0.77456748415414844     
   7.4249998340383172       0.76641760558654515     
   7.4349998338147998       0.75519138408449515     
   7.4449998335912824       0.74882536305171721     
   7.4549998333677649       0.73804803146943487     
   7.4649998331442475       0.73351042556880330     
   7.4749998329207301       0.72156042141573695     
   7.4849998326972127       0.71306882257090221     
   7.4949998324736953       0.71299873721236406     
   7.5049998322501779       0.70849710198358651     
   7.5149998320266604       0.69795975002645538     
   7.5249998318031430       0.68849785285877974     
   7.5349998315796256       0.68250391349579553     
   7.5449998313561082       0.68311313715629196     
   7.5549998311325908       0.66102832693039926     
   7.5649998309090734       0.65827068286692381     
   7.5749998306855559       0.64718806497792436     
   7.5849998304620385       0.64436505402982558     
   7.5949998302385211       0.64717274703720296     
   7.6049998300150037       0.63115229170144371     
   7.6149998297914863       0.62745543583805341     
   7.6249998295679688       0.62324493528660230     
   7.6349998293444514       0.60954602617273279     
   7.6449998291209340       0.60755638247618526     
   7.6549998288974166       0.59879376636575121     
   7.6649998286738992       0.59517484039289070     
   7.6749998284503818       0.58725005949535625     
   7.6849998282268643       0.58467755731534699     
   7.6949998280033469       0.57418924431537588     
   7.7049998277798295       0.57371789257399430     
   7.7149998275563121       0.56220645200358266     
   7.7249998273327947       0.56273444112846049     
   7.7349998271092772       0.55472458987436002     
   7.7449998268857598       0.54799765502337738     
   7.7549998266622424       0.54532366041380953     
   7.7649998264387250       0.53775605350168310     
   7.7749998262152076       0.53686294291978165     
   7.7849998259916902       0.52695453632872480     
   7.7949998257681727       0.51728565696565731     
   7.8049998255446553       0.51737538396215454     
   7.8149998253211379       0.51651541650967803     
   7.8249998250976205       0.50540883746849852     
   7.8349998248741031       0.50493654543778255     
   7.8449998246505857       0.50515457706474731     
   7.8549998244270682       0.49467762255631548     
   7.8649998242035508       0.48872205005895075     
   7.8749998239800334       0.48534574489046450     
   7.8849998237565160       0.47515917359653603     
   7.8949998235329986       0.47711292187380139     
   7.9049998233094811       0.46989728362682209     
   7.9149998230859637       0.47209775774713864     
   7.9249998228624463       0.46599285518850131     
   7.9349998226389289       0.46008060361796277     
   7.9449998224154115       0.45018313326080261     
   7.9549998221918941       0.44874719263788104     
   7.9649998219683766       0.44762110240738129     
   7.9749998217448592       0.44647902554123514     
   7.9849998215213418       0.44296126806333536     
   7.9949998212978244       0.43720637239517701     
   8.0049998210743070       0.42830796504107249     
   8.0149998208507895       0.42920170207003050     
   8.0249998206272721       0.42635547711386984     
   8.0349998204037547       0.42244644594455472     
   8.0449998201802373       0.41978744328052459     
   8.0549998199567199       0.40954911770602220     
   8.0649998197332025       0.41215227233615465     
   8.0749998195096850       0.40286842959985231     
   8.0849998192861676       0.40511860633529179     
   8.0949998190626502       0.40317631325706771     
   8.1049998188391328       0.39566303032638506     
   8.1149998186156154       0.39472754813601857     
   8.1249998183920979       0.39301625548165836     
   8.1349998181685805       0.38515207785489480     
   8.1449998179450631       0.38709525643870224     
   8.1549998177215457       0.38608848213828695     
   8.1649998174980283       0.38030156555476352     
   8.1749998172745109       0.37956416130509324     
   8.1849998170509934       0.37560432787509657     
   8.1949998168274760       0.37060948607363997     
   8.2049998166039586       0.37641158281148662     
   8.2149998163804412       0.37164645608500368     
   8.2249998161569238       0.36346264729102523     
   8.2349998159334064       0.36206844468177468     
   8.2449998157098889       0.36391481495031214     
   8.2549998154863715       0.36356207152210712     
   8.2649998152628541       0.36669277827919183     
   8.2749998150393367       0.35743093363748341     
   8.2849998148158193       0.35729928915332587     
   8.2949998145923018       0.35724200044341653     
   8.3049998143687844       0.35401428647077887     
   8.3149998141452670       0.35632533658236176     
   8.3249998139217496       0.35418947691130709     
   8.3349998136982322       0.35374734653408418     
   8.3449998134747148       0.34750774994745420     
   8.3549998132511973       0.34942135874108221     
   8.3649998130276799       0.34783290005051670     
   8.3749998128041625       0.35085303974588194     
   8.3849998125806451       0.35014471713340489     
   8.3949998123571277       0.34502288759964045     
   8.4049998121336102       0.34782498981459009     
   8.4149998119100928       0.34365721155634193     
   8.4249998116865754       0.34693650036445772     
   8.4349998114630580       0.34457801820295719     
   8.4449998112395406       0.34926221573073979     
   8.4549998110160232       0.34766299325504646     
   8.4649998107925057       0.34441923224186205     
   8.4749998105689883       0.34392920566921664     
   8.4849998103454709       0.34942443793198941     
   8.4949998101219535       0.34749739963663417     
   8.5049998098984361       0.34477842053813879     
   8.5149998096749187       0.35377751288995196     
   8.5249998094514012       0.35388586764650626     
   8.5349998092278838       0.35118579933101601     
   8.5449998090043664       0.35175569538903129     
   8.5549998087808490       0.35680264807019663     
   8.5649998085573316       0.35449742620448066     
   8.5749998083338141       0.35396841242674210     
   8.5849998081102967       0.35776817807192246     
   8.5949998078867793       0.35382010536410308     
   8.6049998076632619       0.36246361298728680     
   8.6149998074397445       0.36138004704343291     
   8.6249998072162271       0.36635106079677188     
   8.6349998069927096       0.36138094140876736     
   8.6449998067691922       0.36481279904046582     
   8.6549998065456748       0.36699177313069531     
   8.6649998063221574       0.36939951447982700     
   8.6749998060986400       0.37304264774778484     
   8.6849998058751225       0.37261032203997696     
   8.6949998056516051       0.37986752126356649     
   8.7049998054280877       0.38096389582371781     
   8.7149998052045703       0.38230822124585478     
   8.7249998049810529       0.38499684509024135     
   8.7349998047575355       0.38988011170384052     
   8.7449998045340180       0.39198221513569886     
   8.7549998043105006       0.39053361614617110     
   8.7649998040869832       0.39640572138210939     
   8.7749998038634658       0.39715617308003259     
   8.7849998036399484       0.40190136685995775     
   8.7949998034164310       0.40572619325804959     
   8.8049998031929135       0.40792361448741321     
   8.8149998029693961       0.41141747907886916     
   8.8249998027458787       0.41671084997209473     
   8.8349998025223613       0.41552093769472964     
   8.8449998022988439       0.42240637892489685     
   8.8549998020753264       0.42615991250692992     
   8.8649998018518090       0.42729358760502989     
   8.8749998016282916       0.43872342524785485     
   8.8849998014047742       0.43602594073196965     
   8.8949998011812568       0.44314044223234711     
   8.9049998009577394       0.44876235665064396     
   8.9149998007342219       0.44833867363448121     
   8.9249998005107045       0.45606878428013026     
   8.9349998002871871       0.46682379664461998     
   8.9449998000636697       0.46751644379113450     
   8.9549997998401523       0.46754733353304040     
   8.9649997996166348       0.46604084026150822     
   8.9749997993931174       0.48326709518066724     
   8.9849997991696000       0.47838477622100911     
   8.9949997989460826       0.48679470170371508     
   9.0049997987225652       0.49147096021725367     
   9.0149997984990478       0.49816656060628078     
   9.0249997982755303       0.50288927166988240     
   9.0349997980520129       0.50478567544062403     
   9.0449997978284955       0.51666979023977289     
   9.0549997976049781       0.51427449046466711     
   9.0649997973814607       0.51744416699601670     
   9.0749997971579432       0.52517391545947045     
   9.0849997969344258       0.52721251194762364     
   9.0949997967109084       0.53258341903318118     
   9.1049997964873910       0.54109403651360188     
   9.1149997962638736       0.54465934320812037     
   9.1249997960403562       0.55185266663545063     
   9.1349997958168387       0.55606973155099348     
   9.1449997955933213       0.56108203128115453     
   9.1549997953698039       0.56990701417702161     
   9.1649997951462865       0.56624503317155384     
   9.1749997949227691       0.58151029729063564     
   9.1849997946992517       0.58608303937324280     
   9.1949997944757342       0.58880927800335248     
   9.2049997942522168       0.58916980265627272     
   9.2149997940286994       0.60353597772093404     
   9.2249997938051820       0.60976890544229956     
   9.2349997935816646       0.60936887329569100     
   9.2449997933581471       0.61512308332538468     
   9.2549997931346297       0.62717182775336888     
   9.2649997929111123       0.63134684939877550     
   9.2749997926875949       0.63463536768954976     
   9.2849997924640775       0.63823643474829217     
   9.2949997922405601       0.65009652982739430     
   9.3049997920170426       0.65318554779340465     
   9.3149997917935252       0.65763816430401323     
   9.3249997915700078       0.66653654140195362     
   9.3349997913464904       0.66900526934973570     
   9.3449997911229730       0.67517286409754174     
   9.3549997908994555       0.68428087080118660     
   9.3649997906759381       0.69502005877391171     
   9.3749997904524207       0.69680105728449027     
   9.3849997902289033       0.69882110357430949     
   9.3949997900053859       0.70619261904205810     
   9.4049997897818685       0.71297874833049291     
   9.4149997895583510       0.72234588154805790     
   9.4249997893348336       0.72285513383489475     
   9.4349997891113162       0.73520666098347398     
   9.4449997888877988       0.73440029204525681     
   9.4549997886642814       0.74754948460185733     
   9.4649997884407640       0.75649290900691357     
   9.4749997882172465       0.75524072560131816     
   9.4849997879937291       0.76326927066259431     
   9.4949997877702117       0.77022103404475284     
   9.5049997875466943       0.77368290624032232     
   9.5149997873231769       0.78870520378569553     
   9.5249997870996594       0.78902028210302688     
   9.5349997868761420       0.79627748937401377     
   9.5449997866526246       0.80196399401696339     
   9.5549997864291072       0.80766721889476889     
   9.5649997862055898       0.81732281088302916     
   9.5749997859820724       0.81732780020237539     
   9.5849997857585549       0.82808129258386476     
   9.5949997855350375       0.83915138754018592     
   9.6049997853115201       0.84101532067793872     
   9.6149997850880027       0.84178466316491651     
   9.6249997848644853       0.85611140262461127     
   9.6349997846409678       0.84847546738420032     
   9.6449997844174504       0.85787307985026706     
   9.6549997841939330       0.87105132709662669     
   9.6649997839704156       0.87881785414748326     
   9.6749997837468982       0.88203043490977695     
   9.6849997835233808       0.88917642425348453     
   9.6949997832998633       0.88783562176495767     
   9.7049997830763459       0.89190534826619206     
   9.7149997828528285       0.90835581236893947     
   9.7249997826293111       0.91327392652357031     
   9.7349997824057937       0.92210515333485232     
   9.7449997821822762       0.92182514396917459     
   9.7549997819587588       0.92942310167269715     
   9.7649997817352414       0.93739261360979154     
   9.7749997815117240       0.94126299133617841     
   9.7849997812882066       0.94968228163271018     
   9.7949997810646892       0.95472764606229610     
   9.8049997808411717       0.95593810701128745     
   9.8149997806176543       0.96676660306821183     
   9.8249997803941369       0.97343247048579273     
   9.8349997801706195       0.97746338199526084     
   9.8449997799471021       0.98483277241473921     
   9.8549997797235847       0.98486105887680453     
   9.8649997795000672       0.99675379531585950     
   9.8749997792765498       0.99881107938365910     
   9.8849997790530324        1.0081228995674714     
   9.8949997788295150        1.0119836596328078     
   9.9049997786059976        1.0166132582910283     
   9.9149997783824801        1.0260622937016453     
   9.9249997781589627        1.0333432089545616     
   9.9349997779354453        1.0327232858564763     
   9.9449997777119279        1.0403344859661019     
   9.9549997774884105        1.0509495612216135     
   9.9649997772648931        1.0587873813479012     
   9.9749997770413756        1.0544683775711077     
   9.9849997768178582        1.0623280633994026     
   9.9949997765943408        1.0702185642050248     
   10.004999776370823        1.0737972840025980     
   10.014999776147306        1.0753465941362657     
   10.024999775923789        1.0833751716394078     
   10.034999775700271        1.0889687671385779     
   10.044999775476754        1.0970487403603859     
   10.054999775253236        1.1038351741281009     
   10.064999775029719        1.1095642291691892     
   10.074999774806201        1.1091237503150342     
   10.084999774582684        1.1173947009529250     
   10.094999774359167        1.1286214639627874     
   10.104999774135649        1.1260991143428769     
   10.114999773912132        1.1389316740595534     
   10.124999773688614        1.1324806331540989     
   10.134999773465097        1.1389732213937580     
   10.144999773241580        1.1499362572707397     
   10.154999773018062        1.1631734357018935     
   10.164999772794545        1.1547501101632969     
   10.174999772571027        1.1599095181651773     
   10.184999772347510        1.1661745871303837     
   10.194999772123992        1.1742564078986886     
   10.204999771900475        1.1829217567025319     
   10.214999771676958        1.1827389691695638     
   10.224999771453440        1.1879298818135284     
   10.234999771229923        1.1824546939579519     
   10.244999771006405        1.1892264659397838     
   10.254999770782888        1.2010810922313193     
   10.264999770559371        1.2065042502412684     
   10.274999770335853        1.2075919857145521     
   10.284999770112336        1.2157000988467814     
   10.294999769888818        1.2141039360569552     
   10.304999769665301        1.2188936991651740     
   10.314999769441783        1.2265513199624916     
   10.324999769218266        1.2341046226864523     
   10.334999768994749        1.2321389702630614     
   10.344999768771231        1.2401043457861298     
   10.354999768547714        1.2457699098716259     
   10.364999768324196        1.2530991243106133     
   10.374999768100679        1.2482593865391651     
   10.384999767877162        1.2552648038707910     
   10.394999767653644        1.2613007634676456     
   10.404999767430127        1.2582360798823280     
   10.414999767206609        1.2654004012316857     
   10.424999766983092        1.2696713667910842     
   10.434999766759574        1.2792618740275157     
   10.444999766536057        1.2759883919319732     
   10.454999766312540        1.2801959263359994     
   10.464999766089022        1.2806978710103738     
   10.474999765865505        1.2799883840233690     
   10.484999765641987        1.2872455232796776     
   10.494999765418470        1.2926629756219705     
   10.504999765194952        1.2933378610327348     
   10.514999764971435        1.2978112501858914     
   10.524999764747918        1.3047612734314931     
   10.534999764524400        1.3055530077545232     
   10.544999764300883        1.3132669070690159     
   10.554999764077365        1.3103063875540575     
   10.564999763853848        1.3104539712448655     
   10.574999763630331        1.3139795378989005     
   10.584999763406813        1.3295527097264448     
   10.594999763183296        1.3179593282681781     
   10.604999762959778        1.3265779896716547     
   10.614999762736261        1.3230068950984570     
   10.624999762512743        1.3278880856393842     
   10.634999762289226        1.3251305411534935     
   10.644999762065709        1.3335709900888719     
   10.654999761842191        1.3376163179712623     
   10.664999761618674        1.3335035714494912     
   10.674999761395156        1.3329022824269179     
   10.684999761171639        1.3480029969796861     
   10.694999760948122        1.3390860997667078     
   10.704999760724604        1.3381004432929999     
   10.714999760501087        1.3494261042304561     
   10.724999760277569        1.3485878935446960     
   10.734999760054052        1.3436996118313040     
   10.744999759830534        1.3491303947038671     
   10.754999759607017        1.3358494695383627     
   10.764999759383500        1.3554190348576320     
   10.774999759159982        1.3572242443765932     
   10.784999758936465        1.3518118294627455     
   10.794999758712947        1.3544952366691998     
   10.804999758489430        1.3592372649520847     
   10.814999758265913        1.3513483136162396     
   10.824999758042395        1.3549107179378295     
   10.834999757818878        1.3559929499624168     
   10.844999757595360        1.3613222685649164     
   10.854999757371843        1.3561522133174426     
   10.864999757148325        1.3661196408383152     
   10.874999756924808        1.3583454262103178     
   10.884999756701291        1.3576416591331566     
   10.894999756477773        1.3537421528142715     
   10.904999756254256        1.3650593552515395     
   10.914999756030738        1.3634875608247052     
   10.924999755807221        1.3549265208849559     
   10.934999755583704        1.3573107201928170     
   10.944999755360186        1.3634949620843793     
   10.954999755136669        1.3547703185164202     
   10.964999754913151        1.3623761137748014     
   10.974999754689634        1.3545989406748706     
   10.984999754466116        1.3642403861640262     
   10.994999754242599        1.3624514090844060     
   11.004999754019082        1.3569395810448099     
   11.014999753795564        1.3634650520881746     
   11.024999753572047        1.3625480311109746     
   11.034999753348529        1.3505326351980875     
   11.044999753125012        1.3609491555151645     
   11.054999752901495        1.3609820014277276     
   11.064999752677977        1.3586701880148291     
   11.074999752454460        1.3558507507010202     
   11.084999752230942        1.3507786589284920     
   11.094999752007425        1.3502984020418372     
   11.104999751783907        1.3563769799585406     
   11.114999751560390        1.3505856337935060     
   11.124999751336873        1.3535618562704015     
   11.134999751113355        1.3501879101201049     
   11.144999750889838        1.3502198082171581     
   11.154999750666320        1.3424155981932524     
   11.164999750442803        1.3412499524924069     
   11.174999750219285        1.3437317839524303     
   11.184999749995768        1.3448354268296603     
   11.194999749772251        1.3437473613325670     
   11.204999749548733        1.3432039060913408     
   11.214999749325216        1.3395008585200523     
   11.224999749101698        1.3431166250679676     
   11.234999748878181        1.3341961004574108     
   11.244999748654664        1.3365634590610256     
   11.254999748431146        1.3339864165668029     
   11.264999748207629        1.3286295613012440     
   11.274999747984111        1.3372092774229638     
   11.284999747760594        1.3357694668566855     
   11.294999747537076        1.3274579267452471     
   11.304999747313559        1.3287329942026718     
   11.314999747090042        1.3259434456110817     
   11.324999746866524        1.3252974061748617     
   11.334999746643007        1.3253121907339847     
   11.344999746419489        1.3182308327789465     
   11.354999746195972        1.3250960604615947     
   11.364999745972455        1.3198877809843437     
   11.374999745748937        1.3166437961574371     
   11.384999745525420        1.3114645516700716     
   11.394999745301902        1.3176020316364327     
   11.404999745078385        1.3102996714385982     
   11.414999744854867        1.3117750473580569     
   11.424999744631350        1.3070659500885200     
   11.434999744407833        1.3090098914609583     
   11.444999744184315        1.3009603903291960     
   11.454999743960798        1.3036000645336514     
   11.464999743737280        1.3071286386320649     
   11.474999743513763        1.3006322895028177     
   11.484999743290246        1.3003864959187970     
   11.494999743066728        1.2975604679723427     
   11.504999742843211        1.2987062689892108     
   11.514999742619693        1.2903801524492553     
   11.524999742396176        1.2909108841967323     
   11.534999742172658        1.2820046516041013     
   11.544999741949141        1.2891436908085896     
   11.554999741725624        1.2737275146243281     
   11.564999741502106        1.2794581719833169     
   11.574999741278589        1.2808478241946737     
   11.584999741055071        1.2736070632141514     
   11.594999740831554        1.2810913541529696     
   11.604999740608037        1.2835538921839831     
   11.614999740384519        1.2703632758185988     
   11.624999740161002        1.2730984550573832     
   11.634999739937484        1.2727919464477699     
   11.644999739713967        1.2702465266664107     
   11.654999739490449        1.2662784256567634     
   11.664999739266932        1.2649399644886976     
   11.674999739043415        1.2605851121339648     
   11.684999738819897        1.2580987720275210     
   11.694999738596380        1.2606212182512961     
   11.704999738372862        1.2517568464409392     
   11.714999738149345        1.2545683259661777     
   11.724999737925828        1.2499503220772072     
   11.734999737702310        1.2525835750144225     
   11.744999737478793        1.2441307861899811     
   11.754999737255275        1.2444346753743396     
   11.764999737031758        1.2484056572774249     
   11.774999736808240        1.2440322571075959     
   11.784999736584723        1.2380792737524238     
   11.794999736361206        1.2352783103638916     
   11.804999736137688        1.2316083884755411     
   11.814999735914171        1.2283268275786510     
   11.824999735690653        1.2335985204459257     
   11.834999735467136        1.2303119809501966     
   11.844999735243618        1.2188404906147656     
   11.854999735020101        1.2238217772409832     
   11.864999734796584        1.2211294214144099     
   11.874999734573066        1.2215997818056625     
   11.884999734349549        1.2134906037979123     
   11.894999734126031        1.2127962923770947     
   11.904999733902514        1.2152148832545737     
   11.914999733678997        1.2089184438929150     
   11.924999733455479        1.2156728027657320     
   11.934999733231962        1.2069466392986941     
   11.944999733008444        1.2034214672568564     
   11.954999732784927        1.2007162134965348     
   11.964999732561409        1.1974973083144369     
   11.974999732337892        1.2013542128294554     
   11.984999732114375        1.1971568059915532     
   11.994999731890857        1.1930521631020286     
   12.004999731667340        1.1982574779764605     
   12.014999731443822        1.1901169594198973     
   12.024999731220305        1.1875869799732701     
   12.034999730996788        1.1823202304358504     
   12.044999730773270        1.1840098448806295     
   12.054999730549753        1.1883647191467375     
   12.064999730326235        1.1784090794905322     
   12.074999730102718        1.1739620064952161     
   12.084999729879200        1.1714035889769083     
   12.094999729655683        1.1724299092592763     
   12.104999729432166        1.1725911579718680     
   12.114999729208648        1.1679575329385405     
   12.124999728985131        1.1696794759751643     
   12.134999728761613        1.1654120442313349     
   12.144999728538096        1.1652025241955204     
   12.154999728314579        1.1515526777204628     
   12.164999728091061        1.1595233773419480     
   12.174999727867544        1.1478592073636060     
   12.184999727644026        1.1479767321960168     
   12.194999727420509        1.1508248723405272     
   12.204999727196991        1.1441570669082546     
   12.214999726973474        1.1421551848605493     
   12.224999726749957        1.1409585751341174     
   12.234999726526439        1.1415340636227054     
   12.244999726302922        1.1395416826934224     
   12.254999726079404        1.1355505807822204     
   12.264999725855887        1.1324429593355669     
   12.274999725632370        1.1366413313275321     
   12.284999725408852        1.1262194483077252     
   12.294999725185335        1.1277145130150383     
   12.304999724961817        1.1204805318238542     
   12.314999724738300        1.1164483970559833     
   12.324999724514782        1.1191243445740628     
   12.334999724291265        1.1164568654934368     
   12.344999724067748        1.1104633782612958     
   12.354999723844230        1.1132411644340809     
   12.364999723620713        1.1110459357924016     
   12.374999723397195        1.1026589438159677     
   12.384999723173678        1.1031846290025720     
   12.394999722950161        1.1038913337075451     
   12.404999722726643        1.0970396022258213     
   12.414999722503126        1.0907174609826447     
   12.424999722279608        1.0856804206350712     
   12.434999722056091        1.0889915208044065     
   12.444999721832573        1.0863038573774262     
   12.454999721609056        1.0763696389089443     
   12.464999721385539        1.0803128697590971     
   12.474999721162021        1.0763835155860881     
   12.484999720938504        1.0772917504113539     
   12.494999720714986        1.0723556380444683     
   12.504999720491469        1.0697530627170708     
   12.514999720267951        1.0632409124241216     
   12.524999720044434        1.0604371204476515     
   12.534999719820917        1.0599080403246643     
   12.544999719597399        1.0543865051891896     
   12.554999719373882        1.0480327257558832     
   12.564999719150364        1.0536147236439071     
   12.574999718926847        1.0496788066758562     
   12.584999718703330        1.0485472236844156     
   12.594999718479812        1.0340417531022688     
   12.604999718256295        1.0350565194107701     
   12.614999718032777        1.0337717439946459     
   12.624999717809260        1.0345068088049598     
   12.634999717585742        1.0282460663305322     
   12.644999717362225        1.0256954617340628     
   12.654999717138708        1.0218106097723303     
   12.664999716915190        1.0200132492817067     
   12.674999716691673        1.0122007141899951     
   12.684999716468155        1.0146894223941993     
   12.694999716244638        1.0101310740466281     
   12.704999716021121        1.0059124608643426     
   12.714999715797603        1.0031694858338280     
   12.724999715574086       0.99828955580223722     
   12.734999715350568       0.99729330661980775     
   12.744999715127051       0.99269669042300190     
   12.754999714903533       0.99175730275917018     
   12.764999714680016       0.98871240222340906     
   12.774999714456499       0.98417863130651662     
   12.784999714232981       0.97961062413967781     
   12.794999714009464       0.97342178581117789     
   12.804999713785946       0.97390982082919741     
   12.814999713562429       0.97126282483253856     
   12.824999713338912       0.96759866053171717     
   12.834999713115394       0.96465511626004574     
   12.844999712891877       0.96313811927926074     
   12.854999712668359       0.95694760132686596     
   12.864999712444842       0.95212714944719512     
   12.874999712221324       0.95219253163112016     
   12.884999711997807       0.94896453361960287     
   12.894999711774290       0.94644145462371654     
   12.904999711550772       0.93439615091026396     
   12.914999711327255       0.93711312273938130     
   12.924999711103737       0.93907385659712361     
   12.934999710880220       0.92589330950224347     
   12.944999710656703       0.92476265702272020     
   12.954999710433185       0.92663807992942759     
   12.964999710209668       0.92299814600413788     
   12.974999709986150       0.91387598214140375     
   12.984999709762633       0.91614520256556464     
   12.994999709539115       0.91066152417534585     
   13.004999709315598       0.90733025244380983     
   13.014999709092081       0.90777376486009198     
   13.024999708868563       0.90327246906474157     
   13.034999708645046       0.90151621548919292     
   13.044999708421528       0.89979451189434467     
   13.054999708198011       0.89746583532902746     
   13.064999707974494       0.89370423959207501     
   13.074999707750976       0.88987035011593729     
   13.084999707527459       0.88556642980159916     
   13.094999707303941       0.88201706458154205     
   13.104999707080424       0.87613373275337525     
   13.114999706856906       0.87656265311454229     
   13.124999706633389       0.87598143907831849     
   13.134999706409872       0.86890863089688875     
   13.144999706186354       0.86865882629027691     
   13.154999705962837       0.86275359334432755     
   13.164999705739319       0.85927678292299814     
   13.174999705515802       0.85864706548741954     
   13.184999705292284       0.86021531909188964     
   13.194999705068767       0.85792220312911760     
   13.204999704845250       0.84879096675594790     
   13.214999704621732       0.85208722758762256     
   13.224999704398215       0.84518157970845043     
   13.234999704174697       0.84375803688083073     
   13.244999703951180       0.84287296215064755     
   13.254999703727663       0.83933992037247462     
   13.264999703504145       0.83318550431725713     
   13.274999703280628       0.83241964026198179     
   13.284999703057110       0.82946917878308690     
   13.294999702833593       0.83057186625476753     
   13.304999702610075       0.82251685868659208     
   13.314999702386558       0.82363931095816989     
   13.324999702163041       0.81388595526179308     
   13.334999701939523       0.81180513008116562     
   13.344999701716006       0.81755013499521501     
   13.354999701492488       0.81670119564200827     
   13.364999701268971       0.80899270222503161     
   13.374999701045454       0.81114061355084000     
   13.384999700821936       0.81171638855822958     
   13.394999700598419       0.80418327351768715     
   13.404999700374901       0.80232548295716188     
   13.414999700151384       0.80560315670458171     
   13.424999699927866       0.79873798380145444     
   13.434999699704349       0.79484198848199028     
   13.444999699480832       0.79227281111019732     
   13.454999699257314       0.79523696397008226     
   13.464999699033797       0.79458818776603968     
   13.474999698810279       0.78855776557579649     
   13.484999698586762       0.78278479840165038     
   13.494999698363245       0.78213354660550038     
   13.504999698139727       0.78014366274387281     
   13.514999697916210       0.78021467424748436     
   13.524999697692692       0.78375052355390651     
   13.534999697469175       0.77815630305632866     
   13.544999697245657       0.77763157668805793     
   13.554999697022140       0.77229914175359038     
   13.564999696798623       0.77144743890698220     
   13.574999696575105       0.77197915589664257     
   13.584999696351588       0.77147020083283568     
   13.594999696128070       0.77071141881177740     
   13.604999695904553       0.76988455537818623     
   13.614999695681036       0.76962123333911991     
   13.624999695457518       0.76700946356203648     
   13.634999695234001       0.76358828951877489     
   13.644999695010483       0.76444491382820712     
   13.654999694786966       0.76018753238664105     
   13.664999694563448       0.76238105159034786     
   13.674999694339931       0.76129396697813834     
   13.684999694116414       0.75652177507077745     
   13.694999693892896       0.75983312470992626     
   13.704999693669379       0.75228187907216126     
   13.714999693445861       0.74922310025961480     
   13.724999693222344       0.75621469975456379     
   13.734999692998827       0.75423457167383112     
   13.744999692775309       0.74984973370854635     
   13.754999692551792       0.74661875497306140     
   13.764999692328274       0.75200934031882771     
   13.774999692104757       0.74790874242225058     
   13.784999691881239       0.74666161015039623     
   13.794999691657722       0.74662693900778287     
   13.804999691434205       0.74494508844858687     
   13.814999691210687       0.74227007419037017     
   13.824999690987170       0.74017393345237503     
   13.834999690763652       0.74396194011561112     
   13.844999690540135       0.74198191196199414     
   13.854999690316617       0.73806402042504382     
   13.864999690093100       0.74005693531039518     
   13.874999689869583       0.73991241379305994     
   13.884999689646065       0.74006770881227368     
   13.894999689422548       0.73630523782063906     
   13.904999689199030       0.73859213473589680     
   13.914999688975513       0.73614283019387783     
   13.924999688751996       0.74072985980031736     
   13.934999688528478       0.73703793995110578     
   13.944999688304961       0.73500912559080678     
   13.954999688081443       0.73089861403242251     
   13.964999687857926       0.73632113756974527     
   13.974999687634408       0.73377300448627791     
   13.984999687410891       0.73463085942291106     
   13.994999687187374       0.73125703867058911     
   14.004999686963856       0.73486830504373135     
   14.014999686740339       0.73537823148806791     
   14.024999686516821       0.73640245070243060     
   14.034999686293304       0.73152769505925408     
   14.044999686069787       0.73333530413053238     
   14.054999685846269       0.73466830887734857     
   14.064999685622752       0.73002258221798488     
   14.074999685399234       0.73135502624050863     
   14.084999685175717       0.73412850759332371     
   14.094999684952199       0.73236867453599130     
   14.104999684728682       0.73440096338224858     
   14.114999684505165       0.73295408392055017     
   14.124999684281647       0.73100135769892416     
   14.134999684058130       0.72900836601671470     
   14.144999683834612       0.73072890879626418     
   14.154999683611095       0.73304077098093356     
   14.164999683387578       0.72997438546262072     
   14.174999683164060       0.73322657646283207     
   14.184999682940543       0.73437254790835071     
   14.194999682717025       0.73271276128491081     
   14.204999682493508       0.73541622510625282     
   14.214999682269990       0.73615115744875426     
   14.224999682046473       0.73493220584391716     
   14.234999681822956       0.73263706029825360     
   14.244999681599438       0.73691963352776813     
   14.254999681375921       0.73201929647758379     
   14.264999681152403       0.73156843872127719     
   14.274999680928886       0.73439979503331376     
   14.284999680705369       0.73480251384655415     
   14.294999680481851       0.73884088960450145     
   14.304999680258334       0.73443351252949707     
   14.314999680034816       0.73807060050517270     
   14.324999679811299       0.73733504062575750     
   14.334999679587781       0.74020552835765052     
   14.344999679364264       0.74031753476097828     
   14.354999679140747       0.73861245012930965     
   14.364999678917229       0.74167892954905412     
   14.374999678693712       0.73970142988660281     
   14.384999678470194       0.74325984222273922     
   14.394999678246677       0.74253784322363392     
   14.404999678023160       0.74326734929525495     
   14.414999677799642       0.74095536026670716     
   14.424999677576125       0.74518168107615679     
   14.434999677352607       0.74614305736742681     
   14.444999677129090       0.74651555092186406     
   14.454999676905572       0.74832650188082950     
   14.464999676682055       0.74964618318969900     
   14.474999676458538       0.74848186846894038     
   14.484999676235020       0.74797588215189825     
   14.494999676011503       0.74998010208296417     
   14.504999675787985       0.75280936564915779     
   14.514999675564468       0.75487933955702724     
   14.524999675340950       0.75410847993976438     
   14.534999675117433       0.75352164071934102     
   14.544999674893916       0.75705711349669014     
   14.554999674670398       0.75724949697010335     
   14.564999674446881       0.75856818829541106     
   14.574999674223363       0.75913793395815377     
   14.584999673999846       0.76204500565698297     
   14.594999673776329       0.76614480277760388     
   14.604999673552811       0.76349231107066762     
   14.614999673329294       0.76917297038461274     
   14.624999673105776       0.76290866917146516     
   14.634999672882259       0.76936574445949535     
   14.644999672658741       0.76793166898256759     
   14.654999672435224       0.77047673322913657     
   14.664999672211707       0.77539406560883917     
   14.674999671988189       0.77420032479380363     
   14.684999671764672       0.77508438764052867     
   14.694999671541154       0.77800800007248816     
   14.704999671317637       0.78055421824884164     
   14.714999671094120       0.78050927491544142     
   14.724999670870602       0.78005448972869051     
   14.734999670647085       0.78430310051255547     
   14.744999670423567       0.78730915364264109     
   14.754999670200050       0.78804396738609739     
   14.764999669976532       0.78707126391711058     
   14.774999669753015       0.79466597994019317     
   14.784999669529498       0.79279128894815820     
   14.794999669305980       0.79626726170325912     
   14.804999669082463       0.79864183366461394     
   14.814999668858945       0.79959133764499923     
   14.824999668635428       0.79938484247605202     
   14.834999668411911       0.80316924729932060     
   14.844999668188393       0.80632416245416705     
   14.854999667964876       0.80997104094845651     
   14.864999667741358       0.81158788175260355     
   14.874999667517841       0.81061327911224612     
   14.884999667294323       0.81647216362933750     
   14.894999667070806       0.82176392530006270     
   14.904999666847289       0.82151256287747176     
   14.914999666623771       0.82113973614609392     
   14.924999666400254       0.82507396267203048     
   14.934999666176736       0.82681181355334554     
   14.944999665953219       0.83188952171850805     
   14.954999665729702       0.83289913510923963     
   14.964999665506184       0.83475517694701251     
   14.974999665282667       0.83859545797419754     
   14.984999665059149       0.84271109995550175     
   14.994999664835632       0.84507632202883287     
   15.004999664612114       0.84239098750919961     
   15.014999664388597       0.84559876644175380     
   15.024999664165080       0.85431725553969673     
   15.034999663941562       0.85997956539198750     
   15.044999663718045       0.85855266295847266     
   15.054999663494527       0.86228637323414459     
   15.064999663271010       0.86443416376856885     
   15.074999663047493       0.86780913030387630     
   15.084999662823975       0.86360721727298695     
   15.094999662600458       0.87546121475279248     
   15.104999662376940       0.87832682512604576     
   15.114999662153423       0.88131918294622480     
   15.124999661929905       0.88862580295817351     
   15.134999661706388       0.88702525454603520     
   15.144999661482871       0.89186461726418076     
   15.154999661259353       0.89310690222374212     
   15.164999661035836       0.89844399413389853     
   15.174999660812318       0.89914225902770473     
   15.184999660588801       0.90365826975224672     
   15.194999660365283       0.90524302377779320     
   15.204999660141766       0.91086121154472344     
   15.214999659918249       0.91487506425914544     
   15.224999659694731       0.91474994655289765     
   15.234999659471214       0.92283557656585280     
   15.244999659247696       0.91943409019010813     
   15.254999659024179       0.93312192490815760     
   15.264999658800662       0.93169556328703496     
   15.274999658577144       0.93229490980903484     
   15.284999658353627       0.94000362271256266     
   15.294999658130109       0.94077585574860623     
   15.304999657906592       0.94430127866279279     
   15.314999657683074       0.94911614018869006     
   15.324999657459557       0.95697309698724653     
   15.334999657236040       0.95265206044335793     
   15.344999657012522       0.95385756102464769     
   15.354999656789005       0.96244977723090952     
   15.364999656565487       0.96649214593927002     
   15.374999656341970       0.97124673137306972     
   15.384999656118453       0.97270654223866826     
   15.394999655894935       0.97646239001716095     
   15.404999655671418       0.98264622561258108     
   15.414999655447900       0.98532246708855564     
   15.424999655224383       0.99221222750651472     
   15.434999655000865       0.99149916352651257     
   15.444999654777348        1.0000865586408885     
   15.454999654553831        1.0032830488043689     
   15.464999654330313        1.0059649951575929     
   15.474999654106796        1.0071033247031744     
   15.484999653883278        1.0123889670209929     
   15.494999653659761        1.0161925184018785     
   15.504999653436244        1.0221251542889689     
   15.514999653212726        1.0235807126628658     
   15.524999652989209        1.0290173419917672     
   15.534999652765691        1.0328938062936366     
   15.544999652542174        1.0399738422502252     
   15.554999652318656        1.0335559698710322     
   15.564999652095139        1.0424306637956517     
   15.574999651871622        1.0441725913980882     
   15.584999651648104        1.0490329835904817     
   15.594999651424587        1.0536949824249664     
   15.604999651201069        1.0547953412102320     
   15.614999650977552        1.0617411484828094     
   15.624999650754035        1.0621735012559308     
   15.634999650530517        1.0729517823436838     
   15.644999650307000        1.0761988912187845     
   15.654999650083482        1.0763146746773511     
   15.664999649859965        1.0829538615798169     
   15.674999649636447        1.0857230566336233     
   15.684999649412930        1.0907529455175913     
   15.694999649189413        1.0916239749013943     
   15.704999648965895        1.0981542648665257     
   15.714999648742378        1.0979652224455074     
   15.724999648518860        1.1025084165031278     
   15.734999648295343        1.1080260569227132     
   15.744999648071826        1.1076513531336389     
   15.754999647848308        1.1172033514177884     
   15.764999647624791        1.1183943522749142     
   15.774999647401273        1.1216278818064700     
   15.784999647177756        1.1261065051244277     
   15.794999646954238        1.1318770333786787     
   15.804999646730721        1.1350322232853214     
   15.814999646507204        1.1379831463999723     
   15.824999646283686        1.1412646288981216     
   15.834999646060169        1.1434804041773916     
   15.844999645836651        1.1441888644155975     
   15.854999645613134        1.1495653287698189     
   15.864999645389616        1.1534711748315973     
   15.874999645166099        1.1532023112321159     
   15.884999644942582        1.1593751458992381     
   15.894999644719064        1.1690793085964182     
   15.904999644495547        1.1687179307065638     
   15.914999644272029        1.1751042326918120     
   15.924999644048512        1.1712861431661465     
   15.934999643824995        1.1825386376308025     
   15.944999643601477        1.1818954894535214     
   15.954999643377960        1.1840871099003316     
   15.964999643154442        1.1918577038790861     
   15.974999642930925        1.1931778936619499     
   15.984999642707407        1.1931903264167438     
   15.994999642483890        1.1990276372706994     
   16.004999642260373        1.2008030451970233     
   16.014999642036855        1.2090362135226085     
   16.024999641813338        1.2125205314507752     
   16.034999641589820        1.2117538936809347     
   16.044999641366303        1.2176470013440663     
   16.054999641142786        1.2129725221836567     
   16.064999640919268        1.2201879715633204     
   16.074999640695751        1.2269266765105280     
   16.084999640472233        1.2289455760155503     
   16.094999640248716        1.2254977349694161     
   16.104999640025198        1.2309227329317645     
   16.114999639801681        1.2332531638656230     
   16.124999639578164        1.2363187521164427     
   16.134999639354646        1.2401118196270082     
   16.144999639131129        1.2379248368593831     
   16.154999638907611        1.2416011576505313     
   16.164999638684094        1.2415812770512376     
   16.174999638460577        1.2508210313199326     
   16.184999638237059        1.2523048837358726     
   16.194999638013542        1.2542842474828571     
   16.204999637790024        1.2582264377649162     
   16.214999637566507        1.2572912706461883     
   16.224999637342989        1.2627129803945580     
   16.234999637119472        1.2671592006792272     
   16.244999636895955        1.2685624582694928     
   16.254999636672437        1.2717134587783940     
   16.264999636448920        1.2733779754734680     
   16.274999636225402        1.2809073064543173     
   16.284999636001885        1.2800038631575392     
   16.294999635778368        1.2775663684424770     
   16.304999635554850        1.2809386369656628     
   16.314999635331333        1.2837460735468891     
   16.324999635107815        1.2858315062246783     
   16.334999634884298        1.2861565595012492     
   16.344999634660780        1.2909180340237454     
   16.354999634437263        1.2877629499922232     
   16.364999634213746        1.2917069951070788     
   16.374999633990228        1.2949546172484372     
   16.384999633766711        1.2963395557460138     
   16.394999633543193        1.2950648510104463     
   16.404999633319676        1.3025608313006025     
   16.414999633096159        1.3017235876736566     
   16.424999632872641        1.3040669167235972     
   16.434999632649124        1.3050657204407539     
   16.444999632425606        1.3045251759551364     
   16.454999632202089        1.3051581078190921     
   16.464999631978571        1.3102950869065948     
   16.474999631755054        1.3055873346095852     
   16.484999631531537        1.3103544977224872     
   16.494999631308019        1.3136911961861364     
   16.504999631084502        1.3111792580574564     
   16.514999630860984        1.3120012663342393     
   16.524999630637467        1.3137339387520683     
   16.534999630413949        1.3128979698246064     
   16.544999630190432        1.3127066833586141     
   16.554999629966915        1.3194313448462900     
   16.564999629743397        1.3203976917830751     
   16.574999629519880        1.3217586300375463     
   16.584999629296362        1.3196228511089958     
   16.594999629072845        1.3135873872214816     
   16.604999628849328        1.3217816165135099     
   16.614999628625810        1.3187375832827948     
   16.624999628402293        1.3219626715443058     
   16.634999628178775        1.3203458906587573     
   16.644999627955258        1.3154271562068556     
   16.654999627731740        1.3170562057773658     
   16.664999627508223        1.3161150712407603     
   16.674999627284706        1.3170761227284291     
   16.684999627061188        1.3154562660132472     
   16.694999626837671        1.3192883942298381     
   16.704999626614153        1.3171839954967148     
   16.714999626390636        1.3136613925099496     
   16.724999626167119        1.3099853612900108     
   16.734999625943601        1.3124427689045792     
   16.744999625720084        1.3149988612672210     
   16.754999625496566        1.3155277222915234     
