  -31.720951268049873        76.954328654535843     
  -4.1977050620308392       -2.5413627872960309     
  -30.513650680776379       -3.7607452213554597     
  -2.2160519041790168       -60.752426439757947     
  -5.5985088332779060       -27.022992638852305     
   32.880898183916507        56.425203173035477     
   14.807182875047930       -55.092876607155247     
   28.735861111002510        24.169939299315022     
   16.293166055290229        40.193881439349731     
  0.19380272686081898       -95.418862292122327     
  -18.314829023906963        110.41029405386773     
   31.412234514796697        72.137789231193750     
   22.539750038598374        104.26414071343628     
   5.8680206976411489       -109.74324134953584     
  -20.909073534460894        94.116634757295131     
   30.707479912955545       -2.3296118830987029     
   13.914449891793357        70.883055122097090     
  -12.236773371575184       -60.364682415708650     
   30.810186249553503       -75.881452108018706     
  -32.084123898583897        98.854500551429098     
  -24.186565927806495        65.193234017292070     
  -10.883608443353484        26.482902964690087     
   17.341326804179896       -64.525663794022151     
  -23.908591639534830       -9.6177903088032064     
   22.941804107914876       -56.231461075199256     
  -25.832190105050511        84.287653537766843     
  -22.473531125259537       -97.743910436090076     
  -17.876444701082239        58.878246341889444     
  -18.827518556751468       -106.56194507381542     
   31.139008513553382       -40.355784185295960     
   22.299047467774564        31.952671553769182     
   21.146559449301659       -4.8428911280407574     
  -4.9338295096055473       -35.692091290142365     
  -9.0920393470558203       -67.812264716620206     
  -1.9570993213514201       -84.913853131044348     
   10.194683234093231       -47.295490050152601     
  -10.532335358416431       -102.47933049033897     
   5.3342305793443145        60.265394854550458     
  -23.232723410129516        117.66863040691621     
  -15.863411731877505       -92.813593676364562     
   3.7241328255888702        19.707654925144602     
  -10.767649387899343        92.741300738270212     
   1.4350369659262134       -51.856201253444667     
  -7.2277911263643828        39.710586353958185     
   21.870776414098504        80.078754921987326     
   21.455091542273866       -120.87697676555619     
  -9.5127370040439203        74.885253800308718     
  -28.444910953878619       -63.479285226053641     
   24.250396099080270        55.362001669992111     
   12.364348153872381       -4.8098632914766979     
  -24.112311822481896       -20.990626665808460     
   4.0250520224063955        27.611444259377354     
  -1.8968739008637581        102.82338089831011     
  -12.994661794934240        2.9847920100047864     
  -17.866532025406428        7.9191286604499407     
   31.175219412371202       -85.675886355925343     
   7.9715442895444513       -67.721841648169985     
  -16.082864997118332       -51.961172988097339     
  -16.660053806661121        100.73963119274336     
   14.234267345857461        97.496940341516890     
   2.3637169088800527        11.191353756692418     
  -23.692179284383940        103.28257569270126     
  -29.228405261755132       -79.675486949221835     
  -1.4902420585355562        57.593526737295505     
   30.326155710305990       -12.438293163839397     
  -8.0173574934159042       -52.950000964845387     
   7.9296033756283872        4.7160575924864334     
  -1.0453517913762582        4.7210890127690330     
  -6.5467151375728694       -76.861131617095722     
   5.5175314460608949       -118.90463174702622     
   21.324033026520436       -46.517153758432478     
  -22.943061116906485        29.912635967607990     
   4.6484933970600855        103.57123060274408     
  -9.3149158244778576        61.898946660965841     
  -31.753724091673114       -70.644639705451922     
   18.987363876713655        24.268647442345056     
   29.734152564134245        115.24472862122282     
  -16.759371831623021       -116.63614730377606     
   12.537155662084684        80.704146554912199     
  -22.804955021620149       -73.426607298335895     
   12.603005208914299        30.288582945256952     
   31.577215268064329       -58.988606688024731     
   13.372401392066513       -74.326523124927945     
  -32.089057483837117       -44.636780359115697     
  -31.306439931332218       -24.324738430031221     
   24.163253082412922        5.1267903512556394     
 -0.55920513092597735       -10.968014376646769     
   8.5219726104896871       -100.13131959629808     
  -30.787507464406023       -35.235456535136613     
  -14.309500606291120        16.741151300146345     
   31.115573840186766       -97.666709098914367     
  -22.350773199057759       -56.797360825796623     
  -14.531596825960088       -25.038143568701258     
   16.497209334166278        2.5166212696541463     
   7.8290958561918282        36.501525868426704     
   31.890647598332578        102.34152394208947     
   13.296612637726302       -106.77331882792417     
  -30.830065198347004       -14.271309926334814     
   3.1798073112975240        85.154666467430673     
   5.9805864348877424        112.42133285229140     
   23.527685641726013        95.403984755712131     
  -15.577463382612747       -77.015081766317380     
  -30.940208224418196       -87.511221592816639     
   21.133976032522934        111.73083219462569     
  -4.2135569794087564        121.17090296858453     
   13.845054223759702        89.458064264380710     
   29.157959425303709       -30.066826802464224     
   13.280552111018034        56.188486728002957     
  -18.130770441730842       -65.758458474751535     
  -31.617609699929893        109.95084082057620     
  -12.647948046758088        116.42439685617619     
  -2.4307207756543048       -114.07863894246388     
  -31.801712108013767        65.807533242458803     
  -23.763374480098690        73.165425390764270     
  -20.908208547201188       -84.795644254320578     
  -6.9888713858683644       -94.023864744469932     
   3.2632752545798609       -39.861538938350108     
   22.594902923428091       -21.053835841704135     
  -16.850137569078790       -5.3863417612248670     
  -32.494214533413192        118.85306294918716     
   12.520240655659061        107.12193614957081     
   7.1574775742761902       -90.303233480628677     
  -24.321190004248130       -47.717051689598783     
   31.596263214745964        91.359457122417467     
  -6.8159627406963095        84.609702264079417     
  -16.617163340003408       -16.759009869829583     
  -28.747937784341964        55.872367772270671     
   12.554113679156595       -23.209272969178979     
 -0.28781322483119526       -70.219715561382330     
   10.690699998939598        46.888851136946748     
   27.685060202035668       -66.093560958106735     
   1.0551971614952282        40.933480483364271     
   22.322144889150533       -81.689923269499289     
  -10.200697527336660        106.15450624055596     
  -13.307788917347121       -32.882756972531908     
  -32.256251507322297       -55.293373330210514     
  -31.139038540156715        89.734126932696981     
   21.676354690827516        87.978156027333412     
  -23.266935796405534        41.789501481002937     
   12.659341471294317        19.424462857215211     
  -30.363142832688801        28.206914919074908     
   6.4871647618777430        94.358655657223579     
   31.992347997415397        7.0030166626802890     
  -15.088614024856422        68.875477010610155     
  -17.234059603093748        78.499075074361357     
  -23.192463200025127       -29.874348266547681     
   19.110557294990027       -29.205430278098977     
  -21.715107065009217        51.106295206758951     
   9.0568989946972422       -14.492864863798475     
   6.9509467533127181       -58.317565922122803     
  -1.3552157844349579        77.143035395626981     
   29.952205140763073        15.251594684129671     
   27.788829581008464        64.746977031529525     
  -31.787687558631244        7.7466739190111094     
  -31.874726637917522       -113.97534080987160     
  -1.4524139180319122       -103.64099062363712     
  -21.278402321088478       -38.470884765186717     
   24.569816609157293       -92.998984504015468     
  -29.258563063213732       -105.27874503888661     
   17.776428355670358       -88.714297893807981     
  -31.193366673293482        36.904145363408169     
   31.427431363478565       -108.50938749531899     
  -9.5606174390622556       -8.6322051086921707     
  -2.1604401003508875        110.88835128080046     
   13.001648390803513        118.05334587057779     
   13.854320273406167       -115.30566634315208     
  -2.4548537958829040        68.023476681877511     
  -23.311242717836780        1.4113882079703695     
   20.453992165661692       -73.182007401860432     
   26.240656736648791        40.894181791311233     
  -25.494067405452359        13.770694181439060     
   14.003406569729316        11.731070115429038     
   3.3380384456844316       -79.067146677092595     
   6.9675253266114145        67.143656702291068     
  -7.1732982877469862        10.887164460290780     
   31.441517576953608       -21.192189561333475     
   3.5086695619410304       -29.236847604062117     
  -9.8377970872615368       -111.34328867858171     
  -30.815459612865350       -95.340639510564827     
   19.941376324711825        47.852554862235387     
   19.606916953404063       -12.712675979425741     
  -4.8383906789908933       -43.773659379987670     
   30.574854738624541       -49.144216177644218     
  -22.563285081207940       -113.26977867895292     
  -14.342385898902755        44.365855497788267     
   22.015741995509487        14.988177128646393     
   30.934777567056440       -118.75160467263930     
   23.020888883790732       -103.14409114338669     
   31.118068775330144        46.197142463023376     
  -30.898485922698232        19.090115066165225     
   22.127296238567403       -37.044530843200114     
   4.3221597454471308        49.372438798373018     
  -1.9923466197786706        93.432918059870701     
  -6.8779930207935998       -16.468398345151495     
  -21.463229763974393        22.096942080220856     
   5.2462788870763255        75.500543824019132     
  -31.745976592548566        47.589717515925145     
  -13.225738280055195       -42.895138358179175     
  -15.862338900809828        34.794561308275760     
  -16.901098939361585        87.214814149649158     
   22.164984553464588        72.320103378138882     
   23.234250756925860       -111.34411967835904     
   16.515358147414645       -96.989415194223653     
   10.239606245963937       -31.927182618839659     
  -4.5934308268375812        31.385029902513647     
   31.148537196310606        34.712951868737200     
  -5.0739586826546947        48.453178879712091     
   3.2763722589194697       -20.475854098468499     
   5.0323574021490209       -3.5794649149700395     
   11.482134965722368       -82.695948461372737     
  -11.338329970781393       -85.237030746831820     
   15.009555021276801       -40.531636207973087     
   18.102437562485679        63.596508760040990     
  -12.230379029285794        52.934358027053932     
   30.167932254854833        82.647849878396045     
  -5.9434683965300641        20.515769128281399     
