   5.0000000745058060E-002  0.82072031363008036     
  0.15000000223517418       0.82117742367817814     
  0.25000000372529030       0.82026839801434737     
  0.35000000521540642       0.82147350632296878     
  0.45000000670552254       0.82344739062157279     
  0.55000000819563866       0.82226825447477514     
  0.65000000968575478       0.82128650675783788     
  0.75000001117587090       0.82253317052537722     
  0.85000001266598701       0.82573294086206162     
  0.95000001415610313       0.82606538453340539     
   1.0500000156462193       0.83165459375787354     
   1.1500000171363354       0.82608616226286435     
   1.2500000186264515       0.82857948979794316     
   1.3500000201165676       0.83016898610155576     
   1.4500000216066837       0.83014301393973211     
   1.5500000230967999       0.83346225622080561     
   1.6500000245869160       0.83730094173835390     
   1.7500000260770321       0.83410636583403430     
   1.8500000275671482       0.83567508440818805     
   1.9500000290572643       0.84577825535762163     
   2.0500000305473804       0.84320701133707165     
   2.1500000320374966       0.84742489041724645     
   2.2500000335276127       0.84888452591174046     
   2.3500000350177288       0.85193885214221199     
   2.4500000365078449       0.85535159420585094     
   2.5500000379979610       0.85853578124544105     
   2.6500000394880772       0.86097197002450754     
   2.7500000409781933       0.86451457289726530     
   2.8500000424683094       0.87033233714578229     
   2.9500000439584255       0.87886678952106212     
   3.0500000454485416       0.88197825450754586     
   3.1500000469386578       0.88390019448250234     
   3.2500000484287739       0.89154639892341048     
   3.3500000499188900       0.89162431540888165     
   3.4500000514090061       0.89884977082824524     
   3.5500000528991222       0.90426236935231197     
   3.6500000543892384       0.91351365339392698     
   3.7500000558793545       0.91470317840545412     
   3.8500000573694706       0.92011058249715605     
   3.9500000588595867       0.92437521146861368     
   4.0500000603497028       0.93308627454429494     
   4.1500000618398190       0.93816123496465309     
   4.2500000633299351       0.94139217189552593     
   4.3500000648200512       0.94351150030034292     
   4.4500000663101673       0.94933965341358939     
   4.5500000678002834       0.95380167081490741     
   4.6500000692903996       0.95963501836051868     
   4.7500000707805157       0.96179590222425349     
   4.8500000722706318       0.95947918538957622     
   4.9500000737607479       0.96683969605042319     
   5.0500000752508640       0.96960313406846876     
   5.1500000767409801       0.96987324455143564     
   5.2500000782310963       0.96702669561555410     
   5.3500000797212124       0.97402359601086874     
   5.4500000812113285       0.97696883916168054     
   5.5500000827014446       0.97642861819574678     
   5.6500000841915607       0.97510403794273626     
   5.7500000856816769       0.97642861819574678     
   5.8500000871717930       0.98037119236059000     
   5.9500000886619091       0.97465212232700316     
   6.0500000901520252       0.97786228152841703     
   6.1500000916421413       0.97463134459754419     
   6.2500000931322575       0.97673508970526690     
   6.3500000946223736       0.97678703402891431     
   6.4500000961124897       0.97474562210956861     
   6.5500000976026058       0.97567542550285846     
   6.6500000990927219       0.97599748030947275     
   6.7500001005828381       0.97964916626189014     
   6.8500001020729542       0.98253207622432492     
   6.9500001035630703       0.98283335330148025     
   7.0500001050531864       0.98587729066722218     
   7.1500001065433025       0.99577268432206589     
   7.2500001080334187        1.0022345581838117     
   7.3500001095235348        1.0059122162980527     
   7.4500001110136509        1.0208358204819719     
   7.5500001125037670        1.0286222745967282     
   7.6500001139938831        1.0398578318016767     
   7.7500001154839993        1.0509219727385886     
   7.8500001169741154        1.0637158596529612     
   7.9500001184642315        1.0693570132010768     
   8.0500001199543476        1.0879219144726837     
   8.1500001214444637        1.0974277257001714     
   8.2500001229345798        1.1071413142222490     
   8.3500001244246960        1.1151719066581482     
   8.4500001259148121        1.1256750488996674     
   8.5500001274049282        1.1349574995354710     
   8.6500001288950443        1.1354301928806629     
   8.7500001303851604        1.1378092429037172     
   8.8500001318752766        1.1398558492554278     
   8.9500001333653927        1.1399129880114400     
   9.0500001348555088        1.1374040771792671     
   9.1500001363456249        1.1345471393786559     
   9.2500001378357410        1.1274515447684110     
   9.3500001393258572        1.1218363633821191     
   9.4500001408159733        1.1120708305363942     
   9.5500001423060894        1.1088970323615335     
   9.6500001437962055        1.0963161171741156     
   9.7500001452863216        1.0831118701029276     
   9.8500001467764378        1.0687440701820365     
   9.9500001482665539        1.0566098761779867     
   10.050000149756670        1.0492493655171398     
   10.150000151246786        1.0367671445446520     
   10.250000152736902        1.0226330940801744     
   10.350000154227018        1.0114494811988735     
   10.450000155717134       0.99917503752097536     
   10.550000157207251       0.98832906274338295     
   10.650000158697367       0.98007510971579948     
   10.750000160187483       0.97194062863260511     
   10.850000161677599       0.96437753510953295     
   10.950000163167715       0.95674691396571909     
   11.050000164657831       0.94885657120366784     
   11.150000166147947       0.94146489394863242     
   11.250000167638063       0.93586529585943479     
   11.350000169128180       0.93088383522164209     
   11.450000170618296       0.92238574387291539     
   11.550000172108412       0.92571537501871848     
   11.650000173598528       0.91664589610986957     
   11.750000175088644       0.91730558902019255     
   11.850000176578760       0.91799125409233917     
   11.950000178068876       0.91714975604925009     
   12.050000179558992       0.91711339502269684     
   12.150000181049109       0.91580439806678049     
   12.250000182539225       0.91716014491397957     
   12.350000184029341       0.91479148375565478     
   12.450000185519457       0.91698353421357814     
   12.550000187009573       0.92353371342552459     
   12.650000188499689       0.92269221538243551     
   12.750000189989805       0.92606859641952133     
   12.850000191479921       0.93079552987144132     
   12.950000192970037       0.93423943852926883     
   13.050000194460154       0.93073839111542911     
   13.150000195950270       0.93712234849170362     
   13.250000197440386       0.94188044853781216     
   13.350000198930502       0.94642557685696616     
   13.450000200420618       0.95038373431890355     
   13.550000201910734       0.95277836763905210     
   13.650000203400850       0.96003498965260414     
   13.750000204890966       0.96159331936202841     
   13.850000206381083       0.96458531240412282     
   13.950000207871199       0.96977974476887019     
   14.050000209361315       0.97598189701237847     
   14.150000210851431       0.98179966126089557     
   14.250000212341547       0.98601234590870568     
   14.350000213831663       0.98936794921633242     
   14.450000215321779       0.99188724891323488     
   14.550000216811895       0.99905037114422146     
   14.650000218302011        1.0021514472659756     
   14.750000219792128        1.0004217012885148     
   14.850000221282244        1.0092678196056795     
   14.950000222772360        1.0108053715856447     
   15.050000224262476        1.0125766730220236     
   15.150000225752592        1.0202540440571202     
   15.250000227242708        1.0202800162189438     
   15.350000228732824        1.0225967330536212     
   15.450000230222940        1.0270431671578448     
   15.550000231713057        1.0283885251403144     
   15.650000233203173        1.0312974072645731     
   15.750000234693289        1.0308662693782991     
   15.850000236183405        1.0308351027841105     
   15.950000237673521        1.0354893141829240     
   16.050000239163637        1.0390111393262227     
   16.150000240653753        1.0388033620316328     
   16.250000242143869        1.0399357482871479     
   16.350000243633986        1.0406733576829419     
   16.450000245124102        1.0394734438066853     
   16.550000246614218        1.0397851097485702     
   16.650000248104334        1.0392760553768250     
   16.750000249594450        1.0431355186238322     
   16.850000251084566        1.0412655229725232     
   16.950000252574682        1.0438159892636141     
   17.050000254064798        1.0416291332380554     
   17.150000255554914        1.0428446304114063     
   17.250000257045031        1.0414577169700188     
   17.350000258535147        1.0432394072711271     
   17.450000260025263        1.0432134351093034     
   17.550000261515379        1.0434056291067990     
   17.650000263005495        1.0391358057029767     
   17.750000264495611        1.0348400101373307     
   17.850000265985727        1.0358269522866326     
   17.950000267475843        1.0359412297986572     
   18.050000268965960        1.0385851958723136     
   18.150000270456076        1.0322012384960391     
   18.250000271946192        1.0305857700306027     
   18.350000273436308        1.0283833307079497     
   18.450000274926424        1.0273808052615534     
   18.550000276416540        1.0228824268336822     
   18.650000277906656        1.0203475438396856     
   18.750000279396772        1.0161764146507934     
   18.850000280886889        1.0169244129113171     
   18.950000282377005        1.0139999474899644     
   19.050000283867121        1.0090600423110896     
   19.150000285357237        1.0062082989428434     
   19.250000286847353        1.0026085573140735     
   19.350000288337469       0.99698818149541679     
   19.450000289827585       0.99889453817327900     
   19.550000291317701       0.99451563168979706     
   19.650000292807817       0.99150805535060837     
   19.750000294297934       0.98816803534007580     
   19.850000295788050       0.98631362298586100     
   19.950000297278166       0.97911933416068586     
   20.050000298768282       0.97902583437812041     
   20.150000300258398       0.97787267039314651     
   20.250000301748514       0.97625720192771015     
   20.350000303238630       0.97370673563661914     
   20.450000304728746       0.96832010927437617     
   20.550000306218863       0.96767599966114748     
   20.650000307708979       0.96343734285151372     
   20.750000309199095       0.96447103489209840     
   20.850000310689211       0.96685527934751747     
   20.950000312179327       0.96193615189810167     
   21.050000313669443       0.95793643897724623     
   21.150000315159559       0.95955190744268271     
   21.250000316649675       0.96305295485652243     
   21.350000318139791       0.96140631979689750     
   21.450000319629908       0.96248676172876491     
   21.550000321120024       0.96103751509900037     
   21.650000322610140       0.96252312275531815     
   21.750000324100256       0.96339578739259568     
   21.850000325590372       0.96639816929941968     
   21.950000327080488       0.96285556642666192     
   22.050000328570604       0.96904213537307604     
   22.150000330060720       0.96737991701635695     
   22.250000331550837       0.96820063732998696     
   22.350000333040953       0.97366518017770121     
   22.450000334531069       0.97726492180647107     
   22.550000336021185       0.98045949771079077     
   22.650000337511301       0.98248013190067740     
   22.750000339001417       0.97986733242120949     
   22.850000340491533       0.98865631198236203     
   22.950000341981649       0.98372679566821686     
   23.050000343471766       0.98878617279148073     
   23.150000344961882       0.99338843986664682     
   23.250000346451998       0.99648951598840108     
   23.350000347942114       0.99852053904301730     
   23.450000349432230       0.99750762473189147     
   23.550000350922346        1.0043331088591696     
   23.650000352412462        1.0095846799799291     
   23.750000353902578        1.0086340988571803     
   23.850000355392694        1.0123533124303394     
   23.950000356882811        1.0168516908582106     
   24.050000358372927        1.0138908644103046     
   24.150000359863043        1.0187580475360729     
   24.250000361353159        1.0175425503627220     
   24.350000362843275        1.0168413019934812     
   24.450000364333391        1.0196566843351742     
   24.550000365823507        1.0220772898171464     
   24.650000367313623        1.0243368678958116     
   24.750000368803740        1.0247472280526266     
   24.850000370293856        1.0276353324474261     
   24.950000371783972        1.0239940353597383     
   25.050000373274088        1.0279366095245814     
   25.150000374764204        1.0287105799469287     
   25.250000376254320        1.0257809200932113     
   25.350000377744436        1.0256874203106459     
   25.450000379234552        1.0285287748141627     
   25.550000380724669        1.0264769740300874     
   25.650000382214785        1.0208358204819719     
   25.750000383704901        1.0231109818577311     
   25.850000385195017        1.0250485051297820     
   25.950000386685133        1.0212929305300695     
   26.050000388175249        1.0235836752029233     
   26.150000389665365        1.0210384033441970     
   26.250000391155481        1.0192930740696420     
   26.350000392645597        1.0183632706763521     
   26.450000394135714        1.0138285312219277     
   26.550000395625830        1.0112261206071893     
   26.650000397115946        1.0176308557129228     
   26.750000398606062        1.0090288757169010     
   26.850000400096178        1.0098080405716132     
   26.950000401586294        1.0091171810671018     
   27.050000403076410        1.0076731288697021     
   27.150000404566526        1.0030552784974416     
   27.250000406056643        1.0043279144268047     
   27.350000407546759        1.0010865886312024     
   27.450000409036875        1.0008892002013421     
   27.550000410526991        1.0030552784974416     
   27.650000412017107       0.99765306883810445     
   27.750000413507223        1.0001515908055478     
   27.850000414997339       0.99493638071134161     
   27.950000416487455       0.99254694182355785     
   28.050000417977571       0.99191322107505864     
   28.150000419467688       0.99330532894881096     
   28.250000420957804       0.98772650858907229     
   28.350000422447920       0.99406371607406407     
   28.450000423938036       0.98748237026792918     
   28.550000425428152       0.99254174739119305     
   28.650000426918268       0.98704603794929036     
   28.750000428408384       0.98791350815420320     
   28.850000429898500       0.98622012320329555     
   28.950000431388617       0.98023613711910662     
   29.050000432878733       0.98618376217674231     
   29.150000434368849       0.98272427022182052     
   29.250000435858965       0.98098932981199494     
   29.350000437349081       0.98516565343325180     
   29.450000438839197       0.98452673825238790     
   29.550000440329313       0.98450076609056414     
   29.650000441819429       0.98416312798685557     
   29.750000443309546       0.97936866691419378     
   29.850000444799662       0.98380471215368803     
   29.950000446289778       0.98259440941270193     
   30.050000447779894       0.98888486700641087     
   30.150000449270010       0.98617337331201282     
   30.250000450760126       0.99097302881703930     
   30.350000452250242       0.98795506361312113     
   30.450000453740358       0.98233988222682922     
   30.550000455230474       0.99304560733057357     
   30.650000456720591       0.98640712276842646     
   30.750000458210707       0.98996530893827839     
   30.850000459700823       0.99409488266825252     
   30.950000461190939       0.99306119062766773     
   31.050000462681055       0.99166388832155072     
   31.150000464171171       0.99171063821283345     
   31.250000465661287       0.99607915583158602     
   31.350000467151403       0.99270796922686499     
   31.450000468641520       0.99567918453950044     
   31.550000470131636       0.99577787875443069     
   31.650000471621752       0.99767904099992821     
   31.750000473111868       0.99950748119231925     
   31.850000474601984        1.0016060318676772     
   31.950000476092100        1.0030085286061590     
   32.050000477582216        1.0039331375670839     
   32.150000479072332        1.0043902476151818     
   32.250000480562449        1.0036162771928343     
   32.350000482052565        1.0053304398732010     
   32.450000483542681        1.0057875499212987     
   32.550000485032797        1.0086185155600860     
   32.650000486522913        1.0087224042073810     
   32.750000488013029        1.0060005216482535     
   32.850000489503145        1.0070082415270143     
   32.950000490993261        1.0079172671908452     
   33.050000492483377        1.0097509018156010     
   33.150000493973494        1.0119325634087948     
   33.250000495463610        1.0119793133000776     
   33.350000496953726        1.0141817526227306     
   33.450000498443842        1.0091015977700075     
   33.550000499933958        1.0119585355706187     
   33.650000501424074        1.0127325059929659     
   33.750000502914190        1.0126649783722244     
   33.850000504404306        1.0106027887234195     
   33.950000505894423        1.0173036064739436     
   34.050000507384539        1.0122805903772329     
   34.150000508874655        1.0122702015125034     
   34.250000510364771        1.0111533985540828     
   34.350000511854887        1.0070290192564735     
   34.450000513345003        1.0102443728902519     
   34.550000514835119        1.0088314872870408     
   34.650000516325235        1.0071744633626862     
   34.750000517815351        1.0105560388321368     
   34.850000519305468        1.0110547043391527     
   34.950000520795584        1.0067329366116828     
   35.050000522285700        1.0019644477008447     
   35.150000523775816        1.0033981110335151     
   35.250000525265932        1.0049979962018571     
   35.350000526756048        1.0023644189929304     
   35.450000528246164        1.0067641032058712     
   35.550000529736280        1.0014553933290995     
   35.650000531226397        1.0022813080750943     
   35.750000532716513        1.0029306121206878     
   35.850000534206629       0.99658301577096653     
   35.950000535696745       0.99965811973089691     
   36.050000537186861        1.0035747217339164     
   36.150000538676977        1.0002918404793961     
   36.250000540167093       0.99763229110864549     
   36.350000541657209       0.99610512799340978     
   36.450000543147326       0.99358582829650721     
   36.550000544637442       0.99382996661765044     
   36.650000546127558       0.99628693312617589     
   36.750000547617674       0.99441174304250213     
   36.850000549107790       0.99258330285011098     
   36.950000550597906       0.98871864517073904     
   37.050000552088022       0.99071330719880202     
   37.150000553578138       0.99323780132806916     
   37.250000555068254       0.99157558297135007     
   37.350000556558371       0.98899395008607061     
   37.450000558048487       0.98985622585861865     
   37.550000559538603       0.98937314364869722     
   37.650000561028719       0.98712914886712633     
   37.750000562518835       0.98487476522082595     
   37.850000564008951       0.98685903838415945     
   37.950000565499067       0.98681748292524152     
   38.050000566989183       0.98918614408356631     
   38.150000568479300       0.98871864517073904     
   38.250000569969416       0.98760703664468308     
   38.350000571459532       0.99045878001292942     
   38.450000572949648       0.98846411798486633     
   38.550000574439764       0.98881733938566918     
   38.650000575929880       0.99480132546985811     
   38.750000577419996       0.99618304447888095     
   38.850000578910112       0.99274433025341824     
   38.950000580400229       0.99171063821283345     
   39.050000581890345       0.99315988484259798     
   39.150000583380461       0.99337285656955265     
   39.250000584870577       0.99599085048138525     
   39.350000586360693       0.99915425979151640     
   39.450000587850809        1.0030500840650769     
   39.550000589340925        1.0024319466136720     
   39.650000590831041        1.0024631132078605     
   39.750000592321157        1.0021826138601642     
   39.850000593811274        1.0002918404793961     
   39.950000595301390        1.0021410584012462     
   40.050000596791506        1.0022865025074590     
   40.150000598281622        1.0075224903311244     
   40.250000599771738        1.0017358926767959     
   40.350000601261854        1.0051382458757054     
   40.450000602751970        1.0075744346547719     
   40.550000604242086        1.0065874925054699     
   40.650000605732203        1.0117455638436639     
   40.750000607222319        1.0075069070340301     
   40.850000608712435        1.0064576316963512     
   40.950000610202551        1.0061823267810195     
   41.050000611692667        1.0086340988571803     
   41.150000613182783        1.0091899031202083     
   41.250000614672899        1.0098963459218140     
   41.350000616163015        1.0106027887234195     
   41.450000617653131        1.0124104511863516     
   41.550000619143248        1.0073095186041698     
   41.650000620633364        1.0081717943767179     
   41.750000622123480        1.0071588800655922     
   41.850000623613596        1.0108573159092922     
   41.950000625103712        1.0098028461392485     
   42.050000626593828        1.0110598987715174     
   42.150000628083944        1.0074445738456532     
   42.250000629574060        1.0020060031597626     
   42.350000631064177        1.0037097769753998     
   42.450000632554293        1.0048993019869270     
   42.550000634044409        1.0008008948511413     
   42.650000635534525        1.0049668296076686     
   42.750000637024641        1.0054966617088730     
   42.850000638514757        1.0042551923736982     
   42.950000640004873        1.0005567565299982     
   43.050000641494989        1.0016527817589600     
   43.150000642985106        1.0020787252128691     
   43.250000644475222        1.0018605590535499     
   43.350000645965338        1.0002606738852076     
   43.450000647455454       0.99594410059010252     
   43.550000648945570       0.99691026500994562     
   43.650000650435686        1.0007437560951291     
   43.750000651925802       0.99725309754601887     
   43.850000653415918       0.99848417801646405     
   43.950000654906034       0.99803745683309575     
   44.050000656396151       0.99475457557857538     
   44.150000657886267       0.99728426414020732     
   44.250000659376383       0.99660379350042549     
   44.350000660866499       0.99711804230453549     
   44.450000662356615       0.99977239724292133     
   44.550000663846731       0.99841665039572225     
   44.650000665336847       0.99531557427396811     
   44.750000666826963       0.99728945857257212     
   44.850000668317080       0.99251577522936929     
   44.950000669807196       0.99775695748539939     
   45.050000671297312       0.99453640941925603     
   45.150000672787428       0.99638043290874134     
   45.250000674277544       0.99407929937115824     
   45.350000675767660       0.99751801359662096     
   45.450000677257776       0.99940878697738900     
   45.550000678747892       0.99423513234210070     
   45.650000680238008       0.99572073999841837     
   45.750000681728125       0.99479093660512863     
   45.850000683218241       0.99742970824642030     
   45.950000684708357       0.99766865213519873     
   46.050000686198473       0.99652587701495421     
   46.150000687688589       0.99539868519180408     
   46.250000689178705       0.99600643377847953     
   46.350000690668821       0.99247421977045136     
   46.450000692158937       0.99735698619331381     
   46.550000693649054       0.99604798923739746     
   46.650000695139170       0.99322741246333968     
   46.750000696629286       0.99449485396033810     
   46.850000698119402       0.98977311494078268     
   46.950000699609518       0.99325857905752823     
   47.050000701099634       0.99349232851394176     
   47.150000702589750       0.99533115757106239     
   47.250000704079866       0.99627654426144641     
   47.350000705569983       0.99759073564972744     
   47.450000707060099       0.99633887744982341     
   47.550000708550215       0.99190802664269384     
   47.650000710040331       0.99486885309059991     
   47.750000711530447       0.99814653991275548     
   47.850000713020563       0.99170544378046876     
   47.950000714510679       0.99816731764221445     
   48.050000716000795       0.99702973695433472     
   48.150000717490911       0.99961136983961418     
   48.250000718981028        1.0017514759738901     
   48.350000720471144        1.0009099779308011     
   48.450000721961260        1.0017774481357138     
   48.550000723451376        1.0024527243431309     
   48.650000724941492        1.0034656386542566     
   48.750000726431608        1.0010450331722844     
   48.850000727921724        1.0030812506592655     
   48.950000729411840        1.0074341849809236     
   49.050000730901957        1.0027176403937330     
   49.150000732392073        1.0049824129047629     
   49.250000733882189        1.0090132924198070     
   49.350000735372305        1.0037721101637769     
   49.450000736862421        1.0053356343055657     
   49.550000738352537        1.0016995316502426     
   49.650000739842653        1.0072627687128870     
   49.750000741332769        1.0059901327835239     
   49.850000742822886        1.0085354046422501     
   49.950000744313002        1.0096729853301298     
   50.050000745803118        1.0055745781943441     
   50.150000747293234        1.0031072228210891     
   50.250000748783350        1.0060680492689951     
   50.350000750273466        1.0097301240861420     
   50.450000751763582        1.0095067634944579     
   50.550000753253698        1.0058654664067699     
   50.650000754743814        1.0080834890265171     
   50.750000756233931        1.0089094037725119     
   50.850000757724047        1.0075432680605834     
   50.950000759214163        1.0087120153426514     
   51.050000760704279        1.0071900466597805     
   51.150000762194395        1.0053771897644836     
   51.250000763684511        1.0049200797163860     
   51.350000765174627        1.0055278283030613     
   51.450000766664743        1.0006918117714816     
   51.550000768154860        1.0071329079037683     
   51.650000769644976        1.0038967765405307     
   51.750000771135092        1.0027851680144748     
   51.850000772625208       0.99722712538419511     
   51.950000774115324        1.0015904485705829     
   52.050000775605440       0.99963734200143795     
   52.150000777095556       0.99665573782407291     
   52.250000778585672       0.99784526283560004     
   52.350000780075788       0.99638562734110603     
   52.450000781565905       0.99702973695433472     
   52.550000783056021       0.99529479654450914     
   52.650000784546137       0.99968928632508536     
   52.750000786036253       0.99382996661765044     
   52.850000787526369       0.99784526283560004     
   52.950000789016485       0.99734659732858433     
   53.050000790506601       0.99637523847637655     
   53.150000791996717       0.99492079741424733     
   53.250000793486834       0.99575710102497161     
   53.350000794976950       0.99585579523990186     
   53.450000796467066       0.99694143160413407     
   53.550000797957182       0.99569996226895940     
   53.650000799447298       0.99455199271635031     
   53.750000800937414       0.99368971694380226     
   53.850000802427530       0.99190283221032916     
   53.950000803917646       0.99867117758159496     
   54.050000805407763       0.99080680698136747     
   54.150000806897879        1.0004840344768917     
   54.250000808387995       0.99182491572485787     
   54.350000809878111       0.99278588571233617     
   54.450000811368227       0.99589735069881979     
   54.550000812858343       0.99470263125492797     
   54.650000814348459       0.99741931938169082     
   54.750000815838575       0.99887376044382004     
   54.850000817328691       0.99538310189470980     
   54.950000818818808       0.99302482960111460     
   55.050000820308924       0.99687909841575706     
   55.150000821799040       0.99261446944429954     
   55.250000823289156       0.99585060080753707     
   55.350000824779272       0.99784006840323536     
   55.450000826269388       0.99519090789721421     
   55.550000827759504       0.99366374478197850     
   55.650000829249620       0.99703493138669952     
   55.750000830739737       0.99501429719681278     
   55.850000832229853        1.0008995890660715     
   55.950000833719969       0.99604279480503277     
   56.050000835210085       0.99837509493680432     
   56.150000836700201       0.99791279045634185     
   56.250000838190317       0.99643757166475355     
   56.350000839680433       0.99793356818580081     
   56.450000841170549        1.0013411158170751     
   56.550000842660666        1.0004944233416213     
   56.650000844150782        1.0044681641006530     
   56.750000845640898        1.0049148852840213     
   56.850000847131014        1.0043071366973457     
   56.950000848621130       0.99877506622888990     
   57.050000850111246        1.0011593106843089     
   57.150000851601362        1.0030189174708883     
   57.250000853091478        1.0004372845856091     
   57.350000854581594       0.99912309319732795     
   57.450000856071711        1.0035539440044574     
   57.550000857561827        1.0032682502243964     
   57.650000859051943        1.0094392358737161     
   57.750000860542059        1.0096418187359413     
   57.850000862032175        1.0065407426141872     
   57.950000863522291        1.0006502563125637     
   58.050000865012407        1.0047694411778083     
   58.150000866502523        1.0044837473977473     
   58.250000867992640        1.0054706895470491     
   58.350000869482756        1.0038915821081660     
   58.450000870972872        1.0047486634483493     
   58.550000872462988        1.0032682502243964     
   58.650000873953104        1.0024527243431309     
   58.750000875443220        1.0016995316502426     
   58.850000876933336        1.0049824129047629     
   58.950000878423452       0.99914387092678691     
   59.050000879913568        1.0045824416126774     
   59.150000881403685        1.0037357491372236     
   59.250000882893801       0.99525324108559121     
   59.350000884383917        1.0058862441362291     
   59.450000885874033        1.0042292202118746     
   59.550000887364149        1.0019748365655743     
   59.650000888854265        1.0040941649703912     
   59.750000890344381        1.0032630557920317     
   59.850000891834497        1.0026605016377208     
   59.950000893324614        1.0024423354784016     
   60.050000894814730        1.0014709766261938     
   60.150000896304846        1.0031539727123719     
   60.250000897794962        1.0038292489197891     
   60.350000899285078       0.99890492703800859     
   60.450000900775194       0.99966850859562639     
   60.550000902265310        1.0034604442218920     
   60.650000903755426        1.0027591958526512     
   60.750000905245543       0.99986589702548678     
   60.850000906735659       0.99563762908058251     
   60.950000908225775        1.0034240831953387     
   61.050000909715891       0.99501949162917758     
   61.150000911206007        1.0028578900675813     
   61.250000912696123        1.0000632854553473     
   61.350000914186239       0.99884259384963159     
   61.450000915676355        1.0038344433521538     
   61.550000917166471       0.99045878001292942     
   61.650000918656588       0.99609473912868018     
   61.750000920146704       0.99859326109612367     
   61.850000921636820       0.99571554556605368     
   61.950000923126936       0.99809979002147275     
   62.050000924617052       0.99367932807907267     
   62.150000926107168       0.99706609798088797     
   62.250000927597284       0.99631809972036434     
   62.350000929087400       0.99751281916425627     
   62.450000930577517        1.0007853115540470     
   62.550000932067633       0.99732062516676057     
   62.650000933557749       0.99817770650694393     
   62.750000935047865        1.0023540301282008     
   62.850000936537981       0.99822965083059134     
   62.950000938028097       0.99419877131554746     
   63.050000939518213        1.0013307269523455     
   63.150000941008329       0.99373127240272019     
   63.250000942498446       0.99603240594030329     
   63.350000943988562       0.99894128806456173     
   63.450000945478678       0.99611551685813926     
   63.550000946968794       0.99801148467127199     
   63.650000948458910       0.99809979002147275     
   63.750000949949026       0.99872312190524237     
   63.850000951439142       0.99840626153099277     
   63.950000952929258       0.99691026500994562     
   64.050000954419374       0.99678040420082692     
   64.150000955909491       0.99810498445383744     
   64.250000957399607       0.99555971259511122     
   64.350000958889723       0.99954903665123718     
   64.450000960379839       0.99598565604902056     
   64.550000961869955       0.99731543073439588     
   64.650000963360071       0.99640121063820031     
   64.750000964850187       0.99711284787217069     
   64.850000966340303        1.0011385329548499     
   64.950000967830420        1.0008112837158709     
   65.050000969320536        1.0027332236908273     
   65.150000970810652       0.99654146031204849     
   65.250000972300768       0.99713362560162966     
   65.350000973790884        1.0033150001156790     
   65.450000975281000       0.99740893051696133     
   65.550000976771116        1.0013826712759930     
   65.650000978261232       0.99914387092678691     
   65.750000979751348       0.99980875826947457     
   65.850000981241465        1.0006138952860104     
   65.950000982731581        1.0031280005505481     
   66.050000984221697        1.0019904198626686     
   66.150000985711813        1.0027020570966390     
   66.250000987201929        1.0031487782800070     
   66.350000988692045       0.99911789876496315     
   66.450000990182161        1.0020371697539512     
   66.550000991672277        1.0021826138601642     
   66.650000993162394        1.0038811932434366     
   66.750000994652510        1.0071277134714036     
   66.850000996142626        1.0039850818907314     
   66.950000997632742       0.99972045291927392     
   67.050000999122858        1.0053875786292132     
   67.150001000612974        1.0026864737995447     
   67.250001002103090        1.0043279144268047     
   67.350001003593206        1.0057979387860283     
   67.450001005083323        1.0005723398270925     
   67.550001006573439        1.0036422493546582     
   67.650001008063555       0.99945553686867172     
   67.750001009553671        1.0046655525305133     
   67.850001011043787        1.0027955568792044     
   67.950001012533903        1.0004320901532442     
   68.050001014024019       0.99965292529853211     
   68.150001015514135       0.99581943421334862     
   68.250001017004251        1.0014709766261938     
   68.350001018494368        1.0019644477008447     
   68.450001019984484        1.0004061179914205     
   68.550001021474600        1.0021202806717870     
   68.650001022964716       0.99923217627698768     
   68.750001024454832        1.0012060605755917     
   68.850001025944948        1.0001308130760889     
   68.950001027435064        1.0022397526161764     
   69.050001028925180        1.0004320901532442     
   69.150001030415297       0.99755437462317420     
   69.250001031905413       0.99725309754601887     
   69.350001033395529       0.99770501316175186     
   69.450001034885645       0.99785565170032953     
   69.550001036375761       0.99723231981655991     
   69.650001037865877       0.99870234417578341     
   69.750001039355993       0.99861403882558264     
   69.850001040846109       0.99941398140975379     
   69.950001042336226       0.99809979002147275     
   70.050001043826342       0.99927892616827041     
   70.150001045316458       0.99812056775093172     
   70.250001046806574       0.99817251207457913     
   70.350001048296690       0.99749723586716199     
   70.450001049786806       0.99880103839071355     
   70.550001051276922        1.0006398674478341     
   70.650001052767038        1.0000269244287940     
   70.750001054257154       0.99649471042076576     
   70.850001055747271       0.99942437027448328     
   70.950001057237387        1.0016060318676772     
   71.050001058727503       0.99638043290874134     
   71.150001060217619       0.99893089919983225     
   71.250001061707735       0.99912309319732795     
   71.350001063197851       0.99896206579402080     
   71.450001064687967       0.99867117758159496     
   71.550001066178083       0.99741412494932602     
   71.650001067668200       0.99385593877947409     
   71.750001069158316        1.0005203955034450     
   71.850001070648432        1.0019073089448325     
   71.950001072138548       0.99988148032258106     
   72.050001073628664        1.0008320614453299     
   72.150001075118780        1.0034084998982444     
   72.250001076608896        1.0039123598376249     
   72.350001078099012        1.0012631993316039     
   72.450001079589128        1.0017306982444312     
   72.550001081079245        1.0001983406968307     
   72.650001082569361        1.0029150288235935     
   72.750001084059477       0.99936203708610627     
   72.850001085549593       0.99827120628950938     
   72.950001087039709        1.0027799735821101     
   73.050001088529825        1.0020163920244922     
   73.150001090019941       0.99777773521485835     
   73.250001091510057       0.99878026066125458     
   73.350001093000174        1.0031072228210891     
   73.450001094490290        1.0038604155139774     
   73.550001095980406        1.0021774194277995     
   73.650001097470522        1.0011593106843089     
   73.750001098960638        1.0004217012885148     
   73.850001100450754        1.0012476160345096     
   73.950001101940870        1.0014501988967348     
   74.050001103430986       0.99674923760663836     
   74.150001104921103        1.0013774768436283     
   74.250001106411219        1.0019176978095621     
   74.350001107901335       0.99499871389971850     
   74.450001109391451       0.99778292964722315     
   74.550001110881567        1.0009982832810018     
   74.650001112371683        1.0002814516146665     
   74.750001113861799       0.99864001098740640     
   74.850001115351915       0.99980875826947457     
   74.950001116842031       0.99678040420082692     
   75.050001118332148       0.99943475913921276     
   75.150001119822264        1.0000684798877120     
   75.250001121312380        1.0016423928942304     
   75.350001122802496       0.99811537331856692     
   75.450001124292612       0.99669209885062615     
   75.550001125782728        1.0055226338706966     
   75.650001127272844       0.99822445639822666     
   75.750001128762960       0.99861403882558264     
   75.850001130253077        1.0033669444393265     
   75.950001131743193        1.0049252741487507     
   76.050001133233309        1.0014190323025463     
   76.150001134723425        1.0013047547905218     
   76.250001136213541       0.99989186918731054     
   76.350001137703657        1.0002918404793961     
   76.450001139193773        1.0017774481357138     
   76.550001140683889       0.99639601620583562     
   76.650001142174006        1.0024631132078605     
   76.750001143664122       0.99545582394781629     
   76.850001145154238       0.99932567605955303     
   76.950001146644354       0.99909192660313950     
   77.050001148134470        1.0002295072910192     
   77.150001149624586        1.0030708617945359     
   77.250001151114702       0.99389229980602734     
   77.350001152604818        1.0006450618801990     
   77.450001154094934       0.99998017453751120     
   77.550001155585051       0.99541426848889836     
   77.650001157075167       0.99972045291927392     
   77.750001158565283       0.99410527153298200     
   77.850001160055399       0.99946073130103652     
   77.950001161545515       0.99934645378901210     
   78.050001163035631       0.99970486962217964     
   78.150001164525747        1.0017306982444312     
   78.250001166015863        1.0011593106843089     
   78.350001167505980       0.99419357688318266     
   78.450001168996096       0.99820367866876769     
   78.550001170486212       0.99538310189470980     
   78.650001171976328       0.99952825892177821     
   78.750001173466444       0.99686351511866289     
   78.850001174956560       0.99909712103550419     
   78.950001176446676       0.99810498445383744     
   79.050001177936792       0.99882701055253731     
   79.150001179426908        1.0000321188611587     
   79.250001180917025       0.99678559863319161     
   79.350001182407141       0.99874909406706613     
   79.450001183897257       0.99806342899491951     
   79.550001185387373       0.99902439898239770     
   79.650001186877489       0.99884259384963159     
   79.750001188367605        1.0022241693190821     
   79.850001189857721       0.99888934374091432     
   79.950001191347837       0.99926334287117613     
   80.050001192837954       0.99901920455003301     
   80.150001194328070        1.0030760562269008     
   80.250001195818186        1.0000736743200767     
   80.350001197308302        1.0029150288235935     
   80.450001198798418        1.0022397526161764     
   80.550001200288534        1.0019696421332094     
   80.650001201778650       0.99889453817327900     
   80.750001203268766        1.0034033054658797     
   80.850001204758883        1.0035435551397278     
   80.950001206248999       0.99996978567278172     
   81.050001207739115        1.0037565268666826     
   81.150001209229231        1.0021826138601642     
   81.250001210719347        1.0034708330866215     
   81.350001212209463        1.0045045251272062     
   81.450001213699579        1.0029773620119704     
   81.550001215189695        1.0035591384368221     
   81.650001216679811       0.99950748119231925     
   81.750001218169928        1.0053979674939428     
   81.850001219660044        1.0042603868060631     
   81.950001221150160        1.0048681353927384     
   82.050001222640276        1.0031851393065603     
   82.150001224130392        1.0008060892835060     
   82.250001225620508        1.0025202519638727     
   82.350001227110624        1.0016216151647714     
   82.450001228600740        1.0033617500069618     
   82.550001230090857        1.0040526095114732     
   82.650001231580973        1.0072056299568748     
   82.750001233071089        1.0006710340420226     
   82.850001234561205       0.99908153773840991     
   82.950001236051321       0.99887895487618483     
   83.050001237541437       0.99910750990023367     
   83.150001239031553       0.99839587266626328     
   83.250001240521669        1.0009099779308011     
   83.350001242011786        1.0002502850204782     
   83.450001243501902       0.99913867649442223     
   83.550001244992018       0.99848937244882874     
   83.650001246482134       0.99902439898239770     
   83.750001247972250       0.99701934808960524     
   83.850001249462366       0.99807381785964899     
   83.950001250952482       0.99602201707557381     
   84.050001252442598       0.99546101838018108     
   84.150001253932714       0.99951267562468393     
   84.250001255422831       0.99522207449140265     
   84.350001256912947       0.99974123064873288     
   84.450001258403063       0.99768942986465770     
   84.550001259893179        1.0004892289092564     
   84.650001261383295       0.99569476783659472     
   84.750001262873411       0.99683234852447433     
   84.850001264363527       0.99963734200143795     
   84.950001265853643       0.99481171433458759     
   85.050001267343760       0.99897245465875029     
   85.150001268833876       0.99798031807708354     
   85.250001270323992       0.99999575783460548     
   85.350001271814108       0.99875948293179562     
   85.450001273304224       0.99984511929602782     
   85.550001274794340       0.99759073564972744     
   85.650001276284456       0.99678559863319161     
   85.750001277774572       0.99942437027448328     
   85.850001279264688        1.0000113411316998     
   85.950001280754805       0.99769981872938718     
   86.050001282244921        1.0021306695365166     
   86.150001283735037       0.99737256949040809     
   86.250001285225153       0.99551296270382850     
   86.350001286715269       0.99727387527547784     
   86.450001288205385       0.99985031372839261     
   86.550001289695501        1.0017566704062548     
   86.650001291185617       0.99871273304051289     
   86.750001292675734       0.99799070694181302     
   86.850001294165850       0.99584540637517238     
   86.950001295655966        1.0004372845856091     
   87.050001297146082       0.99837509493680432     
   87.150001298636198        1.0046863302599724     
   87.250001300126314       0.99825562299241510     
   87.350001301616430        1.0002658683175722     
   87.450001303106546       0.99567918453950044     
   87.550001304596663        1.0015436986793003     
   87.650001306086779       0.99811537331856692     
   87.750001307576895        1.0005411732329039     
   87.850001309067011       0.99918023195334016     
   87.950001310557127        1.0048733298251031     
   88.050001312047243        1.0010294498751902     
   88.150001313537359        1.0011696995490384     
   88.250001315027475       0.99714920889872394     
   88.350001316517591       0.99701934808960524     
   88.450001318007708        1.0017203093797016     
   88.550001319497824        1.0008112837158709     
   88.650001320987940        1.0006087008536457     
   88.750001322478056        1.0012631993316039     
   88.850001323968172        1.0000736743200767     
   88.950001325458288       0.99989706361967534     
   89.050001326948404        1.0016371984618657     
   89.150001328438520        1.0014346155996405     
   89.250001329928637        1.0034604442218920     
   89.350001331418753        1.0014138378701816     
   89.450001332908869        1.0021670305630699     
   89.550001334398985        1.0034500553571624     
   89.650001335889101        1.0027643902850158     
   89.750001337379217        1.0008060892835060     
   89.850001338869333       0.99671807101244991     
   89.950001340359449        1.0017255038120663     
   90.050001341849566        1.0021410584012462     
   90.150001343339682       0.99948150903049549     
   90.250001344829798        1.0029513898501468     
   90.350001346319914       0.99805823456255471     
   90.450001347810030        1.0003905346943263     
   90.550001349300146       0.99667132112116719     
   90.650001350790262       0.99846859471936977     
   90.750001352280378        1.0023124746692829     
   90.850001353770494        1.0022605303456353     
   90.950001355260611        1.0058187165154873     
   91.050001356750727        1.0010034777133665     
   91.150001358240843        1.0045616638832184     
   91.250001359730959       0.99832315061315680     
   91.350001361221075        1.0014501988967348     
   91.450001362711191        1.0011852828461327     
   91.550001364201307        1.0032007226036546     
   91.650001365691423        1.0023644189929304     
   91.750001367181540        1.0002347017233839     
   91.850001368671656        1.0036682215164818     
   91.950001370161772        1.0022137804543525     
   92.050001371651888        1.0015852541382182     
   92.150001373142004        1.0028475012028517     
   92.250001374632120        1.0013618935465340     
   92.350001376122236       0.99841665039572225     
   92.450001377612352        1.0000477021582530     
   92.550001379102468        1.0007697282569528     
   92.650001380592585        1.0023592245605655     
   92.750001382082701        1.0010710053341081     
   92.850001383572817       0.99750243029952679     
   92.950001385062933        1.0002139239939249     
   93.050001386553049        1.0033201945480439     
   93.150001388043165       0.99718556992527718     
   93.250001389533281        1.0019540588361153     
   93.350001391023397        1.0017722537033491     
   93.450001392513514       0.99712843116926497     
   93.550001394003630       0.99623498880252837     
   93.650001395493746        1.0020527530510455     
   93.750001396983862       0.99969448075745015     
   93.850001398473978       0.99916464865624588     
   93.950001399964094       0.99678559863319161     
   94.050001401454210       0.99831795618079211     
   94.150001402944326       0.99486365865823512     
   94.250001404434443       0.99805823456255471     
   94.350001405924559       0.99769981872938718     
   94.450001407414675       0.99572593443078317     
   94.550001408904791       0.99568957340422992     
   94.650001410394907       0.99750243029952679     
   94.750001411885023       0.99567399010713564     
   94.850001413375139       0.99675443203900316     
   94.950001414865255       0.99964253643380263     
   95.050001416355371       0.99909192660313950     
   95.150001417845488       0.99362738375542525     
   95.250001419335604        1.0010658109017434     
   95.350001420825720       0.99767904099992821     
   95.450001422315836       0.99687390398339237     
   95.550001423805952       0.99786604056505912     
   95.650001425296068       0.99540907405653356     
   95.750001426786184       0.99697259819832251     
   95.850001428276300       0.99813615104802589     
   95.950001429766417       0.99847378915173457     
   96.050001431256533       0.99630251642327017     
   96.150001432746649       0.99771020759411666     
   96.250001434236765        1.0009255612278953     
   96.350001435726881       0.99778812407958783     
   96.450001437216997       0.99891012147037328     
   96.550001438707113       0.99690507057758082     
   96.650001440197229       0.99782448510614108     
   96.750001441687346        1.0001152297789946     
   96.850001443177462       0.99736218062567861     
   96.950001444667578        1.0025514185580613     
   97.050001446157694        1.0026449183406265     
   97.150001447647810       0.99867637201395965     
   97.250001449137926        1.0055745781943441     
   97.350001450628042       0.99776215191776418     
   97.450001452118158        1.0076419622755135     
   97.550001453608274        1.0037565268666826     
   97.650001455098391       0.99772579089121094     
   97.750001456588507        1.0040526095114732     
   97.850001458078623        1.0013359213847104     
   97.950001459568739        1.0076263789784194     
   98.050001461058855        1.0022968913721886     
   98.150001462548971        1.0019644477008447     
   98.250001464039087        1.0077718230846322     
   98.350001465529203       0.99935684265374158     
   98.450001467019320        1.0014969487880174     
   98.550001468509436        1.0030916395239948     
   98.650001469999552       0.99849976131355822     
   98.750001471489668       0.99969967518981484     
   98.850001472979784        1.0029981397414294     
   98.950001474469900       0.99874389963470134     
   99.050001475960016       0.99956981438069625     
   99.150001477450132        1.0001723685350068     
   99.250001478940248        1.0016943372178779     
   99.350001480430365        1.0026916682319094     
   99.450001481920481        1.0039383319994488     
   99.550001483410597        1.0039539152965429     
   99.650001484900713        1.0010242554428255     
   99.750001486390829        1.0045304972890299     
   99.850001487880945       0.99718037549291239     
   99.950001489371061       0.99833873391025107     
   100.05000149086118       0.99771020759411666     
   100.15000149235129        1.0046136082068660     
   100.25000149384141        1.0006918117714816     
   100.35000149533153        1.0012891714934276     
   100.45000149682164        1.0022397526161764     
   100.55000149831176        1.0041616925911327     
   100.65000149980187        1.0011125607930262     
   100.75000150129199        1.0047798300425379     
   100.85000150278211       0.99887376044382004     
   100.95000150427222       0.99739854165223185     
   101.05000150576234        1.0013359213847104     
   101.15000150725245        1.0005152010710803     
   101.25000150874257        1.0009151723631657     
   101.35000151023269       0.99944514800394224     
   101.45000151172280       0.99927892616827041     
   101.55000151321292       0.99890492703800859     
   101.65000151470304       0.99855170563720574     
   101.75000151619315        1.0013774768436283     
   101.85000151768327        1.0007541449598587     
   101.95000151917338        1.0012008661432268     
   102.05000152066350        1.0012060605755917     
   102.15000152215362       0.99900881568530353     
   102.25000152364373       0.99914906535915171     
   102.35000152513385        1.0019904198626686     
   102.45000152662396       0.99810498445383744     
   102.55000152811408       0.99686351511866289     
   102.65000152960420       0.99839067823389860     
   102.75000153109431        1.0025618074227907     
   102.85000153258443       0.99629732199090537     
   102.95000153407454       0.99943995357157756     
   103.05000153556466       0.99555451816274654     
   103.15000153705478        1.0009099779308011     
   103.25000153854489       0.99256252512065202     
   103.35000154003501       0.99853612234011146     
   103.45000154152513       0.99645315496184783     
   103.55000154301524       0.99787642942978860     
   103.65000154450536       0.99655184917677797     
   103.75000154599547       0.99362738375542525     
   103.85000154748559       0.99820367866876769     
   103.95000154897571       0.99647393269130680     
   104.05000155046582       0.99462990920182148     
   104.15000155195594       0.99816731764221445     
   104.25000155344605       0.99899842682057405     
   104.35000155493617       0.99657262690623694     
   104.45000155642629       0.99111327849088748     
   104.55000155791640       0.99938281481556535     
   104.65000155940652        1.0001204242113595     
   104.75000156089664       0.99607396139922122     
   104.85000156238675       0.99836470607207484     
   104.95000156387687       0.99698818149541679     
   105.05000156536698       0.99998536896987600     
   105.15000156685710        1.0010346443075551     
   105.25000156834722       0.99988148032258106     
   105.35000156983733       0.99445849293378485     
   105.45000157132745       0.99786604056505912     
   105.55000157281756        1.0000632854553473     
   105.65000157430768       0.99868156644632444     
   105.75000157579780        1.0004061179914205     
   105.85000157728791        1.0023176691016475     
   105.95000157877803        1.0000425077258883     
   106.05000158026814        1.0007333672303995     
   106.15000158175826        1.0044421919388291     
   106.25000158324838        1.0012164494403211     
   106.35000158473849        1.0011385329548499     
   106.45000158622861        1.0033773333040561     
   106.55000158771873        1.0068472141237073     
   106.65000158920884        1.0037876934608712     
   106.75000159069896        1.0041461092940387     
   106.85000159218907        1.0026293350435325     
   106.95000159367919        1.0064887982905397     
   107.05000159516931        1.0051901901993527     
   107.15000159665942        1.0009567278220837     
   107.25000159814954        1.0059174107304174     
   107.35000159963965        1.0012735881963333     
   107.45000160112977        1.0045876360450421     
   107.55000160261989        1.0014969487880174     
   107.65000160411000       0.99996978567278172     
   107.75000160560012        1.0034656386542566     
   107.85000160709023        1.0003333959383141     
   107.95000160858035        1.0019228922419268     
   108.05000161007047        1.0033253889804086     
   108.15000161156058        1.0004580623150681     
   108.25000161305070        1.0011489218195795     
   108.35000161454082        1.0003282015059494     
   108.45000161603093        1.0039591097289078     
   108.55000161752105        1.0049408574458449     
   108.65000161901116       0.99819328980403821     
   108.75000162050128       0.99887376044382004     
   108.85000162199140       0.99997498010514652     
   108.95000162348151       0.99610512799340978     
   109.05000162497163        1.0003074237764904     
   109.15000162646174        1.0003905346943263     
   109.25000162795186       0.99686870955102758     
   109.35000162944198        1.0026241406111676     
   109.45000163093209       0.99740893051696133     
   109.55000163242221        1.0015540875440296     
   109.65000163391232       0.99808940115674316     
   109.75000163540244        1.0019280866742915     
   109.85000163689256       0.99782967953850588     
   109.95000163838267       0.99968409189272067     
   110.05000163987279       0.99716998662818290     
   110.15000164136291       0.99939839811265951     
   110.25000164285302       0.99972564735163860     
   110.35000164434314       0.99724790311365419     
   110.45000164583325       0.99637523847637655     
   110.55000164732337       0.99988667475494575     
   110.65000164881349        1.0003801458295969     
   110.75000165030360       0.99893609363219704     
   110.85000165179372       0.99739854165223185     
   110.95000165328383       0.99771540202648146     
   111.05000165477395       0.99733101403149005     
   111.15000165626407       0.99692065387467510     
   111.25000165775418       0.99879584395834886     
   111.35000165924430       0.99819328980403821     
   111.45000166073442        1.0024059744518483     
   111.55000166222453        1.0023020858045533     
   111.65000166371465       0.99607396139922122     
   111.75000166520476       0.99677520976846212     
   111.85000166669488       0.99937242595083575     
   111.95000166818500       0.99962695313670846     
   112.05000166967511       0.99667132112116719     
   112.15000167116523        1.0000217299964291     
   112.25000167265534        1.0029461954177821     
   112.35000167414546       0.99969967518981484     
   112.45000167563558       0.99996459124041703     
   112.55000167712569        1.0009619222544486     
   112.65000167861581        1.0018345868917260     
   112.75000168010592       0.99926853730354082     
   112.85000168159604        1.0045097195595709     
   112.95000168308616       0.99760631894682172     
   113.05000168457627       0.99833353947788639     
   113.15000168606639       0.99628693312617589     
   113.25000168755651       0.99801667910363678     
   113.35000168904662        1.0001983406968307     
   113.45000169053674        1.0034344720600683     
   113.55000169202685        1.0009307556602600     
   113.65000169351697        1.0004528678827032     
   113.75000169500709        1.0003022293441255     
   113.85000169649720        1.0017826425680785     
   113.95000169798732       0.99991264691676951     
   114.05000169947743       0.99754398575844472     
   114.15000170096755        1.0005203955034450     
   114.25000170245767        1.0005671453947278     
   114.35000170394778        1.0002814516146665     
   114.45000170543790       0.99969448075745015     
   114.55000170692801        1.0017514759738901     
   114.65000170841813       0.99867117758159496     
   114.75000170990825       0.99144052772986657     
   114.85000171139836       0.99961136983961418     
   114.95000171288848        1.0029877508767000     
   115.05000171437860        1.0012060605755917     
   115.15000171586871       0.99814653991275548     
   115.25000171735883        1.0012528104668743     
   115.35000171884894       0.99579865648388965     
   115.45000172033906        1.0014242267349109     
   115.55000172182918        1.0025202519638727     
   115.65000172331929        1.0005463676652686     
   115.75000172480941       0.99953345335414301     
   115.85000172629952       0.99634926631455289     
   115.95000172778964        1.0022241693190821     
   116.05000172927976        1.0020111975921275     
   116.15000173076987       0.99904517671185677     
   116.25000173225999        1.0015073376527470     
   116.35000173375010        1.0045408861537595     
   116.45000173524022       0.99951267562468393     
   116.55000173673034        1.0037201658401294     
   116.65000173822045        1.0044785529653824     
   116.75000173971057        1.0029202232559582     
   116.85000174120069        1.0018969200801031     
   116.95000174269080       0.99908153773840991     
   117.05000174418092        1.0032838335214906     
   117.15000174567103        1.0012476160345096     
   117.25000174716115       0.99923737070935237     
   117.35000174865127        1.0044473863711940     
   117.45000175014138        1.0010086721457312     
   117.55000175163150       0.99995420237568755     
   117.65000175312161        1.0001308130760889     
   117.75000175461173       0.99645834939421252     
   117.85000175610185       0.99608954469631550     
   117.95000175759196        1.0020527530510455     
   118.05000175908208       0.99908153773840991     
   118.15000176057220       0.99811537331856692     
   118.25000176206231        1.0038292489197891     
   118.35000176355243        1.0001412019408185     
   118.45000176504254        1.0012631993316039     
   118.55000176653266       0.99134702794730112     
   118.65000176802278       0.99792837375343602     
   118.75000176951289       0.99868156644632444     
   118.85000177100301       0.99638043290874134     
   118.95000177249312       0.99945034243630704     
   119.05000177398324       0.99812056775093172     
   119.15000177547336        1.0010813941988377     
   119.25000177696347       0.99709207014271173     
   119.35000177845359       0.99966850859562639     
   119.45000177994370       0.99907634330604522     
   119.55000178143382       0.99958539767779042     
   119.65000178292394       0.99486365865823512     
   119.75000178441405       0.99791279045634185     
   119.85000178590417       0.99907634330604522     
   119.95000178739429        1.0014605877614642     
   120.05000178888440       0.99797512364471874     
   120.15000179037452        1.0005827286918219     
   120.25000179186463        1.0018138091622670     
   120.35000179335475        1.0002191184262896     
   120.45000179484487       0.99962175870434367     
   120.55000179633498        1.0010398387399198     
   120.65000179782510        1.0000321188611587     
   120.75000179931521       0.99986589702548678     
   120.85000180080533        1.0039694985936372     
   120.95000180229545        1.0027851680144748     
   121.05000180378556        1.0022865025074590     
