   5.0000000000000000       0.62239170078602102     
   15.000000000000000       0.84600716928365050     
   25.000000000000000        1.2726529168061635     
   35.000000000000000        1.2511659738614602     
   45.000000000000000        1.1050940317467406     
   55.000000000000000        1.1492508630509730     
   65.000000000000000        1.0880673747923639     
   75.000000000000000        1.0990484049750699     
   85.000000000000000        1.0470521362291443     
   95.000000000000000        1.0800558284890873     
   105.00000000000000        1.0214224602640778     
   115.00000000000000       0.99086222902492238     
   125.00000000000000        1.0481381189050498     
   135.00000000000000        1.0415810136855752     
   145.00000000000000       0.98711219509718595     
   155.00000000000000       0.96706272475697375     
   165.00000000000000       0.96655367037764306     
   175.00000000000000       0.98290643629652485     
   185.00000000000000        1.0371667849962358     
   195.00000000000000       0.98046539934421029     
   205.00000000000000        1.0642072688125901     
   215.00000000000000        1.0602705816124325     
   225.00000000000000        1.0328907282098576     
   235.00000000000000       0.97872007004364769     
   245.00000000000000       0.97150119413104319     
   255.00000000000000        1.0165452344963948     
   265.00000000000000       0.95849364270490622     
   275.00000000000000        1.0569423355989986     
   285.00000000000000        1.0571241407344738     
   295.00000000000000        1.0343330489512947     
   305.00000000000000        1.0635091370923651     
   315.00000000000000        1.0595724498922074     
   325.00000000000000       0.96223155629027768     
   335.00000000000000        1.0129382206085655     
   345.00000000000000       0.93426265424876298     
   355.00000000000000        1.0247119211819438     
   365.00000000000000        1.0142132806253654     
   375.00000000000000       0.96975344076200765     
   385.00000000000000       0.94310808010675284     
   395.00000000000000        1.0143369081174887     
   405.00000000000000       0.96110678851880404     
   415.00000000000000        1.0300860809865924     
   425.00000000000000        1.0972885312636693     
   435.00000000000000       0.96145585437891656     
   445.00000000000000       0.93984770801056317     
   455.00000000000000       0.97644144567902436     
   465.00000000000000       0.94380863589545094     
   475.00000000000000       0.89776830338769487     
   485.00000000000000       0.95763067432851701     
   495.00000000000000        1.0846397419715370     
   505.00000000000000        1.0417749391634155     
   515.00000000000000        1.0731811702996492     
   525.00000000000000        1.0999986398164872     
   535.00000000000000        1.1420125945905844     
   545.00000000000000        1.0656156525954052     
   555.00000000000000        1.1480654935676742     
   565.00000000000000        1.0852845441853558     
   575.00000000000000        1.0151562432613637     
   585.00000000000000        1.0801091579954933     
   595.00000000000000        1.1272475935215198     
   605.00000000000000        1.1070720716207116     
   615.00000000000000        1.0620789366932930     
   625.00000000000000        1.0641418189638190     
   635.00000000000000       0.89741923752758235     
   645.00000000000000       0.94665206821428405     
   655.00000000000000        1.0477696604971531     
   665.00000000000000       0.90718823347378663     
   675.00000000000000        1.0216091135364991     
   685.00000000000000        1.0028589438978168     
   695.00000000000000       0.94485825754426145     
   705.00000000000000       0.91075888633452073     
   715.00000000000000       0.93769271113806296     
   725.00000000000000        1.0095566450887257     
   735.00000000000000       0.88454985800440666     
   745.00000000000000       0.89244747308945216     
   755.00000000000000       0.88722602959860253     
   765.00000000000000       0.91985156717675698     
   775.00000000000000       0.86191390660349965     
   785.00000000000000       0.93010780088603495     
   795.00000000000000       0.97839524486826523     
   805.00000000000000       0.99560613102659035     
   815.00000000000000       0.93675702070748368     
   825.00000000000000       0.98733520939670227     
   835.00000000000000        1.0372807162144670     
   845.00000000000000       0.95790944220291241     
   855.00000000000000       0.98704674524841485     
   865.00000000000000       0.97391556633015475     
   875.00000000000000        1.1309685386275803     
   885.00000000000000        1.0087663987665265     
   895.00000000000000        1.0427712313058199     
   905.00000000000000        1.0722600242799079     
   915.00000000000000        1.0697874744374443     
   925.00000000000000        1.0222369472710071     
   935.00000000000000        1.0227678182665949     
   945.00000000000000        1.0330725333453328     
   955.00000000000000        1.1064248453384196     
   965.00000000000000        1.0192359505014288     
   975.00000000000000        1.0000979299070658     
   985.00000000000000       0.93445900379507629     
   995.00000000000000       0.99278936346096025     
   1005.0000000000000        1.0154956128475843     
   1015.0000000000000       0.98258888332656136     
   1025.0000000000000        1.1284329630048187     
   1035.0000000000000        1.0367910543829202     
   1045.0000000000000        1.0762185280963226     
   1055.0000000000000        1.0891727500160535     
   1065.0000000000000       0.97156179584286828     
   1075.0000000000000        1.0480411561661296     
   1085.0000000000000        1.0385872891214158     
   1095.0000000000000       0.98565290587643783     
   1105.0000000000000        1.0981611959139506     
   1115.0000000000000        1.1283602409506286     
   1125.0000000000000        1.1117480997051354     
   1135.0000000000000        1.0133284956327191     
   1145.0000000000000        1.0644739163446206     
   1155.0000000000000        1.0180481569496569     
   1165.0000000000000        1.1142618587116400     
   1175.0000000000000        1.1179173539689293     
   1185.0000000000000       0.99431410253047947     
   1195.0000000000000        1.0491683480060763     
   1205.0000000000000        1.0768196970776276     
   1215.0000000000000       0.99956463484300506     
   1225.0000000000000        1.0293806770609484     
   1235.0000000000000        1.0484023423686071     
   1245.0000000000000        1.0600984727508491     
   1255.0000000000000        1.0335185619443654     
   1265.0000000000000       0.90428662351160138     
   1275.0000000000000       0.96604461599831226     
   1285.0000000000000       0.94404377053733224     
   1295.0000000000000       0.96734391669984221     
   1305.0000000000000       0.93917381697506819     
   1315.0000000000000       0.89253231548600720     
   1325.0000000000000       0.99049861875397183     
   1335.0000000000000        1.0404417015032636     
   1345.0000000000000        1.0661028903584788     
   1355.0000000000000        1.0042939924338350     
   1365.0000000000000       0.98288219561179480     
   1375.0000000000000        1.0905665893880305     
   1385.0000000000000        1.0058575165989223     
   1395.0000000000000        1.0173379048870670     
   1405.0000000000000        1.0757628032233979     
   1415.0000000000000        1.0520045081194904     
   1425.0000000000000        1.1257301266574198     
   1435.0000000000000        1.1362966411312421     
   1445.0000000000000        1.1031547769683379     
   1455.0000000000000        1.0537861984471479     
   1465.0000000000000        1.0645660309465947     
   1475.0000000000000        1.2202591008306654     
   1485.0000000000000        1.0776002471259347     
   1495.0000000000000        1.1299795186905950     
   1505.0000000000000        1.0759397602219272     
   1515.0000000000000        1.1115832630489710     
   1525.0000000000000        1.1584429307006023     
   1535.0000000000000        1.0258221445425793     
   1545.0000000000000        1.0876407387411153     
   1555.0000000000000        1.0346699944690421     
   1565.0000000000000        1.0600063581488750     
   1575.0000000000000        1.0483150759035791     
   1585.0000000000000        1.0524190238283739     
   1595.0000000000000       0.96687364741607951     
   1605.0000000000000        1.0681100190541259     
   1615.0000000000000        1.0545279633998870     
   1625.0000000000000        1.1324375241222204     
   1635.0000000000000        1.1243629520386458     
   1645.0000000000000        1.0803539889112668     
   1655.0000000000000        1.0586343353931551     
   1665.0000000000000        1.0296303561136679     
   1675.0000000000000       0.99060285369831103     
   1685.0000000000000       0.93631099210845103     
   1695.0000000000000       0.88422988096597022     
   1705.0000000000000       0.99103433788650563     
   1715.0000000000000        1.0499173851642343     
   1725.0000000000000        1.0152774466850139     
   1735.0000000000000        1.0508506515263407     
   1745.0000000000000       0.99314085338954572     
   1755.0000000000000       0.91443862227654016     
   1765.0000000000000       0.92236290211478866     
   1775.0000000000000       0.93325424176399352     
   1785.0000000000000       0.86763470819978805     
   1795.0000000000000       0.95596049115061754     
   1805.0000000000000        1.0325707511714211     
   1815.0000000000000        1.0220696865463699     
   1825.0000000000000        1.0302897027383249     
   1835.0000000000000        1.0142593379263525     
   1845.0000000000000       0.95043361503216950     
   1855.0000000000000       0.98376698060444101     
   1865.0000000000000        1.0513306170839953     
   1875.0000000000000       0.89731742665171621     
   1885.0000000000000       0.88207730816194307     
   1895.0000000000000       0.97080306241081815     
   1905.0000000000000       0.95933237039656549     
   1915.0000000000000       0.88251121641861063     
   1925.0000000000000        1.0240937837213278     
   1935.0000000000000        1.0123612923119907     
   1945.0000000000000        1.1046843641748030     
   1955.0000000000000        1.0162082889786472     
   1965.0000000000000       0.97333863803357989     
   1975.0000000000000       0.93078654005847594     
   1985.0000000000000       0.98566017808185680     
   1995.0000000000000        1.0910271623979011     
   2005.0000000000000       0.98242647073887013     
   2015.0000000000000        1.0332204015221860     
   2025.0000000000000        1.1376395750652861     
   2035.0000000000000        1.0370892148050996     
   2045.0000000000000        1.0888818617992930     
   2055.0000000000000       0.94478795955854433     
   2065.0000000000000       0.92674561791397903     
   2075.0000000000000       0.94536973599206520     
   2085.0000000000000       0.91465921250758342     
   2095.0000000000000       0.79140745099771903     
   2105.0000000000000       0.93340210994084671     
   2115.0000000000000       0.98446996046161206     
   2125.0000000000000       0.99117008572099385     
   2135.0000000000000        1.0016275171135312     
   2145.0000000000000        1.0194129074999581     
   2155.0000000000000        1.1059788167393869     
   2165.0000000000000        1.0888527729776170     
   2175.0000000000000        1.1132461740214517     
   2185.0000000000000        1.1021390922781493     
   2195.0000000000000       0.94036161052683986     
   2205.0000000000000       0.92223685055419247     
   2215.0000000000000       0.94647511121575478     
   2225.0000000000000       0.95703920162110412     
   2235.0000000000000       0.97398344024739880     
   2245.0000000000000        1.0085821695625783     
   2255.0000000000000       0.97613843711989901     
   2265.0000000000000       0.96940922303884114     
   2275.0000000000000       0.89871853822911230     
   2285.0000000000000       0.81913394619193336     
   2295.0000000000000       0.87190349278074719     
   2305.0000000000000       0.86851222098701530     
   2315.0000000000000       0.90767304716838726     
   2325.0000000000000       0.92641352053317760     
   2335.0000000000000       0.90879296680291488     
   2345.0000000000000       0.97044187620834066     
   2355.0000000000000       0.89224627540619283     
   2365.0000000000000       0.91393684010262843     
   2375.0000000000000       0.96459259898298311     
   2385.0000000000000       0.87993685570028091     
   2395.0000000000000       0.89663626341080227     
   2405.0000000000000       0.84350553061951083     
   2415.0000000000000       0.90524897869538379     
   2425.0000000000000       0.89090818960909490     
   2435.0000000000000       0.88764781751290511     
   2445.0000000000000       0.93168586946196030     
   2455.0000000000000        1.0008687836814809     
   2465.0000000000000        1.0289516169412269     
   2475.0000000000000        1.0724103165252341     
   2485.0000000000000       0.99127189659685999     
   2495.0000000000000       0.88239243706343351     
   2505.0000000000000       0.91440710938639114     
   2515.0000000000000        1.0281056170441487     
   2525.0000000000000        1.0796122239585275     
   2535.0000000000000        1.0191801969265497     
   2545.0000000000000        1.1331962575542707     
   2555.0000000000000        1.0550176252314338     
   2565.0000000000000       0.92491787028533434     
   2575.0000000000000        1.0615214009445022     
   2585.0000000000000        1.1396200390077300     
   2595.0000000000000        1.1009003932884445     
   2605.0000000000000        1.1750793126308257     
   2615.0000000000000        1.0291358461451752     
   2625.0000000000000       0.99545341471279103     
   2635.0000000000000       0.89333953028751745     
   2645.0000000000000       0.98486508362271163     
   2655.0000000000000       0.90370969521502653     
   2665.0000000000000       0.87493842650894760     
   2675.0000000000000       0.94663267566650000     
   2685.0000000000000        1.0368152950676504     
   2695.0000000000000        1.0140629883800392     
   2705.0000000000000       0.97308895898086056     
   2715.0000000000000       0.88778356534739333     
   2725.0000000000000       0.91555611784259472     
   2735.0000000000000        1.0242368037612350     
   2745.0000000000000        1.0689948040467721     
   2755.0000000000000        1.0069895565758149     
   2765.0000000000000       0.86159392956506320     
   2775.0000000000000       0.88965252214007906     
   2785.0000000000000       0.85560890450521754     
   2795.0000000000000       0.77039077733677841     
   2805.0000000000000       0.72389229588762471     
   2815.0000000000000       0.83711083798772756     
   2825.0000000000000       0.92025153847480257     
   2835.0000000000000        1.0173524492979049     
   2845.0000000000000       0.87050965340877018     
   2855.0000000000000       0.88333055156248586     
   2865.0000000000000       0.87274222047240646     
   2875.0000000000000       0.91709055318600596     
   2885.0000000000000       0.95856636475909640     
   2895.0000000000000       0.96834748104766566     
   2905.0000000000000        1.0044927660486211     
   2915.0000000000000       0.99624366103499018     
   2925.0000000000000       0.88679212134193486     
   2935.0000000000000       0.84790521489801229     
   2945.0000000000000        1.0260306144312576     
   2955.0000000000000        1.0893254663298528     
   2965.0000000000000        1.0269590326564180     
   2975.0000000000000        1.0626413205790299     
   2985.0000000000000        1.0094281694596565     
   2995.0000000000000        1.0300448718225514     
   3005.0000000000000        1.0022020213416329     
   3015.0000000000000        1.0269129753554309     
   3025.0000000000000       0.98565532994491079     
   3035.0000000000000        1.0281977316461228     
   3045.0000000000000        1.1250150264578838     
   3055.0000000000000        1.0192044376112797     
   3065.0000000000000       0.99307297947230166     
   3075.0000000000000        1.0553836595708572     
   3085.0000000000000        1.0338506593251671     
   3095.0000000000000        1.0243119498838982     
   3105.0000000000000        1.2473529141534259     
   3115.0000000000000        1.1122789707007232     
   3125.0000000000000        1.1253374275647932     
   3135.0000000000000        1.2346677638341983     
   3145.0000000000000        1.1945057973734758     
   3155.0000000000000        1.1068345129103572     
   3165.0000000000000        1.0761555023160245     
   3175.0000000000000        1.0375691803627545     
   3185.0000000000000        1.0379594553869080     
   3195.0000000000000        1.0983211844331688     
   3205.0000000000000        1.1253859089342533     
   3215.0000000000000       0.97821101566431701     
   3225.0000000000000       0.91711236980226307     
   3235.0000000000000        1.0412561885101927     
   3245.0000000000000        1.0464315747000552     
   3255.0000000000000        1.0411980108668406     
   3265.0000000000000       0.98077810417722766     
   3275.0000000000000        1.0327331637591124     
   3285.0000000000000       0.97997816158113660     
   3295.0000000000000       0.97463793873510973     
   3305.0000000000000       0.82468991113205747     
   3315.0000000000000       0.90588893277225668     
   3325.0000000000000       0.93883202332037463     
   3335.0000000000000       0.97526334840114470     
   3345.0000000000000        1.0221884659015470     
   3355.0000000000000        1.0502082733809948     
   3365.0000000000000       0.93281790943885290     
   3375.0000000000000       0.98565775401338385     
   3385.0000000000000        1.0193571539250790     
   3395.0000000000000       0.95715798097628135     
   3405.0000000000000       0.91534764795391643     
   3415.0000000000000       0.93428931900196599     
   3425.0000000000000        1.0169088447673453     
   3435.0000000000000       0.98156350236248080     
   3445.0000000000000       0.91728690273231928     
   3455.0000000000000       0.89246201750029019     
   3465.0000000000000       0.97394465515183082     
   3475.0000000000000       0.91927221481170918     
   3485.0000000000000       0.93996163922879428     
   3495.0000000000000       0.96585069052047201     
   3505.0000000000000       0.86659720689334252     
   3515.0000000000000       0.90178013671051571     
   3525.0000000000000       0.95255952308299363     
   3535.0000000000000       0.96385568216719009     
   3545.0000000000000        1.0209352225010042     
   3555.0000000000000       0.95686224462257485     
   3565.0000000000000        1.0223751191739683     
   3575.0000000000000        1.0134181861662201     
   3585.0000000000000       0.83740415027296100     
   3595.0000000000000       0.83862588078335476     
   3605.0000000000000       0.91167760828578914     
   3615.0000000000000       0.90870085220094077     
   3625.0000000000000        1.0214733657020110     
   3635.0000000000000        1.0213618585522528     
   3645.0000000000000       0.98799698008983217     
   3655.0000000000000        1.0289855538998489     
   3665.0000000000000       0.98425664243598776     
   3675.0000000000000       0.93944531264404452     
   3685.0000000000000       0.93790602916368726     
   3695.0000000000000       0.95195108189626976     
   3705.0000000000000        1.0363135128937386     
   3715.0000000000000       0.89302682545449996     
   3725.0000000000000       0.82547288524883766     
   3735.0000000000000       0.92314830030004180     
   3745.0000000000000        1.0196310736625283     
   3755.0000000000000        1.0117649714676318     
   3765.0000000000000       0.98468085441876341     
   3775.0000000000000        1.0126449083233322     
   3785.0000000000000        1.0231993024547894     
   3795.0000000000000       0.92616868961740417     
   3805.0000000000000       0.93532439623993857     
   3815.0000000000000       0.89681564447780449     
   3825.0000000000000       0.81944907509342391     
   3835.0000000000000       0.86363984335627819     
   3845.0000000000000       0.96946012847677421     
   3855.0000000000000       0.89415159322597360     
   3865.0000000000000       0.88720663705081848     
   3875.0000000000000       0.86483975725041495     
   3885.0000000000000       0.94556608553837851     
   3895.0000000000000       0.83916644805283458     
   3905.0000000000000       0.87164169338566289     
   3915.0000000000000       0.86343864567301887     
   3925.0000000000000       0.90899174041770125     
   3935.0000000000000       0.91423984866175390     
   3945.0000000000000       0.95791186627138547     
   3955.0000000000000       0.92130358419208613     
   3965.0000000000000       0.96532224359335717     
   3975.0000000000000        1.0224987466660915     
   3985.0000000000000        1.1033050692136641     
   3995.0000000000000        1.0407447100623890     
   4005.0000000000000       0.93160345113387810     
   4015.0000000000000       0.98581289439565600     
   4025.0000000000000        1.0571265648029469     
   4035.0000000000000       0.98694735844102166     
   4045.0000000000000       0.94492128332455949     
   4055.0000000000000       0.92758192153716523     
   4065.0000000000000        1.0149841343997805     
   4075.0000000000000        1.0424754949521136     
   4085.0000000000000        1.0325877196507320     
   4095.0000000000000        1.0277807918687660     
   4105.0000000000000        1.0440947726920800     
   4115.0000000000000       0.98716794867206503     
   4125.0000000000000       0.98963080224063660     
   4135.0000000000000       0.95015242308930115     
   4145.0000000000000       0.92840852888645953     
   4155.0000000000000        1.0296327801821408     
   4165.0000000000000        1.1107033261932708     
   4175.0000000000000        1.0601033208877952     
   4185.0000000000000        1.0483441647252552     
   4195.0000000000000        1.0781480866008335     
   4205.0000000000000        1.0530080724673139     
   4215.0000000000000       0.92981448860080151     
   4225.0000000000000       0.94681205673350222     
   4235.0000000000000       0.96130071399664441     
   4245.0000000000000       0.90173407940952865     
   4255.0000000000000        1.0112583411567742     
   4265.0000000000000       0.93521773722712642     
   4275.0000000000000       0.97347680993654107     
   4285.0000000000000        1.0020977863972937     
   4295.0000000000000       0.94699628593745055     
   4305.0000000000000       0.96862867299053401     
   4315.0000000000000       0.96921529756100089     
   4325.0000000000000       0.94808711675030211     
   4335.0000000000000       0.90023842916168550     
   4345.0000000000000       0.95962810675027188     
   4355.0000000000000       0.96866988215457506     
   4365.0000000000000       0.99638668107489747     
   4375.0000000000000        1.0062841526501709     
   4385.0000000000000        1.0536601468865519     
   4395.0000000000000       0.95990445055619433     
   4405.0000000000000        1.0446595806462897     
   4415.0000000000000        1.0588743181719824     
   4425.0000000000000       0.96550162466035949     
   4435.0000000000000       0.87286099982758358     
   4445.0000000000000       0.90644404445257454     
   4455.0000000000000       0.97580149160215146     
   4465.0000000000000        1.1061412293270783     
   4475.0000000000000       0.94456252119055495     
   4485.0000000000000       0.87380881060052795     
   4495.0000000000000        1.0367934784513932     
   4505.0000000000000        1.0419688646412557     
   4515.0000000000000       0.93467232182070059     
   4525.0000000000000       0.98266402944922449     
   4535.0000000000000        1.0003209442065821     
   4545.0000000000000       0.96429686262927672     
   4555.0000000000000        1.0534880380249685     
   4565.0000000000000        1.0676955033452422     
   4575.0000000000000        1.0982217976257758     
   4585.0000000000000        1.1302679828388824     
   4595.0000000000000        1.1474522042440043     
   4605.0000000000000        1.1418477579344202     
   4615.0000000000000        1.0150738249332816     
   4625.0000000000000        1.0104802151769399     
   4635.0000000000000        1.0031837690731993     
   4645.0000000000000       0.95620774613486392     
   4655.0000000000000       0.95514115600674243     
   4665.0000000000000       0.92362826585769653     
   4675.0000000000000       0.98346397204531566     
   4685.0000000000000        1.0203267813142802     
   4695.0000000000000       0.96760814016339958     
   4705.0000000000000        1.0109432122552837     
   4715.0000000000000       0.95205289277213589     
   4725.0000000000000        1.0364492607282267     
   4735.0000000000000        1.0463540045089192     
   4745.0000000000000       0.94471038936740825     
   4755.0000000000000       0.96626278216088257     
   4765.0000000000000        1.1299043725679319     
   4775.0000000000000        1.2218105046533876     
   4785.0000000000000        1.1420004742482195     
   4795.0000000000000       0.98091627608018894     
   4805.0000000000000       0.98108353680482618     
   4815.0000000000000       0.99866045730257469     
   4825.0000000000000       0.93712547911538013     
   4835.0000000000000       0.95055966659276570     
   4845.0000000000000       0.94737444061923903     
   4855.0000000000000       0.96082317250746263     
   4865.0000000000000        1.1160387009023516     
   4875.0000000000000        1.0414985953574931     
   4885.0000000000000       0.90965351111083115     
   4895.0000000000000        1.0061265881994257     
   4905.0000000000000       0.95465634231214169     
   4915.0000000000000       0.95565263445454618     
   4925.0000000000000       0.87543051240896741     
   4935.0000000000000       0.92133267301376220     
   4945.0000000000000       0.88332812749401290     
   4955.0000000000000       0.93164950843486516     
   4965.0000000000000       0.97321258647298370     
   4975.0000000000000        1.0129673094302416     
   4985.0000000000000       0.92979752012149053     
   4995.0000000000000       0.98466873407639832     
   5005.0000000000000        1.0390454380628136     
   5015.0000000000000       0.97143574428227208     
   5025.0000000000000       0.86409314416072991     
   5035.0000000000000       0.97319076985672670     
   5045.0000000000000       0.93005204731115587     
   5055.0000000000000        1.0413967844816270     
   5065.0000000000000        1.1879971735234613     
   5075.0000000000000        1.0900066295707667     
   5085.0000000000000        1.0640521284303179     
   5095.0000000000000        1.0943917694384302     
   5105.0000000000000        1.0220575662040048     
   5115.0000000000000       0.96176371107498804     
   5125.0000000000000        1.0801649115703724     
   5135.0000000000000        1.0312423616482151     
   5145.0000000000000        1.0236113940952001     
   5155.0000000000000        1.1027111724377783     
   5165.0000000000000        1.0356347737212976     
   5175.0000000000000        1.0168555152609393     
   5185.0000000000000        1.1316690944162784     
   5195.0000000000000       0.98186408685313331     
   5205.0000000000000       0.98676070516860037     
   5215.0000000000000       0.99853198167350554     
   5225.0000000000000       0.97059944065908588     
   5235.0000000000000       0.77687758457053591     
   5245.0000000000000       0.80905224541271170     
   5255.0000000000000       0.81761647932783321     
   5265.0000000000000       0.90964623890541219     
   5275.0000000000000        1.0379473350445430     
   5285.0000000000000        1.1069169312384393     
   5295.0000000000000        1.1318412032778615     
   5305.0000000000000        1.0049727316062760     
   5315.0000000000000       0.94197604012986025     
   5325.0000000000000        1.0289055596402397     
   5335.0000000000000       0.96869169877083217     
   5345.0000000000000       0.90505262914907048     
   5355.0000000000000       0.99251059558656474     
   5365.0000000000000        1.0318241380817361     
   5375.0000000000000       0.97704746279727528     
   5385.0000000000000       0.97154967550050331     
   5395.0000000000000       0.94089005745395460     
   5405.0000000000000       0.90163226853366252     
   5415.0000000000000       0.95550234220921992     
   5425.0000000000000        1.0156265125451265     
   5435.0000000000000       0.99419047503835623     
   5445.0000000000000       0.82909929168445096     
   5455.0000000000000       0.98829756458048468     
   5465.0000000000000       0.98081931334126882     
   5475.0000000000000       0.93904776541447199     
   5485.0000000000000       0.97852856863428039     
   5495.0000000000000       0.96420474802730260     
   5505.0000000000000       0.99140037222592914     
   5515.0000000000000       0.95385639971605052     
   5525.0000000000000       0.85791176955457082     
   5535.0000000000000       0.89317954176829917     
   5545.0000000000000       0.85690820520674738     
   5555.0000000000000       0.98058417869938741     
   5565.0000000000000       0.99978522507404843     
   5575.0000000000000        1.0918319531309384     
   5585.0000000000000        1.1221449293858474     
   5595.0000000000000        1.0945541820261213     
   5605.0000000000000       0.98128958262503141     
   5615.0000000000000        1.0193110966240917     
   5625.0000000000000        1.0407204693776591     
   5635.0000000000000        1.0891848703584186     
   5645.0000000000000        1.1637007352185469     
