  -2.8696942522579678        2.0500324404042569       -3.0485482615933113     
  0.10746575129366708       -4.4558269101237249        2.6010678704479155     
   3.8032894194876978       -3.9434517686725234       0.37887756535226891     
   3.5873604318478818        3.7354998683877501      -0.33906638553964019     
   3.5804987533861663       -3.4049552854881742        3.4140097021303841     
  -2.2135129362794834        3.1484867702520725       0.52381722848549572     
   3.6762889661211475        3.2999168025236232       -1.2577796063499307     
  -3.4497893384732095        3.3621056341521358       -4.2107857787272023     
   3.3508494136934273        4.3432180109400331       -2.1322257992667644     
  -4.7667097453115204E-002   4.1833973616943387        3.5182978851346465     
  0.78538162646360365        4.2382195046109032        4.3430094648708994     
  -4.4972617082539950        2.3552877849224370        3.8330966441711101     
  0.53321339637174880        2.6908973351845002        3.0438813432249643     
  -3.3116554981314903        4.4109181136822722       -2.1949606116044000     
  -2.1679233796475095        4.5690557545321102        4.6629411487382519     
   3.5808439120890645        2.1708070907652113      -0.86435391169718512     
   1.4141913234902495        2.0854331945505185       -1.5938197791144784     
  -3.9150713430601507        2.6661391274765784       -2.0656451924439794     
  -2.4925600446122393       -4.6841713784170320       -2.0418119591298467     
  -2.6904637179055775       -2.3986930358260330        3.1676505555851717     
  -1.1725267353571567       -4.0844759192979812        4.2708498253260130     
   3.6312543302282694        4.6753783431841791        3.2167930801535434     
 -0.95203593451615132       -3.3827652034129296      -0.70680669534947682     
  -4.2370131104438542       -4.2193816402263069       -1.1019488592309865     
  -2.0358354735936945        4.8356890114843551        2.9174611243903626E-002
  0.87982245691362315        1.6909621850683532      -0.84348243284980384     
 -0.52005010436613408        4.6351478220300546        4.3192532213902108     
  0.39086266574176293       -3.9211682141938731       -3.2080749429006943     
  -3.8875606680455546        3.7295817078776392       0.96428556848111802     
   4.3931758786841044        4.3146910631721465        2.2595935555709872     
 -0.80860020734373228        4.3393459623102633       -1.1514528979043028     
 -0.66807352354254479       -4.7466424199699206        3.2533108585017474     
  -1.9564969153283056        2.6900120767237090       -1.0569705183820011     
  -4.0671116206540372        1.8673886513813371      -0.80426546735532234     
   1.2520061023234239       -3.1322840425835672        1.6688808593236748     
  -1.1541991358480443        3.6064753457191969       -3.5920487716679705     
   2.8552301112607741        1.7618496801341765        3.7059471304013574     
 -0.80638243225381756        4.6412836704234923       0.72689668007359087     
   1.3141321254831164       -2.4739980034933047       0.90486825197439480     
 -0.77582403495830188       0.58603775366953459        4.0987413815668665     
   2.1673156872085197        2.5959019768986380        2.6482578856902728     
   1.0519538462364191       -3.5432700302547264        4.3721425989375655     
   1.8418573306065993       -2.9473519253083271       -2.0961020442245117     
   3.1577283165701719        4.2492293094490021       0.78884909529030833     
  -4.2800794861387441        2.8356648653633991       -4.4374775348011584     
   3.9021239554917497       -4.2296993139726684       -2.3009750682245089     
   2.6618732806299392        2.4402759411904702       -1.3591239005024711     
  0.89294277339900230       -3.9788127520912817        2.1801278757236853     
 -0.44378317570317050       -2.5735789498293715        2.0068650183147012     
 -0.89169920595785324       -2.2578910857347076      -0.26269987524060379     
 -0.86613527410153857        3.7893326952349748        1.6429194133578520     
   2.5343503009148591       -3.9397478005226141       -2.1602140151945037     
   2.1549162670667270        4.4298511845194346       -4.7191982540871953     
   2.1456767290264045        4.5189596390615723       -3.6879697011195920     
   3.5648356573984361       -3.9497981029527489        2.4576964571548094     
   1.3111090530153664       -2.3389073903582656       -4.2260272337507487     
   2.6527060365357942       -4.3898621844301395        3.9049126377045837     
   1.0868515683479958       -3.4484922131869848        3.3572889138219968     
   2.3305300483212972        1.3894160320322109       0.54455928628405503     
 -0.67742996393611754        3.6252839618250321       -1.9347762751423911     
  0.76249579014359736       -1.2910384129799435       -1.0778903837427893     
  0.23010963846357479        4.4808973758365420       0.69075277503918409     
   2.4115478469695439       -4.7805546173527471       -2.6892651043174816     
   1.5147668436504993        3.7929653259673706       0.83883538520006606     
   2.8551980220060225       -4.0683875488692429       0.80939657303162171     
   1.8499721009280665        2.8819736805631093       0.42310267390935841     
 -0.53359022125833000       -3.0689671748757639       -3.3380804326421383     
  -4.3862792048336434       -4.6426585415265214       -2.3096578312125113     
  -3.1464933459086777       -2.4910817928399069       -1.2186248900039023     
  -4.3271207870058621       -4.1205248861550237        4.8206409879659375     
 -0.30368402265751582        3.1232982956711677       -1.1547596764586969     
   4.2959204369565231       -4.7922088766116344       -3.0421020039265674     
   3.2483082677042541       -4.7154378688281149       -4.6208677298316569     
   2.5487411381298495        3.4783100076131799        4.4298342140322653     
   3.6251400729183985        3.5677984051940190        3.7605367260526972     
   1.5247092888232439        3.3263433862095515        1.8323615251751779     
  -2.4105300196110195       -2.7485786903263780       -4.5546457137359795     
  -4.3237239676980277        4.0466884330325952       -3.9827759509404115     
  -3.8030379116489188       -3.3044660070037208      -0.61852051622636417     
  -3.8440699296909280        4.3200039385504594       -3.1024001661190481     
  -4.5923994776591286       -3.2113342144190224       -4.1861770407064496     
  -3.3663206395651257       -3.0618445019343610        4.2243510277818777     
  0.31069904382719821        3.5318675634075478       -4.4564077432730205     
   2.2154023011755801       0.83815980291693859        2.4014530999448280     
  -3.0668617669368397        2.4249648002940978      -0.51671345836321525     
  -2.8487715811009147       0.99404452490446360       -2.9661893648558144     
  -4.8443927469247487       -4.2528006493832926      -0.23654458869405159     
   1.4874899330288862        3.2351545889384390       -3.2029983687853476     
  -3.9747994459211573        4.3040423157652308       -1.3542709025103388     
   4.3875915990921337        3.4086329637882233       -4.3364390882532939     
  -4.8382773780517550        3.9949650542299726       0.32501605389879829     
   4.2198066478313896        4.7706265675245234        4.0395430736127835     
  -2.4167660813064580        1.8462302504685937        2.8980434689943362     
 -0.10502586204371384        2.0252061314861756        1.6737729532100916     
  -2.0379030913913594        4.6013636884567752       -1.1904966480158934     
   4.6412994181474643        4.2176715422544504       -2.2840573067755163     
  -4.0403570281669641        1.7516540605653077       -2.5157394526212169     
  -3.3922775321252248        3.4462851990922889        3.1765800984791071     
  -3.4108520521270367        2.0349398731901052       -4.2550240319648340     
  -3.0936624268914206        4.5357791182399154        2.5808718863598852     
  -2.3468307702831233        1.4698942638478052       -4.0175729964745814     
  -3.1601786325249623        2.2139784202868373       -1.5831318608636256     
  -3.4662103072832346       -4.2377655551519551       -1.9361016419634877E-002
  -1.2620607637458168        3.4201430390258030       -1.1296031759345808     
  -4.0954155678437525       0.66330847604971277       -4.5703714862835465     
   1.4161878835609589       -4.1704557316906952       -2.1216798753263673     
  -1.7941050169291954        3.1794121509040090       -4.2515189894139480     
   4.2486897748929673        2.3787082543652942       -4.5568491692299880     
   2.7321311297853219       0.57661164235269924       -3.3758154599410490     
  -1.5782609339640798        3.6683184981562977        4.1675843870733189     
   1.2734711533980327        3.3008034419164756        4.6279655000506503     
  -1.4776982895479420        1.3973706722519730        3.2541098836312172     
 -0.93746060445558721        2.0416627637914964        3.8939842137901306     
  0.18349670919159569        4.3051644640494313       -2.0396798935294518     
   1.4900088477643336       -4.2751964302117766       -3.1461210621148861     
   1.3631871849338830       -4.5836191118292158       -4.2104235349000243     
  -1.6519766616382325       0.73973823328969979        1.9437471257248189     
  -1.2522525901159214        2.7054686901442420        4.6143971363566836     
   4.3210309821259354E-002   4.7759023449709161        1.7041864582897137     
  -1.5260562028712124        2.3501917151830898       0.65879661908102849     
   1.1280587566153653        3.4359718166166751        3.4201205145182429     
   1.7422377739867472       0.14079621852244956        1.1197311199983286     
  -1.8275626047626496       -4.0641178846833208        3.4794736360986449     
  0.49291748815241393        2.5683488559522298       -1.9964119979612738     
  -1.0125422747469199        1.6022263290660119       -1.4432984944604332     
  -2.4292243877539117        4.2593515462029830       -2.7124427479970143     
   1.3536538851847737       -6.0412631893919225E-002  -1.1328083264477924     
   3.2610686240794178       -2.0009934038436521        3.1297600852710703     
  -1.0289245522634740        1.6515618646218466        2.3877374971563761     
  0.77210140287108420        1.9816676886927098        2.2311269869816659     
   1.5962612445184821       -2.3704392569630857        3.9027035405602803     
   2.6165293463284351        3.7321213196601875       -3.2874819992696991     
 -0.55272822865342308       -4.3468333066030285       -1.3703743966230704     
  -2.6536991414355451       -2.7889522532866935       -2.9636059766491036     
   1.1363349061498900        2.8387342928747246      -0.73180100971931861     
  0.18075356797282860       -4.3149820532640817        3.6833768561456837     
  -4.0438981281172754        3.6298011242122117       -2.3119546077540325     
 -0.56701796704994434        4.4530971518224174       -3.7301143093293292     
 -0.49279077977009539        1.9440018868996538       0.73009408843289580     
  -1.4355273732315381        1.1647540426841341       -3.5575902525644336     
  0.65923399777622360        3.5511823586573557       -2.6881529820963284     
   2.3963362396017880        3.1847023924431785       -4.3060052034370768     
   4.6920873486418131       0.68652971651965344       -3.8468231165838906     
   4.7486005786055117        3.3453116694180167      -0.48353715911505712     
   3.6766823773540374        3.7492204839932608        1.5449593828802699     
   3.9104348200943209        3.5319798197541465       0.59585457328869140     
  -3.4662202283284347        1.0105629754377345        3.1486804543890514     
   1.2323471426314088       0.99913606494844065        2.6839611708667492     
  0.56843615518266699        2.0930346437152849       -4.5663767336516639     
   3.8912877071073473E-003   1.0345963041493884      -0.89831252669570094     
   4.4810882771031952       -4.5838419248323223       -1.5336029472978443     
   3.8247170746499886        1.3061680090058527       -4.0272161546882987     
   3.6586258187171397        2.4106957893148757       -2.0108983118440777     
  -3.7346123308457311        4.3947747160558928        3.4168859507150140     
  -4.5066164343912227        1.3264681255114419        2.9759527515487805     
   4.3242593991287590       -3.1619390629749340        2.7754128059334024     
  -3.5098592126483892       -3.2046121694455967        1.7574309420584204     
   1.8286996534494420        1.7647923525080407        2.1237446179521964     
  -1.4886967302275449        4.5841252028359687       -3.0853816857941050     
   3.2175827714873195        4.6235208055098687       -3.3503939907638851     
   4.3422549772872960       -2.9280706849914910      -0.57069180464476144     
   3.0395217166699626        3.9399634723668102       -4.5078801148553582     
  -3.0501098960928146       -4.1278498165229296        2.1648219360416658     
  -3.7679351134192247        3.0381103333277935        2.2622188216549457     
   4.1145457677257511        2.7894517502918568        2.5387705387092550     
  -2.8550055517609310        4.3067390934534862       0.45723725977932189     
   4.0873957634273568       0.34851635180735119        1.1156502630679102     
   4.5636886993283765        2.6810380179738886       -2.3453946618490291     
   2.7660323010000547        3.3202115865728672       -2.2670950881001648     
  -1.5862747871933132        4.0061535720488513       -2.1612069364169573     
   2.9481812714323459        2.5027213605499923       -2.8449843695755761     
 -0.93148926619114680       0.39154805365535100       -3.1080368394454205     
  -3.9161861069185817        4.0794184510046376        2.0721726620480494     
  -1.1585196543608844        3.9307270030153907        3.2912702706698624     
  -3.7513836541845005        3.0946190633655939       0.19958319421261467     
  -3.2566922590278975        1.5425934719977707       -7.9063917467532996E-002
  -1.1093762295553002        2.5367394621594079      -0.50374498354419217     
   3.5505888213247201        1.2894263538200716        1.1921083755451864     
  -4.7963506012210662       0.38017734456242042       -2.5765966714734798     
  -4.5780452891586405        1.7314794812603118       -4.7041504241120906     
  -2.3517482192537256        2.5106155882739118       -2.1566784876564333     
 -0.73433258706933846        3.0220677442353368        3.6138064323769243     
   3.3683677445810529        2.5841724441235576        1.8748697330665522     
  -1.4306693263744805        2.9833782964712428        2.6894072908442581     
 -0.28860065892326608        7.5666969258974287E-002 -0.23034914372167958     
  -4.7131775559562845        3.5591704503558210       -1.5231103765518417     
 -0.87579922030023893       0.45234000168035726      -0.99927823536298832     
  -2.4251521678561257E-002  -1.2067237937716260      -0.13346906590086363     
  -3.7943302731254831        3.0516358555086280       -3.1024692152755744     
  0.17921619176826775        3.0596418451608046E-002   4.0222288481983117     
   3.9357400062720731        2.2597256808401429       -3.4360130370427382     
  -1.2242519917611725        4.3142081720097680       -4.6866893903832381     
  -1.8612346722190567        3.3670157372301572        1.4562516668098580     
 -0.42084964651318718        3.3176196243988092        2.7071244095206999     
   2.9802037360239044        1.8434562575331122        2.5677651967362491     
  -1.5556785014268917        4.0064214258612312       0.45489327697531395     
  0.32709910491216232        3.3730857956215762E-002  -1.0426792732280448     
  -6.0664625380794798E-002   2.0603406172278689       -1.1905319339837555     
  0.51762147684884685       -1.7321429209190842       -2.0767129382649285     
  -1.9006625440406395        1.7903689239892409        1.8182670519002728     
   1.6821797750875707        7.3830056176295566E-003   2.1436815977788330     
 -0.87800297061670862        2.7367485343187941        1.7203748958044323     
   1.9172879492783395        3.5934814720591044       -1.1818656302765584     
 -0.16971988109808742        2.7996106635206734      -0.14775520383216087     
  -1.9985395706427216      -0.85741398830568760       0.66400817413940738     
   2.0998630800295377        2.2153923019270416       -3.3551907421561347     
 -0.92850867419205996       0.36117057331274055       -2.0066066953967625     
   2.9649801418502482        2.7650726934477885        3.7844970944895699     
   1.3322132438610526       0.19595162668970220        3.7092236138372949     
   2.4466639427748134       0.82267597122600267        3.5121288068228576     
   3.4433460634134896        3.0629494047225139        4.6576012777264824     
  0.87310139174825718       -7.8253808273547734E-002  0.64100968408584680     
  -1.9204296931795388       0.88870790677480049       -1.5025832734878015     
   1.1070775652698110        4.6714283925463462       -1.6447409583042423     
   2.7815783835123979        4.7513271855921380      -0.27329381337852077     
   4.2483041475230570       -3.1458122441666521       -1.6216073583756221     
   2.4945170516295256        1.5910629090499675       -4.0920314176054466     
   4.6918161208260800        3.0621604993317191        3.3258970839551156     
   5.9026349037639592E-002   1.2175562092623715       0.12581985842378351     
  0.77991090872737057        1.7946635735949101        1.1799285757944140     
  0.22486971555595259        3.0917308892156337        4.2495169299472488     
  -1.5397117488254664        1.5435164416725664        4.7092919181559543     
  -1.8068234129071956       -3.8513340535056853      -0.46532470273268417     
   4.7301114953352101        2.5781834475107148       -1.3032231901123845     
   1.3844788934711545      -0.40379379173624885       -3.9694716116629429     
   4.6435172852102298        3.0365499288480216        4.3957200778873222     
  -3.8777296385348885      -0.34581205545434707       -4.1721020059718983     
   1.9743373179673820        2.9263294361286332        3.7519216913234468     
  0.85712964483684395        4.0722392337201549        1.6340693143491811     
  0.81982955611871844        2.9900420777065566        1.0037688498884274     
  -3.7445316964058950       0.69577253197891398       -2.2132187922479605     
   3.3104435951799629        1.5250500139185552       -3.0996789329524952     
   3.5221998278105362        1.7450010293459135        4.6684960531445263     
  -2.9760106754717306        3.2823451974705664       -2.5015750966313441     
  -3.2741263285182511        1.0102213157859268       -4.1151650788726144     
   2.5338742229366757       -3.2522275898439967        1.6550512383324401     
  -3.7736550350796541        2.1146655803698411        3.0022605206929516     
   2.2017280754985480        3.6672410451029411      -0.16518592114554093     
  -2.7848901087243214        3.3696361305374092        2.3473839093647331     
   4.7214240932433107        4.3054873957300401        3.2281932157096227     
  -3.5768496939996637        3.0902453305359887        4.3443490268003142     
   3.9213138696467538        4.3271163597754176       -4.0006449313202221     
  -4.7322764213087734       -4.6804342269384733        1.6871819402452974     
  -1.6391999756145330       -4.0975154578439232       -1.9653279181934489     
  -4.7309385234952099       0.21536572671253926        1.5975415549098682     
   3.4966181258002043       -2.2002795800980719        1.7586668581006699     
  -3.1494102938481472       0.58346689055753886       0.67398371046751182     
  -3.4166338882933238       -4.5566500157635224        4.5037271755529860     
  -3.6679849607153510       -3.9958936262915214       -1.9125067534503324     
  -2.3671224766580332       0.76651077187632288        2.9595052530539818     
   2.9234548354290615       -1.7887473089755064       -4.6772746381471570     
 -0.52606141787028415       -1.1942243530722476       -4.1521782184193192     
  -4.4335533184050133       -1.3505195249052593        3.7993031821477659     
  -4.2813656738397343        1.0212043048319577        2.0255998270042062     
   4.4672134498766605        1.5621382101472350      -0.94449364913845180     
  -2.2559562961683750        1.1393763157498951       0.41543863015906313     
  -4.2345903311732913        3.5830461013423585        3.7320674393803661     
   4.8257757402486563        2.9870096346993522       0.61404471601577226     
   3.7397720198656201       0.64846565654679089       -2.7775722533935570     
   4.4931827467350924        3.6457754119986867       -3.1058618297099234     
  -2.3544112799310923       -1.8842292794794830       -3.7683285676632017     
  -1.7647857991569971       0.21725372665939877       0.73873775328266633     
   2.2140877878075114       -2.9644580357711776       -4.8331717709249657     
 -0.45363215859831496        2.2988213125326245        2.9719031603364812     
 -0.70583078641843089       -4.3748469715518210       -3.2309666823826544     
  -9.1792257137188971E-002   2.3564369552073368       -2.7995500077258693     
  -3.0031398636578719        2.3899714159145846        3.6875113188872937     
  -3.2479173155468573       0.62274429733399239        4.3587097171013767     
  -1.9562949036817512        1.6770482688996786       -2.7612616464112936     
  0.60588989413881467        1.1063831570801794       -3.3816209652966642     
 -0.19138395381995099        1.0417022384052192       -4.3624060660141755     
   4.3919769604913101        1.4391256180585670        4.1166680383519472     
  0.21775354693814430        2.0823463177746655        3.7773221881622971     
  -3.0987676506879591        3.8450336867530734      -0.49204242548774729     
 -0.20420810994363120       -3.3875546749247163       -4.3490870110365680     
  -4.1616327177280548       0.63592917778081726       0.65258207375024557     
   2.6411847315122410       -4.2382131211981102        1.9772445825206355     
  -3.0581553581462217      -0.65650530174803545       -2.6742701478492426     
 -0.23849438834447192        1.6435244061615446       -3.4929143249081069     
   2.5707352551170852        3.2370294250715119        1.8844934756639269     
  0.62243609675930367       0.40922375320619486       -4.2475543084698542     
   4.5493111531620798       -3.5119363494040989       0.93002085125767731     
  -1.2138930495448275       -3.3641218295020074        1.6083957605988539     
 -0.63402137550827786       0.38824878942422963        1.6689222296628865     
   2.3695366902719242       -2.0647294746397962       -1.5395913065550453     
 -0.62787182755822701        3.5733789421240050        4.5359542542953939     
  -1.2568600150122820      -0.67591880337271204        1.3119810741262801     
  -1.3128401067720230      -0.22569230892915143        3.5980011418871891     
   2.0274464706962978       0.76539097268654166       -1.3723523595883103     
   3.5360004073182574       -1.7794649122572729E-002   3.8032058385900345     
   3.4215874679611122       0.77796924042587356        3.0480552881424163     
   2.7636371678351113        1.9431575112013959        1.3469689663209297     
  -2.5523192938429293       0.97856620961723750        1.4409690435244369     
  -2.2361122833349385        2.0650056135290233       -1.8599189543252057E-002
   1.4638187929798803        2.1781095510995465        4.6369213641503242     
  -3.9047055761944605       -1.4487709739790702       -2.6318704863739293     
   1.4916687025047641        2.6596907257071734       -4.1384799467690030     
   1.9696592597800779       0.34223891470911949       -4.6591467100236077     
   3.4732501473522794      -0.68592789559342771        4.8020400042690063     
   3.8949862630200522        2.3157164571725204        3.8481341973960546     
   3.2104804780010685        3.9316509990853348        2.4179935177072132     
   2.9396360668555426      -0.75349968352361818      -0.22519005073304096     
  -2.9696211059540674        3.9828443656484298        1.4925544734079035     
  -8.4294603323417233E-002   1.0111841708553719        1.1037638735785142     
   4.4237665683267977        1.4155104810185033       -3.0689924412928136     
   3.2965489662235163       -3.1809959175010261       -2.0482817928330697     
  -3.5328994930587458       -4.2577826902486136       -4.1992679146625873     
  -3.9420433294158732        2.0994124306689934        1.9167047784844320     
   1.8434746807959128      -0.75498123078669599       0.21099223270942696     
   2.3438266697697795E-002  0.96743063167635635        2.1800491635370371     
   2.8065187252212853        2.9003258442910287      -0.45483912377252839     
   1.8403858929660437      -0.49026008439215779        3.0832606297940233     
  -2.7759054309614588        1.3089948537185259       -1.9201999650103696     
  -2.1193558024889230       -1.0117310290808488       -3.1029325753404184     
   4.2890456821002338       0.48399620060879489       -1.6202637857070583     
  -3.6177056276859272       0.26345963917205234        2.0719131650738087     
   4.7492019714631812       0.30029830880522995        2.6244572840959570     
   3.1777112158576633       0.93136053536689800        2.0593068393810463     
   2.8310119683791051       -1.9161787627471956      -0.39365086208997585     
   2.2836190698404710       -2.4217037936902450       -3.9128825505952132     
  -1.9665214920896037       0.64548135608520052       -2.6388793103660535     
  -3.0785626310389089        2.4190518920569986       0.61374574762357892     
  -4.4925871643010291       0.51333940500707520        3.9259045280650469     
  -4.1839944824747413       -2.3721840035084183        4.2748999354947079     
  -4.0542465324493744       -1.2829512894144983        1.6708031121639595     
   4.6462495274222979        2.3969310426196464        1.4613878926277937     
   4.8101453053081995        3.9034499120295263        1.3382101986153523     
   3.9642445876967489        7.3974928221043623E-002 -0.39351189589640612     
  -4.6337248166006262        1.2147668900271527       -1.7178250457663859     
   2.3704371890498086      -0.18835855455095429      -0.90731433948827744     
   4.4988265659374029       -2.0950411257317731        3.3424845819760751     
  -2.5994324407260692      -0.85867721458612134       -4.1389638861221894     
  -4.2294761654861173      -0.36793221431967427       -3.1257856383156679     
  -3.0772523398159719        1.1489611329500738E-002  -3.6711941521637250     
   4.0023416288904290        1.6581502081997577        3.0778360406845877     
  -2.7991001782931186       -1.6425409548327781        2.4339842795179019     
   3.8132730066579246        2.7595511301881133       -3.3553580808320216E-002
  -3.8927578476658020      -0.34361214172029014        1.1113633082996057     
  -2.1489500717696890       -1.1271014079971235        3.0448528095000076     
   4.4479743258468840      -0.54259314097851630       -1.7563479642827469     
  -4.3133572012356085        1.7161795125833832       -3.5622043124919545     
  -2.8003245458995720       0.22789833306445967       -2.1498855844615088     
 -0.84102983383907937       -3.6613396513003864       -2.4662871027951097     
  -2.4259488465224122        2.0637203142566576        4.8042073652972057     
  -1.0427429957492018       0.50768822439600692        2.8366695309538912     
   1.0557813192257499       0.75637649365166548        1.5563824238775930     
  0.71464663851516608        2.2350844884604633       -1.6001402351064252E-002
  -2.3869874759328655        1.9037097949012594E-002  -1.2418350919690984     
  -2.1618904769297909       0.41701775404191072       -3.7493191513562247     
  -1.7366195307556263        4.5206712156735041        1.3872845918701386     
  -2.5852324546510497       -3.6272010371528927       -3.8736367438045640     
 -0.17455878978856920      -0.38736588985318782       -3.5513140073756668     
  -3.0052260901310928        2.4992076898680717        1.7242607445428015     
  0.24931644809638290       -1.1286415850220624       -2.8673830195773498     
 -0.68784317878590839       -2.3873098814262623       -2.5191862529684892     
  -1.8681586699272319      -0.21174372514898343        2.3161363506900265     
  -1.4346477812617238       -7.2382427497852439E-002 -0.16320131851942965     
  -2.4687764362148634      -0.88240153036523994       -1.8731967842070054     
  -2.3947247700739211       -2.8287039242833751        1.0370283935687248     
   1.1639984981318192      -0.52990266584795687       -2.0036906008015052     
   2.1342298936707911      -0.81713307326915485        1.6692293669770271     
   2.0976316902460459        2.4101308800704850       -2.2636967520469606     
  -2.3208856259960755        9.2268649840021963E-002   3.7168902076210144     
  -1.7562108946707125        3.9315887912119711        2.3437762390189159     
  -4.0455515355016463      -0.59027929343830265        2.4426114008887012     
   7.3766482119215285E-002  -2.3702274384263164       0.23075470391425784     
  -4.8204267648984160        2.6474010241525785       -3.5383145506022564     
   2.1454220403825803       -1.4288687321096585       -3.7547088634529366     
  -1.4874037450665509       -1.7443201949512066       -2.8061470188529385     
   3.0194598543936317      -0.92309645768153448        3.1000585690286067     
   2.8331221533928179       0.42083954286712200        1.2659258391946038     
  0.71601983525544799       -1.4338013373925715        4.5099041746723634     
   2.6747213830915753       -2.5052634831206251       -2.6167797513156832     
   2.7723104140547035        2.3733322121965945       0.40465940685952201     
  -2.0334588863625029       -1.1995489303015838        1.7296242520729330     
  -4.0193599064795063       -1.9632470844832526       -1.1681595938803404     
  0.73686860030309498       -1.3217814648636277       -3.7441118997841270     
   4.7371019082682126       -2.2464759608020017       -4.1406397659766006     
  0.39029942441139220       -2.0432699160076346        2.2565244164924274     
  0.47059262370347743       -3.0873728042087438        2.4496042235654523     
   3.8583054036318987        1.4299155134602590       -1.8515005318226578     
 -0.44915793182412850       -1.6814631301635365       0.88272359223001018     
  -2.5819791456219261      -0.12279764702352605        1.4605621572935057     
   3.2327289669941437        2.3022649664256241       -4.1476127721505121     
  -1.2012025365747923        1.2742934718011856        1.1425849033162114     
   3.3211223807527968       0.52932929716140775       0.25858921473176794     
   3.4464774696212888       0.94188861683704905      -0.96850337043765355     
  -2.3017079275230423        3.8990673489500240        3.3133115799988246     
   2.9947022681830697       -1.2229013169176037        2.0126505560953585     
  0.97725572776901015       -1.2577429880215021       0.55082171868732532     
   4.5222226373030940       -3.9819936824070372        3.8045565959369299     
   4.6641760177329337        2.1334895264858349        5.4479458895398972E-002
  -1.3160765654727531       -1.3240206561574321        4.5049955246163238     
   3.9116891716773425      -0.57309881716005640       0.45829367203162918     
   3.0584625407127444       -3.1613501707853673        4.3172811359048247     
  0.57646508896536508      -0.13574620543675892       -2.7135510096752000     
   1.2079194456478521        2.2232059188146067        3.6170276479591088     
  -4.4590490640658826      -0.59140124166994745       0.22965637891249005     
   3.3561935053102578       0.61895417329650182       -4.7157131471914893     
  -4.1641796296165152      -0.25492913578177978        4.5275172500599004     
   3.8297820726485012      -0.12055907170564054        2.7881035203876277     
  -1.7901139989841044       0.82302391146384635      -0.45470576192790890     
   1.4576522487507912       -1.1049360572208544       -3.0167895789544628     
   2.4647576772677984        2.2542180647112340        4.8127472435768803     
  0.26977025505144320      -0.71012523899507907       -4.5923178049328568     
  -1.4537558294807464       -2.4478825936702782       -3.5518200535162392     
  -4.6139433858498560        2.4844015310158101        2.5893867443488641     
   3.4688738596894679        4.8205010534433290        1.6072540683616643     
   2.9340098617584314       0.40040076124237300       -2.0684892867156632     
  -4.2388681225563190        1.7790652982695601       0.57665107584025332     
   2.6113723600213681        4.8023556264434619        2.8653314004547981     
   2.8836452669181085      -0.63467943316778686       -3.9754071279469705     
   4.0666356790931202       -1.5958231840373320       -4.7737934887736149     
   2.6379494921609079       -3.7499799321189600        3.1150525540544636     
  -3.4212640412468764       -1.1640290058969578       -3.5037075667452751     
  -3.7980954733891239       -1.8840531708743433      -0.19194911230422665     
  -2.2810797321432528       -3.7900216243427063        1.5313340050461250     
   3.7003099456353956       -2.7971018702713297       0.85172929114792750     
   1.6229468545831103       0.30655047462417212       -2.5435407935251999     
  -2.5221199952333504        3.0736839773780034        4.3294210493208816     
  -2.5101188896561362        1.5810720915372136      -0.91729036338390690     
  -2.6823879165117321      -0.29924556586423912       0.19201987851196406     
   3.8220170504694875       0.13369322044706897       -3.9696737231362937     
  -3.7532033074355060       -1.5377675095689631        3.0905788216458281     
  -3.0612970709346508       -2.6482604212035996       0.12156912534422021     
  -2.0192897825413634      -0.82606532316598469        3.9902391076768229     
  -3.3070821656191889        1.5628957287752059        1.1159928693137497     
 -0.30433828004584534       -4.1775607692523034       0.80996141963548196     
  -1.3114557432905602      -0.51544053764975706       -2.3393755256025823     
   1.8942990916192464       -1.3424865117132143       -2.1144081780391537     
  -2.8418921603372862       -1.4738474685901508        3.0239934244552829E-002
  -1.5663593829509910       -2.3522733106108697        1.9029536275120542     
  -2.3337730315019454       0.76007714583095953       -4.7915077581347401     
   4.7478863468833596        1.1411047607645757        1.1535866112938933     
 -0.76942147611102119       0.39627930978511128       0.64860324942945036     
  -4.1190141128394790        3.9330177915993176      -0.39130181631558558     
  -4.0309544657599572        2.6980749197795282        1.1157813785404083     
  -1.5183694577217173       -3.8344994241812431       0.52449606091591472     
  -1.2384876260093194       -2.8311358697564621       -1.5279432019945851     
  -1.6156029226799988       -2.9298936351339790       -2.5522705881171595     
  -3.0270462313514441        4.5501498529113924       -4.4809849249936313     
  -3.8926824186751969       -3.8971128950488700        3.8775322465422382     
  -1.7861145898827129      -0.59141114514158721       -4.6882827596028411     
   3.3774476216845049       -2.9745874048462611      -0.12432814189925384     
  0.65507432094492168       -4.1816263029380236       0.28786436046290009     
   1.8143700351508596        4.0994121060232551        3.9995485897118952     
  0.88112449812678595      -0.49409643622822880      -0.27567247814199841     
   1.2361590450910416        1.1402155030888834        4.3925683171787275     
   1.3153226889169278        1.2789729719207998       0.47222974728261347     
 -0.86753355101161989       -2.6105662226258106       0.99030176858671870     
  0.40675401647196041        4.7824771337567107       -4.3578308705025446     
   4.5136943321604566       0.39849136478658731        4.8107670234427840     
   2.6093192265716252      -0.64037268069734321       -1.7877043050955095     
 -0.17937698343155534       -3.5245570706316598        1.7994747908450306     
  -1.7435586217298311       -2.0200884524654792       0.75153965132328360     
 -0.87891017160644525      -0.59266657640651987        2.4921050771965394     
  -1.5698347678811517       -4.5381853407220119       -4.1839319189477457     
 -0.92493030481534477        1.4866678468357524      -0.24106617087696114     
 -0.23839754913777719       -2.0199503906256400        4.3465739388561895     
   1.9532615766682420       -1.8371431707285162        4.7443814603052710     
   2.0507557234097327       -1.8061395701535712       0.38239976487828581     
  0.52307056018822673      -0.86960453223540091        3.3019232383963470     
   1.0104797134689094       -1.2696743075135537        2.4287108135813336     
   2.2843917334061854       0.37705442412467954        1.3765563114113501E-002
   1.6020395024650655       -3.9818922322002539      -0.11223106885031695     
  -3.3510876682936614      -0.21611483469623111       -1.3955194843957426     
   4.7791182806183876        4.6617418841069087       -4.8146019792742401     
   2.6612674935929723        1.4923939796878845       -1.7535981006821983     
   3.7493782386095869        2.3107469603859006       0.96184222525261720     
   3.0297861837967588        4.3349503946755767        4.0295084532624319     
  -3.7235077323001358       -1.2236900741732770       0.63057123164623319     
   4.3972677656618790      -0.61569901014155404        4.3449536854419319     
   3.2799483730082533      -0.44755491164222111       -2.5543564164703474     
  -4.5386580907779583       -1.2743238489544555       -3.5926731871126121     
  -4.0711793511059167       0.76835461616026324       -3.3284356212407809     
   3.4696055244332982       -1.6656646983396093       0.87535213776159948     
  -2.2969078487039982       -1.9776218878791043      -0.82557830153187661     
   1.3280303833430021        1.4372757238877427       -4.2084419638356145     
  -4.2735250223647112      -0.43774663549525239       -2.0075451433976785     
  -2.7548181506321212       0.55690223126423188      -0.36248499099738124     
   4.2319896292018973        1.3801417069233348        2.0294876325330375     
   4.0954871981583736      -0.85927726115065572      -0.82137687460075859     
  -3.4823407409487417        1.1374461917739536       -1.1677819573991362     
  -3.0356321183279458       -1.4352897341008375       -1.2460726948699647     
  -2.2775270728982044      -0.82658010756315570      -0.69096622478103653     
  -3.6004004010198409       -3.5791622214950904        2.8627936458570247     
  -1.5129173804737743      -0.97135567354997610       -1.4713448466463095     
 -0.57751784455033151       -1.0056460108393808        3.7565924913599269     
  -4.5244515542650703       -1.0593360213428602      -0.90106738029448996     
   4.5151338044184266       0.85364453547312114       -1.1607160064186233E-002
  -3.3249820886730848       -4.2782017764253312E-002   3.6118767069142028     
   2.5429599201612390        1.4322215853541089      -0.47348270215471966     
  -2.6645528819461726       -1.5004710843280868        4.6437262300597970     
   4.4389395326513901      -0.85781106780142580       -4.1598689587118853     
  -3.6808961060444259       -2.4969962166972302        3.4118861728877796     
  -2.3412664845132434        3.8888787625237886       -3.7389153034652103     
  -3.0944416640530275      -0.43545508319365323        4.7954409560984921     
  -4.1233350497237922        2.9788428155267122      -0.93876581343034182     
  -1.4040241463491829       -1.3092149225861214      -0.28362909012162330     
  -4.0296685156100356       -4.0440403488887542        1.2783534876605398     
  -1.5144462868497310        2.8753958403633231       -2.6178769730044529     
  -4.5246799230488167E-002 -0.43972151557570988       0.97857346970542369     
   4.4381699397856567      -0.93864091092726365        3.3669080528239697     
  -2.0042111582940243       -2.1940403049829187        3.8990716775814955     
 -0.33211273602934882       -1.5004788499823394        2.8626998370126855     
  -3.5095125676403254       -3.1714284790426817       -4.4361550908167935     
  -4.5760697437282856       -3.7102501544390485        2.2134924977255479     
 -0.64634087282054908      -0.35233766777333719       -4.7750911233086795     
  -4.2357336128201499       0.99800146366533082      -0.31882749944818517     
  -2.6622273630245608       -2.6870195201630040        2.1144009575565375     
 -0.15403532097706932        1.1876488793776743        3.2423525621518503     
   4.2550260915090057      -0.29456073273203615       -2.9803762442030912     
  -3.4726280271366843       -2.2505406025023236       -2.1436272525566054     
   6.2936755979438250E-002  -2.8694780938895867        3.4031886995944212     
   1.4001552679304918       -1.1721360127777345        3.8111578378618369     
  -3.1986099256563949       -1.0559392410733259        3.9226675708020946     
  -1.3242238652944334       0.42094795531714407       -4.4998039515842425     
  -4.2597964511858954      -0.40110189008511815        3.4624572180735833     
  0.95652881030231429        3.5411901090969420        1.7317617099431627E-002
   2.0859732899701795       -2.5764841805910881      -0.71116798861038577     
 -0.22142762263610907        1.5549326121011546       -2.0749795525269241     
  -3.1140268941924396       -3.9703971096814832      -0.98233046440696403     
 -0.17903804119211825       -2.1983208648211332       -4.2726843642773185     
  -1.5093319705825987       -1.5660773075790113       -4.2259259481183955     
   7.2645404356987991E-002   3.0549243943862336        1.6775179903163711     
  -1.1641771758510973       -2.8289256893966055        2.7417589825456168     
 -0.54405324816695788      -0.70536985156525378      -0.91196592530740461     
   1.8943396730724023       -3.7768519715466646       0.94363218403501214     
   1.0333513166012545       -3.0226975238632225      -0.12281920254451217     
  -2.6638447756397823        2.9428797642944615       -3.4863434948422496     
  0.15850436951568286        1.1236983824398483        4.3712082518364763     
   1.6194218629256920       0.53738483743811727       -3.6037291222988053     
   1.0803259002641323      -0.66653659038461754        1.5547311628416480     
   1.0943186830767881      -0.13631486658948433        4.7336725416744203     
   4.0496467139619385       -1.5755188788252865        2.4592908534216948     
   4.6957259423493438       -4.6515511561057297       0.71120323383033324     
   3.4211122681911483      -0.24490717117495767       -1.2322620254621868     
   2.1350146024087095       -2.9064193041458304       0.39173990971359463     
   1.0849928393599118       0.63778625865267735      -0.34800087948486585     
  -4.1820035558480972       -1.3655726820451475       -4.6352326350051740     
 -0.21848974607219565       -3.8631948696343073E-002   3.0213907554881350     
   4.5221738824082554       -4.3207559337452066        2.8485449768259046     
  0.21208873063891587        4.8004681367602453      -0.42991186682179028     
   2.0057996217669678        1.0513316453203712        1.4420317843623160     
  0.19082181134749399        4.7486279349249934       -3.1292250035775790     
  -1.7820129510271185       -2.7968434922455079        2.7710288689255586E-002
   4.0334674787623115       -2.2349472702637465       -2.3952012101266855     
   3.8549153464405901       -1.2444023528609838       -2.9519213102045918     
  0.32898315711170040       -2.5321085716351930       -3.1320777243100193     
   3.4561151161911394        3.3464359185375323       -3.7921298729441517     
   2.6114352591703667        3.6738289745748469        3.3712430674497189     
  0.54975418131350429       -2.6134252234166966        4.6589173431991560     
   1.0674969275567596        1.5067684373398262       -2.3526136660770609     
  0.79191292157823046        3.6248407597779151       -1.6294371420691209     
   3.1952204721144275       -1.2489519823226447       -1.1224251298016852     
   2.3433186429423820      -0.28939708632339201       -2.9191662038912516     
   3.5798240913242925       -4.0738845660079335        4.2005057027248629     
   2.0791570001007171      -0.65840700328108714        4.8091580291262561     
  -3.4659369050457345       -3.4219714867826148       -3.2963950645180082     
  -3.8127279406957664        7.3386371430758560E-002 -0.23880431724653600     
  -3.5591045235911301       -2.1606113183091393       -4.4494475769928998     
   3.6742473096285653       -2.2620749189556117       -1.1151073345125242     
   1.3736111490332228       -1.7419391889905296        1.6162928667325926     
   3.0317939630422681       -3.4828053087672388       -4.4285212772970635     
 -0.89742924466866514       -1.7410612439403110       -1.2421227948582729     
   3.6105930071157588       -2.6353300583177437       -4.3110451235707101     
   3.4808190354593065       -1.7056418563809892       -3.8287371245844422     
   2.6689944321673695       -2.2542950068633201        1.0462860751950507     
   4.4405891188649385       -1.7420585828676143        1.3648472704790264     
 -0.39339382387420468       -1.7926235683382234       -3.2846657594410926     
  -2.1154768760279108       -3.3227909492567242        2.7353744841858414     
   2.9382203232103978        3.9807153718745409       -1.0613369276553357     
  -3.4885486825404346       -2.1686204168711312       0.98516297301703393     
   4.5174820938155440       -3.4524443805967202       -2.5730013091400705     
   4.6275268880647644       -1.8146005446476101       -1.6767266500721982     
  -2.5864293447291122       -3.6586044334905825       0.46194231035404559     
  -2.9092744370554908       -1.6648747505444323       -2.7400906144102510     
  -4.6366789638591612       -2.7219974631307754E-002  -1.0667581582665648     
   2.7172199023229191      -0.79806013939259912       0.85627637595845929     
   2.9771796460576487       -3.0223402643665724       -1.0882215487804183     
   4.7469700406919131       -1.9889682088403506      -0.69120755915498666     
 -0.71530586417579967       -4.8282461214241756       -2.2810274513130087     
  -2.3626738518079495        3.6098591574936512       -1.5593698077318390     
  -1.5474493717975197        4.7191696259622278        3.8620135252372521     
  -2.4820494751972020       -3.3826839197349057       -1.8118556533537806     
  0.69727028767754295       -3.1595565940739374       -3.9352915214823017     
   4.3079296295354519       -3.2924415369146840       -3.5410308982111700     
  0.34860062891772586       -2.3982712616306223        1.2945353810400726     
  -2.6555784834170693       -4.6904849496662235        1.2767944939893299     
  -2.8594096232236894        4.8302092739068136      -0.56107763120307297     
  0.95063421243284563        2.0668073631444512       -3.2430870545906370     
  0.84613851711001720       0.64661917845401651       -1.6653718841060017     
  -2.5550026105176062       -4.7404825677115223       -3.5592370491648659     
  -1.4879433226343672        2.1560545749691120       -4.1489613592352752     
  -4.4342304794371366       -3.8663417790444115       -3.1509882468607540     
  -1.2528689337520673      -0.42737943623191099       -3.6424788188479154     
 -0.62934615124265980       -3.7371066089914975        3.3606629583148786     
  -1.3435130629907921       -1.5486924240968147        2.6168913682805481     
  -3.6763173329022862       -2.1383734792711273        2.0896239294124590     
 -0.10612678400022772      -0.24318759756857025       -1.9510562230982185     
  -2.4501302120371031       -3.7906942877400414       -2.7805405376742152     
 -0.34510803511680477        2.0057337972126157        4.7249254677425903     
  -4.5572929312985808       -2.8318529311578788       -1.2362447996465589     
   2.2889901068668097       -2.7138809205722847        3.1732376334909924     
  -3.2218479497503978        4.1429706651066676        4.3207352140436281     
  -1.4351126256545916       -4.0324768487061693        2.4431781878014318     
   1.8115596148265218        3.8047995207646688        2.6739766880828371     
 -0.21552530677323523       -2.5583179466989470       -1.6184168136468726     
 -0.85957558614687735      -0.72552255118211373       0.36176205109789639     
 -0.71400927735461006       -1.3761239560439851       -2.1851466522119045     
 -0.53728141631959714       -4.3702847882239775       -4.2618300333720196     
   1.1361420637406021       -3.1628080193024228       -2.9983475779846542     
  -1.4432021323083191       -3.0538349071965438        4.0897205794149487     
   1.4235196192073567       -2.2352680255797162        2.5738445435352442     
   3.8304275129212382       -2.4715493086761327        4.3035635338484992     
   3.3258904881272340       -3.1186928073716271       -3.0772699507340264     
   3.6875240767692139      -0.41991410834662990        1.8215916398522196     
   7.1705836375971749E-002  -2.0146781249275874      -0.73784987234324373     
   2.0859001835068347       -1.2527532417451928      -0.93472016279423276     
   2.3106377771007969        4.1878147441193532       -1.9970767827091391     
  0.31092456465016038       -4.1544447142117438       -1.9049022398224713     
   2.6189384629779764       -2.1172811694807221        3.9293154833373802     
   1.9792159032706602        1.2911868545994034       -2.9690274627691675     
  -3.1224819829655597        1.4685240840546601        2.1954197386992265     
   3.0155193476913698        3.1743393622050946       0.96865720329016225     
  -3.5769468571931897       -3.2963818489310945       0.68909738550293997     
 -0.39181536949462314        3.8753667515830723       -2.9161287914472305     
   3.6512854703236779       -4.1571055324093900       -3.6572864166619095     
   1.7215822364451037       -3.5402060734177954       -4.0038205937179949     
   2.4643032034297168       -4.1921525784693445       -3.5586036268096413     
   5.4369352368807904E-002  -3.5250813334220537      -0.90898462474083874     
   2.4111988171073140       -2.2871744666195815        2.0320236745785842     
   2.0228509438972946        4.4715484539170527        1.4194229843931878     
   3.8001479095444575       -1.8277388340034793      -0.10624037234592378     
   1.8170680869491642        2.1533758217010290      -0.43162993351924328     
  -2.4803100937693059       -3.0527675208087586      -0.71358277242842139     
  -4.6574361405766922       -1.6769721470877905       0.40952169870699789     
   4.2802177656724600       -4.1544704039350941       -4.7726594844072432     
   1.4552560963755299        4.3517119718637023       -2.6860850980598587     
  -3.0022777815187038      -0.50300911548855964        2.5496025088977219     
   2.3958183687818928       -5.5505967492434340E-002   4.0046274404969875     
  -4.4655026547306029       -2.5726598727457213        2.5610201221719886     
   1.5687346081749609       -3.3358241011512182       -1.1475741401508859     
 -0.94884183545732248        4.5468790655067499        2.3620368637265736     
  -3.5490876036340717      -0.84774432391512144      -0.57200597945009191     
   2.6741688448598668       -1.3331126936303470       -2.9033183114967653     
   3.3628565188130812        1.5660236074076546       0.10370453836182066     
  -4.6570357308546573       -4.6880679285074160       -3.7077039855605674     
 -0.97315533278021615       -1.9626669010467008        3.5619109376851763     
  -4.5855761455385853       -1.5008444730658133        2.5342569094806433     
  -2.5126689904258188       -3.3459098896924706        3.7371347094141578     
   3.7463460440935372       -3.6798617258449888      -0.88481676950423305     
 -0.88837672669368550       -4.7029152594809140      -0.24926728021655478     
   4.7993855324018098       -2.5275675263553143       -3.0616626714237154     
   1.3015365767211020       -2.2850157428835303       -1.4986972774412528     
   2.3321058503727872        1.2245893622773758        4.4242626704351293     
   1.7557739071110277       -4.6063793156152011        3.3314951054505975     
  -4.5103418667456641       -2.6351268072660115        1.3522570845748860     
   3.1369075555348456        2.9723168198899814        2.7744492899956708     
   2.5730212242853496       -1.1136337643981817        4.0240693052251002     
  -3.6089013316813325        4.7749956111492313       0.96781121103368617     
  -4.5273528244251562       -2.9614942384850984       0.36194259260615325     
   4.3635034561679733        4.4964742480655575      -0.73716247504841770     
   4.6128941500041014       -3.2737253933887160        4.5712125425776140     
  -4.7600508045327565        3.4239340216180980        2.2736958600195432     
  -2.0788597923249559        3.7407520395144918      -0.36286743307299768     
  0.70561414137279921       -1.9766573068631050        3.2662052530055727     
  -4.0339835277543195       -4.5912520041406246        2.5920595326194475     
  -2.7629999793853779       -4.2840656651143290        3.1645012930985978     
  -2.2269683496361363       -4.7479492698351322        2.2520961096938446     
  -4.1691848229912516       -3.0945252001065668       -2.1899322297813444     
 -0.76176860133085700        2.5681848185338829       -1.9587096287170354     
  -2.1198914942316089       -2.0047536295701645       -1.9525522560509949     
  -1.0039199321863070        2.2332301407924682       -3.2299669618443558     
  -1.9546220573715614        2.7556722952244734        3.5697849879725960     
 -0.36030518072659584       -3.4237074306066622       0.10017336916129937     
   3.4083442097965027E-004  -1.0031928289892540        1.8745337689937029     
  0.68015772339385372       -2.9324419730874758       -1.9736924853234759     
 -0.95885789782920072       -4.3925816903290880        1.6080880948495349     
 -0.52085709253260815        3.8484648262675325      -0.27474345530100486     
  0.36898775443265303        3.8484762236677628      -0.73294131807611096     
  -1.4664005586888915       -2.4622369695680160       -4.7311412063687941     
 -0.44194998236375904       -3.0306000607570196        4.2840893156508093     
   1.3695921379599951       -4.4975064434296046        4.4355799614239606     
 -0.52357721560842985        2.9057236586130548       -4.3027056779589756     
  -4.2146361233055138        3.8963142367697738        4.6818817674996520     
   1.1506746334290940        4.0000348633916385       -3.8994633966175685     
  0.61528564040895550        3.5237044729030593        2.4792718848313369     
  0.66807606576671641      -0.31715412729981329        2.4322387473508273     
   1.2511010997339100       -1.9270793033083586      -0.28993578584411484     
   1.6508240795852074        3.4000119260096127       -2.1301061576274209     
   2.1177095027228274       -3.4388662717646130       -2.9343631087838484     
  -3.8375383582195703        1.4275400766337165        4.0429157941173584     
  -1.5658973852131115       -3.7364165758190420       -3.4012305966177534     
  -2.4241030370586127        1.4907544925480603        3.8728086123046013     
   9.2770699086443753E-002  -4.1230644629145088        4.6668441467340376     
   1.2350848549133331        4.4450273142997414      -0.56454979297611174     
   2.0725513096738806       -4.6028579998423922       -1.2128799258172078     
   3.4254906320694158       -4.6232453730602758       -1.3935385378391465     
  0.83525308508941321       -4.1444206132453401       -1.0245385452464455     
   1.2474619598707948       -2.1379555000734829       -2.9232929969403290     
  -4.4439215530665495       -4.7607279359173722        3.9393282324851668     
  -1.3547728962133876       -3.6127235559944504       -4.5602226734847928     
   1.8534535866157911       -3.5286319818745366        2.4685305803727142     
   2.6788327462731165        2.5585200188003508E-002   2.8728017571894049     
   2.8691646528075831       -3.9584422333192464      -0.47593710018673502     
   1.6623049677252486        4.8025935784453280       0.37646248994971299     
   3.1755048071219276       -2.9138405682146820        2.4907301696160635     
 -0.46511042507030709        3.4782510344708837       0.66422058862691513     
  0.24946219043645931        2.9600836501106422       -3.6330076046643538     
  -6.7697777617842542E-002  0.63735224320119088       -2.4759347556486597     
   4.6420147021609734      -0.82189057139475319        1.9553305655343933     
  0.42179471457046408       -3.3653179506629312       0.88504212055894849     
  0.88712989687278998        4.5212085970851561        3.0256354231166238     
  -3.3797858322681678       -4.4450838075668893       -2.9501801631218645     
   1.3394390036730390        4.7729592361570177        2.1696104401220655     
   3.3040524747454785       -1.5578697318836126       -2.1279234159973761     
   3.6325484047214940       -1.4432681083285790        3.9175141486248282     
  -3.8196608639232950       -2.4380200958516309       -3.2526451872233211     
   2.1722292211375347       -1.6743706678320074        3.0242971097010929     
  -4.6073633512683445       -3.1239171977377902        3.5796952696035178     
  -2.9939821649621452       -1.4041816686493886        1.4347206297787736     
   3.7578998326239827        4.7877430250985356        5.1077727476440432E-002
   2.1979148672386324       -4.0985178044592434        4.8413967209266415     
   2.0517588965596816       -3.5012040943730933        3.9443353332165900     
   3.6994745900570241       -3.8264499100325260        1.4692189940219931     
  -4.8399586728393720       -1.0348900392950811       -2.6662954549091880     
   3.6655030567693454        3.2350142789159668       -2.7216010475033352     
  -2.2755906549488176       -3.9168690862675675        4.6774344936897618     
