   24.966041119453909        32.395803967099447        31.049529561411717     
   36.981492455356324        5.6881523153870663      -0.81724814846767524     
   22.616721286222578       -34.480160198400021        1.7968687264268135     
  -6.7897798709396202       -23.058672224613279       -32.749783296096581     
  0.13080519044556702       -17.337915657414598        32.633712120417179     
  -7.7525644573655486       -2.4825582502970907       -21.812445876701812     
   31.855661258603725        34.584087581401761        32.848213699602127     
  -33.530136592404212       -3.1464762404739566        22.219583862375661     
  -8.5928068897762770       -16.516382360056220       -35.359122677493517     
  -23.216800240631258        31.292458750890230       -5.9784238367157094     
   35.166419276371819        36.518141755394929       -31.592842526283629     
  -34.994092383415754       -9.1253388396609072        3.1840181191747252     
  -31.447409521490069        33.642575132227513       0.93341198368087763     
   13.672520606667675        33.363700907249296        4.3728742056728667     
  -8.1543707163932666        1.8475624541067364        36.622896617566319     
   18.185050973868353       -35.604620159777404        18.870501345803920     
   1.7153684673942164       0.65160806159621976       -33.463396475501078     
   30.040550008050882        11.325136031534646       -23.031245137601374     
   23.974875832578576        18.886995661158082       -36.851838610235028     
  -31.585536719735721       -12.829578054655046        36.005715675179765     
   29.338948968498549       -5.4164582400114289       -21.201325942502439     
  -36.113513208568278        26.862853069374925        6.7642695068090601     
  -34.427635423488283        28.426959425003684       0.95861365258863684     
  -18.904762136565274        1.0222593230040908       -26.035107817351555     
   7.1907772115846029        26.147620975859446        2.0739965895310579     
  -2.8681507569014717       -9.3893976879986774       -15.611393367864503     
   30.838300883377666       -21.729154236775102      -0.73860483054496018     
  -26.870406833007184       -33.323730333205809        5.6405949603900698     
   21.351445434098377        14.938147523431716        15.373387116234030     
   26.295117582272379        26.016607915388860        10.957908323965018     
  -29.207044400244595       -26.140003574619403       -21.982092896467606     
  -17.982588509750155        4.2232571510542858        13.522109833727013     
   26.033446585320476       -30.205685096166043        19.101638041525732     
  -21.069702197026000        19.464583940887540        32.139624410938822     
   23.197581920741374       -35.911162618095624        19.537870430907571     
   33.213416473130053       -7.5077128762106016        20.860571176753492     
   23.155579085758955       -15.371407113128733        3.8635243558554424     
   12.286968394279230       -11.575713320845036       -7.7518346662143838     
   16.420352774637113        1.0063410071148042        30.347473687966250     
  -24.890360738660924        33.647780010959281       -21.752583071896474     
   21.317911498849856       -36.152126811756162        1.8779835066278519     
  -26.347483625209474        11.901331348256539       -33.137321549683797     
   12.818629887344235       -26.393656208550926        25.314988909384397     
  -4.9859612083432019        15.630165767658411        28.993645242512613     
  -1.1434806597591967       -5.1546460185995180       -35.980716288402348     
  -33.499905809093661        30.810089878785089        24.803097639325138     
  -21.721195768465918       -10.749746018435628        16.317866869304854     
   21.777081342704903       -11.991266185959278        16.776439695322175     
   3.7084092468267973        21.690353365273456       -21.105442880147084     
   15.349876884988824       -30.498598195194020        11.721361026087155     
  -27.108232859255686       -28.418411874743168        9.1818623225554763     
   29.756490357002900        31.296623069893815        29.327029568206843     
  -12.250607092190155        16.642900503293042       -11.788325191378254     
   3.1757457559501447       -24.279033997849172        25.171080183691206     
  -35.527965464527469        14.469913810287245       -19.889309805733259     
   8.6890312989941894        17.915111513880358        6.7760242731119718     
   2.0081687994660622        24.278604277096484       -32.122804146429424     
   31.890656582075884        15.515537000632063        33.648804381167523     
   9.4411679293419670       -33.329365391645865       -20.838434170361172     
   9.4814907804523614        6.2734937111246367        28.973672233866754     
   20.936709843861792       -3.2873886862878900        1.2444743532708111     
   14.629582610458066        6.6589617728487394       -2.2357586316997478     
  -19.013910103210108        5.4983657547271507       -15.316482582303625     
  -10.178756489635717        36.435281021742135       -5.2871034426857086     
   18.147567684877579       -11.840206267918848       -6.7788558157462502     
   11.918303025528598        4.4425532475181768       -21.136684083138505     
  -6.9238170661246947        11.650233590796018        9.5455962937873107     
 -0.24367570890079690       -13.485711988271387        26.717462449759640     
  -32.479380369468707        32.662941380034589        20.458539496819554     
  -8.5857707453583316       -17.820056515763781        10.127919314393219     
   23.426958053154241        33.831646903991505        31.840851442655634     
  -16.293603146362184       -32.346591327394982        26.762574664903383     
  -33.825977488932324       -35.424615654884377        14.542236503405036     
  -17.859103981593197       -11.534083121997501       -17.423019818757908     
   15.069698641088243       -3.6347492394515859       -1.5214324665681733     
   22.484478774073086       -11.401027494434114       -17.941293388755476     
  -24.337684747424738        15.369902401727096        28.015452865567770     
   20.574068932737223        22.170834501561167        35.201180987160456     
   34.090585839874791        19.305849804703048       -10.328089905491790     
  -10.502174198776478       -4.5443683911906936        10.267739742233752     
  -24.481381222501817        20.477079841165885       -11.395474186238733     
   8.2504098772863852       -4.1293404853410864        28.131305676307900     
  -17.098456464765469       -35.522308265195790        20.636821429960804     
  -33.484117003817452        9.1251196305863633       -29.386227521675067     
  -37.070552142148877        22.465333793065259        3.1014657520582380     
   31.174265105894811        34.755741934662204        20.525101216612111     
   28.711918934055021       -1.7328215649889920       -28.963000724322232     
  -14.840603371187028       0.78799233401197377       -26.400338824145184     
  -30.788193638464456        19.623230543857314        34.323095124174664     
   29.046954070482130        14.908104749203074        23.998587379009997     
  -9.5258048979510903        36.982555622977820        2.7256702646828410     
   14.705590663083452        8.1644149460405480        9.5289912386540365     
   30.536815558648371        29.684130202535247       -28.176892683302285     
  -20.047168424779500        6.1442457805009285        20.782854551017934     
   8.2081354246060076        17.510906602581510        30.716366444401910     
   23.029851468871183       -5.6415894093954995       -31.493030683059470     
   30.728162751108865        11.282489449686199        16.110255552796367     
  -33.565574000841650       -6.3489174648879398       -6.7106014544083443     
   35.416246072483659       -15.473024956467164        1.4190490655480545     
   9.8424689364169993        32.528057021527793        32.451985056739233     
  -29.402178547471376        20.179136480965148       -9.2896196413153405     
  -9.0991161471522499        10.483822203214419       -4.2625892908574414     
   25.794748104242842        27.079510828397854       -12.771087145754407     
   28.507206811763684        25.538662095725535       -33.682087698060265     
  -20.324475835236072       -4.4791479632684528        33.444620324253066     
  -25.226800673938129       -23.392690904359046       -9.2457357399182794     
  -7.7502173112524257       -19.121626882946227        28.341874410655560     
   3.8153896533374971        27.408745547388421       -22.388353356871132     
  -9.4835881414734207       -13.117580120740392        2.4680630198935161     
  -10.781321067089490        27.902223789913801        19.853263928320136     
   23.345071357942214        30.451873541824511        9.2463577848417291     
  -2.8592558668095860       -10.041817047357435       -34.049766191598387     
  -10.555514963297083        31.924708010135117       -20.970544843425124     
  -25.805900154632518        31.816624910096451       -35.791865737850976     
  -7.2085015652919173       -34.846767394279162        16.437713706775352     
  -23.033999457477300        17.541720701948758       -20.125631535848246     
   14.420746326101636        34.291927655933129        10.062518803444704     
  -11.330607839469309       -19.761466050988211        32.917847008591892     
   21.858842610831520       -7.4610276681593506        21.256698917284190     
   3.7423432166510211        23.884919948103665        9.7044124009357304     
  -26.490685556365634        13.299053825751804        17.751242610591905     
  -25.539370757508731        33.433951373165016        9.0877516080237761     
   3.3334065889524216       -2.7841362970075911        20.670962541508395     
  -6.2195091144484476       -17.468031093194753       -19.895418880318228     
  -12.270843164919468       -8.2635730443861224       -8.8337276586182547     
   35.817743699607064        10.315990577547401       -11.316290098746421     
   33.970123146674410       -20.319115942074948        24.075850271087475     
  -33.084367136416581        16.109507426155986        21.059704664108402     
  -9.8296936493325795       -18.192096109406755       -20.666297601173977     
  -26.194133187975915        11.634699168712492       -2.8730737046186068     
  -8.6775461047673765        31.074791751134487       -14.833626484324352     
  -13.401923014981055       -30.040821038384525        36.063936704133894     
  -3.7352164438195898        24.620463995018529       -27.593989781187894     
   26.792599086168146        27.704130188738443        4.7141487352980489     
  -16.888499239498454       -25.253092596175200       -9.2983403216793103     
  -6.7762674350698955        16.495480065327857       -23.058906438408538     
   22.457654138986189       -36.051115653117201       -28.037094251414032     
   28.701213928511294        16.169706811108700        25.021184749755303     
   29.707838451373448        7.8071275073339255       -12.499316739802175     
  -21.256483577343200        3.4149198257776012       -13.167003894949694     
  -14.334375011540947       -6.6658610655628854       -19.199115216352194     
   13.969871066984082       -1.1465025772067146       -20.136336420585142     
   1.6915317078478520        21.911941917907676       -1.4898022468444294     
  -25.351818649391241        17.800165580717891        12.045911094301225     
  -5.1284623443043627        22.093205167835681       -21.399373849350070     
  -32.327913242341431       -24.119821778157863        11.728012498448246     
   15.747547196461355        36.537395304594391        28.663858501597129     
   19.052706848904620        20.965841149259695       -26.409032793709986     
   15.875789257692475        28.252717311933303       -11.143657533342846     
   4.0345070804737899       0.90385525357295227        10.714090166547145     
  -1.5672361531356811       -20.961207359904684       -8.4396249924572633     
   22.828391652118349       -21.577612527025401       -30.268738527137895     
   20.267884126810269       -20.633536725267607        28.433915502974049     
   19.312656426196266        31.726622120774369       -14.326113860410050     
  -23.846778234304832       -28.400458323319622       -20.185007210561746     
  -7.8492289576676439        14.426511330428941       -24.474106295604763     
  -31.624732018683208        20.482961828554821       -28.356799745510887     
  -2.7256149418329279       -33.203540048089195        20.678902426684314     
   33.931081089913256        14.362074488201733        22.922354350805442     
  -13.178758663947750       -34.477973868534235        22.511849156913947     
  -21.528947011687087        2.3877493706071475       -7.6428427931794589     
  -12.203710450222326        36.407714385076048       -10.645389718069126     
  -11.529721782334711        4.6401143223927468       -30.837380842698142     
  -26.560270068639195       -6.7588888987687159E-003   17.102828183577035     
   24.324700542391252       -27.005976182796928        25.214726335960684     
  -2.9210843185529760        31.723807108331005       -29.304114370646559     
  -24.707968347896163      -0.32256238048458202        3.0916575034981202     
   10.504625965454146        8.6290520527558332       -35.855757938483784     
  -14.780026133925999       -35.073170554356423       -1.8978128459601253     
   30.999323289667128        20.532548520490348        10.237702561215716     
   31.984381330459318        34.452731309554004       -24.376009507404195     
  -6.1083726062044308       -29.001731815795093       -20.654117882301051     
  -36.731797487593916        14.427102663949189        15.791612399946457     
  -20.754094603427625       -34.956575529290035        33.520974012204576     
  -21.641453950441459        5.5168851906244072        18.046462522694902     
   7.8880877866949533        15.464484930885977       -2.4660733825830627     
   19.514290810750925       -33.803512695280972       -2.5218765676085759     
   32.655511575468758       -25.610217640943116       -18.091645094521930     
  -34.609629749036387        25.199853225528507       -27.505722796021445     
  -26.436485809652257        22.186554827457787       -27.299210524886941     
   36.927413202975714        6.3304873822824153        30.993192255816389     
  -33.424058202264419       -17.138993564294399       -14.787409452598331     
   14.463602019127302       -2.0405334595819347       -22.511474792932770     
  -4.1441456755443093       -3.6183142705653468       -34.593487025594669     
  -24.194368049607863        34.156470289863670       -6.1747870957830324     
   15.658678850339626       -29.618983863722011        28.112331002902902     
  -2.3684305776102779       -5.3727047128937304       -27.616198040760580     
  -4.0085322535587400       -15.804301926698185        32.440725459564064     
   25.995854183173375        21.433428338934455       -28.734409048670869     
   19.519232374987880        26.520609586275814        1.6358843016675770     
  -16.968417441173724        28.532570637783866        35.657243854923884     
   18.046147130986476       -19.667354948549303        18.851908530068670     
   31.130772334930118       -12.374327437965270       -20.611717015224066     
   5.1343657050342664        15.513198329728953        33.414419140703203     
   21.981722660135887        26.489836193918617       -12.074899723641380     
   27.730457187802358       -4.0567415440223069       -4.2502195906526650     
  -28.519211125720098       -34.936312649580366        24.298506527198096     
   4.7486033575544271        25.864797899489179        24.633708823479175     
   26.233826373942406        12.332035477908009       -20.330144990582056     
  -17.517601510245370       -13.013380140228939        15.988619152118050     
  -27.581917773186650       -3.9434629502426870        23.928330353024840     
   15.870685206331990       -7.5738459916811625       -17.402623694133535     
   16.156555400221634       -31.229846306946460       -26.354701343062583     
  -8.6942336761959602        23.961362855712785       -14.286085093413027     
   14.506872225857547        36.032382937638040        17.194865548223405     
   27.376564573041463        23.101797320625700       -12.620229070483642     
  -18.848265467161532       -4.2846551660633230       -2.9105981269684804     
  -24.725713356128310       -30.528157172559617        15.314820244529734     
   26.150422927557297       -3.5238844561429983        27.748552745933566     
  -26.713910792299622        27.073606397233146       -32.699424820931966     
   14.641863122721153        20.804847956879179        2.9782923066506664     
  -8.7653838824753052       -18.901696294476842        13.521445447056651     
   25.324149396095955        36.786194405812353        30.980430463571619     
   1.6261739410177998       -17.997026771040975       -16.686321135339291     
  -1.2465128265104279       -2.2659330806012536       -12.902983744768404     
 -0.35978544012820640       -33.567066019723249        13.081513042311464     
  -14.296510069225048        14.213101431781229        13.332691201437251     
  -6.7235404126160239        1.4877600125841874       -14.229226342232700     
  -10.409420339543999       -6.3080232831161069      -0.88941203196863061     
   24.270719649687948        20.047958822878762       -4.0528281004921523     
   18.922413698692448       -30.266009765457198       0.13420465415124513     
   12.290563011253319        17.677439791854379        24.819854196542597     
   25.065737771011278       -22.462012457480345        35.497213808351766     
   30.619683674189737       -23.186437469039582       -12.149369207203694     
  0.19916342718672780        29.865365335455667        13.680930701728006     
  -5.8579136094571966       -8.6983314554978932       -25.437741420550999     
  -32.765024932856612       -5.2691425368963678        12.123340246464368     
  -15.310991582436026       -9.5241193703481741        24.115516557068673     
   12.797352059433862       -22.589453402865530        3.8227508487134503     
   18.851067710601853       -19.592984938208890       -3.0271762655421295     
  -11.470287369268284        23.612020545468265       -4.6169408740650413     
  -36.069488650373607       -32.343200058709222       -11.191993907035895     
   8.1837159163254540        20.441167366178927       -18.864569085024183     
  -16.190175563252851       -36.858014669218548        19.194345635089416     
   34.605944726118771        35.791416080663836        31.189254819643050     
   2.4626986779864972        2.9689729129706750       -28.958013432127494     
   1.4962610285445850        29.297508587034766       -19.648657695919656     
  -14.328616066562446       -27.881954290725719        11.114294510313126     
   12.417784332005484        31.893134984844970        18.272574795157070     
   14.669379408298976       -15.636072951992858       -7.8703701463058540     
  0.61440289333064591       -1.7365001036420127       -23.131845866613070     
   9.7153565944995552        14.490675841774191       -16.489325648003984     
   18.384327192271691       -6.9394320440903847       -21.394779549915526     
   13.325442023604767       -3.1389316517489760        15.805603557470604     
  -28.874731581811123        16.373684788891232       -5.4407710948134405     
  -19.016988727399607       -32.557665109991781        24.386346659175960     
  -32.362193319705540       -22.857955567836346        11.885801216602127     
  -33.603741874562118       -29.454432592864805       -11.404717930023487     
  -11.849369650627313       -6.0373640612885850        34.836336345190979     
  -31.715679051211925        21.536598611946282        17.768955647795721     
   25.003985394014840        19.927137247474665       -36.585497613708981     
   12.889886601727612        5.9034462715557137        7.5227093493281867     
  -25.586315314699718        30.849897570521030        19.152995159494402     
  -5.8116798960801805        34.506444113289540        11.684016442527344     
   20.622347364282799       -17.717745144627898       -25.435136496369257     
  -8.4120527129804170       -27.064708250537301       -25.091876747771078     
  -10.096920667325540       -7.7083178844784417       -21.224217595693201     
 -0.53991347394245026        2.9052536972069025       -30.522155346032697     
  -24.719663091496752       -14.287182245573621        17.428293625459734     
  -19.318987435936236       -2.5601846548102802        32.704322291114359     
   26.094031930186574        12.996892013309415       -11.469643309194161     
  -14.111960170307631        8.3179783260474363        28.966164663005735     
   15.840130300078817        19.777239098645033       -5.3972461103519738     
   17.757403310194444        18.310294858896274       -9.6609372618770048E-002
  -29.343605300417760        26.301093346411836        31.539017738436698     
   26.378574729161581       -18.208997159715793        13.284596167074753     
  -9.3819706768851230       -24.853524312590583       -33.422109591726915     
  -1.4923503379476948       -8.5295504579490213        17.947845247470120     
  -19.188297166902167       -13.715381171659896        2.3212965230827809     
   11.794111161402341        32.830639560508452       -33.504191363235449     
  -12.170115284038605      -0.48734757540565760        36.386280167867461     
   16.940982192537682       -19.091405169392718        7.1085083573766692     
   5.5615937414396317        8.0987856454623159       -13.913475071514622     
  -21.891427960711855       -1.4390481195118878        29.038262288022832     
  -20.682642519703958        8.1389700944918761        15.386259232628978     
   2.4768731683724465        26.856868257223972       -12.408881628259389     
   22.869241134737273       -32.206848260352729       -17.397525555993059     
   20.992857257705861        25.608816431129686        1.8536134119901906     
   2.3066734114681515       -6.4847606811883809        10.898673871049162     
 -0.18778763896637782        6.0354125891653547       -13.627972412526319     
   2.9291168343353520       -3.2731759344442413       -25.585788964477342     
  -20.066996248281672       -26.841542478162026       -10.208659335581620     
   17.573692793147536       -5.5255201264988978        28.517617024072809     
   17.577972107928311        3.8479753501482850        6.6882352925401154     
  -6.2869214772425659        6.2150697591908441       -6.2624654316755644     
  -1.5399965363510433       -12.556217180539647       -24.219365189711848     
  -20.539271194875472       -35.960487771445180        8.1231934213976409     
  -35.283855364022337        18.043833972774049        12.852836832702774     
   19.614576664250510        28.991505623114239        15.520313448900620     
   31.015064147789630        36.817514159422693       -23.763971853910665     
  0.77299224384056231        28.633738219787244        5.2558484496440352     
  -4.8859537675944251        22.874148359049951        36.615715321882426     
   22.573691910915198        4.3555986274759695       -14.938546767790589     
  -34.487611961965854        2.9578932692444906        28.904757998378916     
   24.956622992197296        5.0471363631324540        25.522144086840150     
   21.991020324617647       -29.395025628116709       -5.0221681266133213     
  -34.710250594031464        28.025400571509536        19.333942568236527     
   8.5611615764965858        10.257339484423287       -11.028096287554330     
  -20.293669230231618       -35.675069871165512       -28.449925441387094     
  -25.424472362224680        19.952463297875219        12.560282473458980     
   9.5242426371271076       -3.2389677332511910       -22.268857555652716     
  0.91928918448601982        15.120762234960299        26.770943079958357     
  -2.9513062078339076       -5.1074065517239058        32.186339166083606     
  -17.420216724652665        33.481313476640736       -1.9858505268959179     
  -36.498694296357662       -29.757651442094783        11.903175395866999     
   30.781413487813374        18.086117142161648        28.743854212631589     
   7.2506896415679831        23.701871093647675        30.813631465318188     
   9.8332209437139788       -6.5963161589202519        18.802329393236501     
   4.0478961473587178       -19.681382153446297        11.645340823769438     
   6.3508311998468274        28.329765187235157        8.7986059750330412     
   32.197190633008866       -14.413393954131243        31.239043265354955     
   19.384379536516761       -10.970281291972643       -11.351111336940262     
   11.341027700837280        17.203824745709692       -34.796994401506829     
  -17.191353827029697       -24.983942592528116        8.9430472957244707     
  -22.738818732561032        12.677433749007049        32.551790730637549     
   2.4722160659978165       -14.062952127464373       -28.022675369340408     
   8.5279231791271226E-002  -33.477395942565273       -6.4292752533807453     
  -30.180203529052992       -25.771109201512989       -11.184999598560861     
  -22.654769343429312        21.845719186277094       -7.0005143975689430     
  -22.963412611908375       -21.162833091305352        16.800751884005901     
  -13.335835299809501        23.881636080655063        2.1737662824752628     
  -14.393912676894606       -14.857921306988437       -32.499439560052856     
  -1.5486216779246296       -3.8606479534476410        35.426233700454624     
  -34.645934789733595       -18.003186444243550        1.8964374888816344     
   21.791510991745508        32.722621278114836        13.448087391187872     
   9.6476344763198796       -15.961515269947824        22.501754445030940     
   25.083399047932343       -20.038552471309217        19.595914618926997     
  -2.7434299076918154       -5.1324622872313919       -35.599774917061524     
   34.994171789718791        32.490760632261591       -22.338842348325674     
  -20.500907952148459        11.726862120564967        10.668634438123046     
  -7.3969377117511019       -3.8765804825703296       -4.6663384644482946     
 -0.91609179229566884       -36.323608233971655       -11.198357837611180     
   32.622029141761615        20.732948372762074       -23.238680522935379     
   23.078545300296792       -35.644745322390484        5.1616224525002634     
   21.673620186782678        9.7383001996841685       -15.886373898946138     
   32.087170056628352       -14.347270172585560        3.6610808163779728E-002
  -22.122820576023631       -27.233367978432057       -29.786918462804493     
  -29.721402005198559       -18.068571897789894        34.010798656022814     
   28.805954109211783       -12.538746648510800        31.246351681789832     
  -31.388008187304724        17.177281684479059       -8.2919860420035061     
  -6.7562021938532606       -24.053933123844885       -18.812288229181398     
   12.462240232816670        15.624101691110470       -18.430046256873396     
   2.6573885366732637        13.637418567329769       -1.3034145088490920     
 Energia de la configuracion inicial =    95.838150489636604     
