 -0.27594282041534574       -2.8944417121091996       -1.7985079324162863     
   3.4828702631853745        1.6712278496631814        3.6281569090584780     
   1.1780738734332976        2.1605784156903840      -0.37544053976471847     
  -3.3968471305999102        2.9791565402401434        1.0088687501027622     
  0.33447329189365010      -0.84851845830636052       -3.8854320083845764     
  -3.4348863322398469      -0.60949949992446317       0.77336545663923772     
   2.0264306576789251       -7.8998775064671040E-002   3.9144211728801848     
 -0.77805866358107145       -3.6620888829208673       -2.5972884508278558     
 -0.97596418257143513        3.8518203469167305       -3.4726984869740347     
 -0.63509707136720273       -1.6012134441803902       -4.0584435146856492     
   1.0630291129196867       -1.8333161568517242       -3.2782950963714828     
   1.2488296761267383        1.9241972612400788        1.6643886877861276     
   1.3808240502508287        1.1452613472804301       0.17634446303076073     
  0.62619141834254932       -1.6676052881151495        2.8955658619245992     
   2.4311326280393173      -0.30559862534746973       -1.2192401062967748     
  -3.5052643212504724        2.9618180694184710      -0.66951954186955731     
  -3.6323141494556768      -0.67708832557069054       -2.5642064800191258     
   1.8732367934098368      -0.77952861559896069        2.0728746894016967     
   3.7922290603935491       -1.2780121188339257       0.34725797703465938     
 -0.84700087461049045       -2.5499891632968552       -3.5288321832206240     
  -1.5148618206543611       -1.5439372058299796        3.7466324401333706     
   2.7412836992654106       -3.1911887570449800       -1.6777576456747514     
 -0.11807121541721945      -0.68184282290890830        2.4349601263390852     
  0.88557885341975195       -2.7957854028154339       0.38889073011039210     
   4.0083243071311063       -5.3183529153191134E-002   3.5161232740207038     
  -3.5169727240527711        1.2949298417890398       -1.6075303407767905     
  0.70152038110704318        3.0512654229127505      -0.18731461801315383     
 -0.41716301458535138       -3.8444308107802567        1.4108461838035133     
   3.3097904587692724        3.9419367198812787        3.6801885536909866     
 -0.61444945689128494       -3.6823821750585268      -0.76391773873605495     
  -1.1872481795401311       -1.2686660937234353        1.3440726911099510     
   3.2160505453241490       0.94679044853058947       0.88607579034954786     
  -1.1069440572626972E-002   3.5997404824010859        2.8392627646693995     
  -1.7283908981945295       -1.8276525314383660       -1.9052350363336774     
  -1.9805948937310933        2.4439361903338424        3.3335125663399636     
  -3.4863843472185696       -3.5942553923391052      -0.39201776940797828     
  0.99755856699054057       -1.4314964225962257        3.8408102225404952     
  -2.4754027140879879E-002  -1.7207097137350671        1.3859812148262785     
  -1.5144896285758853        3.0675908659705846       -3.0410896297552656     
  -3.2720092546521213        3.0930588663810754       -2.1000535577107331     
   3.4586313898580988E-002  -4.0693441395929781       -1.7277120050501986     
  -2.7190428384857013       -2.4015539067077425        1.6432017667135350     
   1.8624062228652944       -2.8393343546632623        1.1067196256584149     
  -1.5009089523350392        3.8626785532836161      -0.98160144852918363     
   1.9078321748553457        3.3714082508707253       0.42722515852913151     
   1.6124172718530629       -2.8536526528193145      -0.49657572933156724     
   2.0751575531778776        4.1050515245165293      -0.53471938926863938     
   2.7682670154742088        1.4407123302028773       -1.8495529081052007     
 -0.46821952425474561        1.1551042377039524       0.21760398455416757     
  -3.3632154281822180        3.1119750182683514        3.4813604215027074     
   3.6602758739672172       -3.9729657756498344       -2.4814425434687366     
   3.6797355113657551      -0.58077518656284199       -3.7519680661828612     
 -0.38838899960862772      -0.18570747382033201        1.5317928929308555     
   3.9379860864040377       -3.5097888036040921        3.2202892479084282     
   9.1844877628481106E-002  -3.6192051838518866        2.5593110961476557     
   2.7602202013534156        2.7218292257607088       0.61630444082520719     
  0.39413418101584474       -3.2997398281094470      -0.33376509262513177     
 -0.76296048330912725       0.14143731072462329      -0.22816066035101928     
  -2.1865245731595699      -0.52257090468561473       0.32208822968050382     
   3.7264535529623615       -3.4092564987340581        1.9763753503764536     
  -4.0409523977940758        2.1887621324481206        1.6100825387680666     
   1.5468922253649608        2.5174210958818226        2.7594827806842788     
   2.4689706782843568        3.1423093510608582      -0.42602771249799248     
   2.4938782648939717       -2.5470373163238103        1.9267941288939316     
   2.1725531980005752        2.6125446233038891        1.9299541823419124     
  0.73678656418345645        2.6173870120313678        3.4753630876129100     
  0.83385333122176797        3.7274142781717652        3.6667124789710610     
  -3.1960062283509783       -2.5886793474514715       -3.6552059003630943     
  -1.5201651910473730       0.70462626524059968       -1.7994999340044631     
  0.81335954424073353       -2.9092276594538853        2.5058632749855709     
  -1.0407562440327762       -3.3496749772656402        2.4230284815283083     
  -2.5467340144177752        2.3051801510788610      -0.19565849736957636     
  0.20984745644209540       -2.1997075970045814        3.9166567059305670     
 -0.16077594786283039        3.1801376151813363        3.8041536697709057     
  0.96365328041442333       -8.4881879801140842E-002  -4.1393377237055757     
  -2.5390103733400338        3.9361094273758059       -2.0180333179274013     
  -2.7808572555227213        3.5275959632798424       -2.9195829444150028     
  0.26723468478670298        3.1181247240064582       -1.6117328479408839     
   3.9091958113613225      -0.30097416819339290        1.8959354176357606     
   2.6775693755806946       -3.6472995389363381       -2.7781827875272187     
   4.0141338329842773        1.7118320958249789       -1.2959992848676712E-002
   2.1440767548805222       0.15376037539248941      -0.16673937543339779     
  -3.1625613988801038       -1.7753826043330885       0.54626594207244861     
   2.7517438364656903       -1.4211292213754556       -1.0227613117951209     
  0.26056033777080212      -0.93776032536571508       -1.6970438319531631     
   3.8064177779750081        2.9027181627194030        3.2757281784114585     
  -2.8109201675176241       -2.9526373703497484        2.6354753664801667     
  -1.7258094336197656       -1.5800622119059595        2.3613903253338617     
  0.73191763966808310       -3.8912274469950949       -2.7133756523532049     
  -4.0104222979110347        3.9263523469675814        3.9580054842998473     
   1.8300144966597272        1.0107814175435201       -3.8725512782198486     
 -0.12801781887795521        1.3428080520455210        1.8354478637386560     
  -4.1345404825806424        1.9487191743985393       -1.1445497939422955     
  -2.6402503999866322        3.7920705118424984        1.2184286850528998     
   1.6653319741472610       -3.5613058740436379       0.38239054587282473     
   1.5674445472300729       -2.0006513729982234        2.1728586121679996     
  -2.4530963452356351        2.8113224037778357       -3.8782883909906123     
  -2.6870186632548840       -1.0509284977500408        1.5811963945573961     
  -3.4176754289711515        6.5711050268720234E-002  -2.6463419993056795E-002
  -3.4597250164259381       0.43602062432024158       -2.2758892421220831     
   3.3900155293971745        2.1250913289990421       -2.9351964285930370     
   2.5260746577368516        2.9954460302433596        2.9375155591066573     
   3.3900899504188913      -0.44234505791781009       -1.5286096789164632     
  0.71466828726878961      -0.24436641871185996        1.4259224679294578     
   3.7075236841153543       -4.1154564936168150       -3.4914308966534708     
 -0.88217082217951881        3.7627685965882463       0.83649205027410567     
  -3.5562446501525633       -3.1512123151322426       -1.6934715357211743     
  0.53681199938092838        3.9758646199558725        1.9389472122359577     
  -1.9587156559667507      -0.74986396058943505       -1.5607097904442091     
   1.0194194674072499       0.17312262897150604      -0.12775640201733182     
 -0.96180350393196812       -2.4184895567219438        3.5561655985917944     
   1.7750340442875416        3.1802486483378103        3.7650662508272261     
 -0.57232132661105228        1.1619827071758477       -1.2922922598961735     
  0.63539512097744621       -1.0286289364068606       0.79098600714280354     
  -1.9431086552845969       0.53730962467124621        2.9171253298987541     
   3.2992067518178723       0.43174326764420551       -3.1320067170342729     
   1.5976248751440523       -3.9394780734172556        1.4456449178507687     
  0.94412937939064479        1.5661364351075293       -1.4306554146573298     
   2.8052703570771094       -2.1358453931170680       -3.5896621398560296     
  -2.4073446613760909      -0.92934225816342864       -3.5076545803713350     
  0.64588894757289228       0.88521268427537791       -3.7676800804844155     
  -3.6635307979404641       -1.6775025473040683       -3.1763477772685804     
   3.4313247565453775       0.63800220934282559        1.8307525993126628     
   1.2944753846078274       0.17728645518179176       -3.1325204856495490     
  -4.0435726250057122       -2.1024052982789381       -1.4964194486185136E-002
   2.2319869567554593        1.3749516090531231       0.97353392336597866     
 -0.31937755192010137        2.1927069979680183        1.2849387861807156     
   3.0908355394815672        3.9377592097960230      -0.22385706066113756     
  -1.9252013850293996        1.0290429468381861       -2.8958958612319217     
   1.6067217754628640       0.40388236235809083       0.89023795800877581     
   3.4354166724753052       -1.2937946827949498        1.6206286840643924     
   4.0075881291389885        1.2114281240673050       -2.4706295652749795     
   1.3481237875848535       -2.9341613083321358       -3.9820746801098799     
   5.8876230895569308E-002   2.0376677770937985       -2.0716165178776249     
  -2.4720560331324917       -3.9185900020419941        2.6682260198198886     
 -0.39940283754054462        3.3982615405372725        1.8764095871967561     
  0.14685686165916031       -5.5945923463070257E-002  -3.2738113590442817     
   4.0775662124839771       0.88059754165504378        2.5673872158019249     
  0.60760985790701605        2.7553948625151823       -2.7804039864593628     
   2.1540495206300418       -2.6068398863411271        3.1154468930038512     
 -0.57563854231096245      -0.83009585824379439      -0.78325682316697764     
  -3.9973404660473975        3.1050489188006360       -3.4768629884909825     
  -8.2661354126179476E-002   3.3146812303660633       -3.3975229661947259     
   2.5700557557039998       -3.2696269576717429       -3.8488964486569817     
  0.75657506522084983        1.6408377258302054        2.7654510259454894     
   2.2117600037976262        2.6648124805503075       -3.0502788401516931     
  0.86038300187358319       -2.4131332916576569        1.4857168106474110     
   1.5593772706085391        3.3711419275659344       -1.0172726756826238     
  0.28846579910768211        1.0243048298706949       -2.7758207915529947     
  0.65432682471866388        2.6928843802622406        1.1335337894518520     
  -3.1317841248082066       -1.9062371419449518      -0.56015508219567278     
  -1.8193953688302589        2.4752337732296303        2.2400048088868423     
   3.8399299318645466        3.7794395305268256        2.6104799976962267     
  -2.7796812140545555       0.25416428447475026       0.86273841025506315     
   3.0003053079277953        1.8843816776153266        1.3715629371855629     
  0.25238921114470980        1.3559128116354902      -0.44607896552569726     
   3.0054423692216665        1.0056905454575451        2.7362784197666783     
  -3.2784187681499368        1.6029729608339540       -2.6014038900898955     
   1.4220731521144256       -1.8921202423069508       0.39333740350775098     
   3.6444674583623784       -1.1658732816866939        3.1284957101794610     
  0.31614169455684499        2.0633121459206287       0.33151971084002946     
  -9.0627973812490964E-002   7.1493919288425967E-002  -2.0762892446397339     
   3.9671447926611365       0.40994780512349122       -1.5597785015896597     
  -2.6281042985552321        3.7751770829083457      -0.82783079120653724     
   3.6815925526626097       -1.6633096961327014       -3.8719363009368495     
  -1.8407126273570975       -2.4365473526930495        2.9748687738221857     
   1.7000197542496367       -3.4896343753969381       -1.4227912971558450     
   1.5502994481543244       0.24747417161808161        2.0954898988122013     
   1.2590644976028258      -0.43469088091803348        3.0446947394091604     
   3.3968543136509259        3.9503318369310958        1.5276059292783748     
   2.3771629628141544       -1.3630080570931808        2.7690919337609228     
  -2.0706016654977644        2.4118171688630214       -1.2321002717835008     
  -3.8052051322837550       -1.5068323226092721        1.3021916504411561     
  -1.6517021871397068      -0.21497772923267022       -4.0466733895899987     
   3.9258218973182486        3.1643274847009746       -1.4080653229990214     
 -0.13736883269345596       -2.8138166599382921        1.9451887803562393     
  -1.8551064213397619       -2.9530150663311403        1.9541214307638259     
  -3.4804322116411446        4.1327207507933785        2.9228365857796756     
 -0.27674748894903412        2.5300835369074437      -0.33365424245518049     
 -0.99904242128623666        3.6130081653708861       -2.2922679532270949     
   2.6837164743506747      -0.11079698782351456       0.66828834251653402     
   2.5544854236210344        1.9956369018155429        2.8498551165326091     
  -1.6184593404958478        1.5326246463326856        2.9201777928615171     
  0.48136293158027194       0.81113159268902291       0.62732523869544610     
   1.0639080811182058        1.7053184679356475       -3.2509989672273285     
  -3.1306967823677492       -2.5338613355971913       -2.6373425662138175     
  0.14853553600423811       0.28158086695729467      -0.91366250310778052     
   3.6165127802013193        2.8090427973857319      -0.29455351303326632     
  -2.7816365818352788        2.8299244718112848        2.1371519423085128     
 -0.80695537171891851        6.6410629492275511E-002  -1.3544083431817548     
   1.3179673420931517       -3.5110374340508606        3.2101393348146563     
   1.0538941780521287       -2.5911687573513116       -2.5037073008353543     
   4.1403550698845804       0.67375413581493204       0.38759117229059981     
  -2.5016074920443514       0.44828468170078650      -0.36325943894379059     
  -3.0791679749444119       -3.2050330177709632        3.6315875849716903     
  -2.2771015298630717       -2.8469768472668058       -3.1868065175555462     
   1.7329017330895395        3.6838589432642084       -2.6638484276135266     
   1.8042386095379739      -0.90542121910083095       -3.6448438710126707     
   1.3845667119906668       0.64897396313731537      -0.97674711148121429     
   3.4587861047985577       -3.1885348106249820       0.89426318612040467     
  -3.6390959901861470       -2.6254226882951941        1.9684582743843271     
   2.8272005833998670       -1.0112804054368885       -3.4230377403917052     
   3.2711883607821877      -0.37188443679129496      -0.28643276330195178     
   1.5087835750112979        1.6242151955910329        3.5828961824815138     
  -3.5382756685470556       -1.0828134707000490      -0.13027033267976140     
  -3.5825347727608352       -4.1160991581638910       -2.9327760760884227     
   3.5865537637922706       -2.2879359465650198        1.6089320962281193     
   1.8864268583503894        1.2337235368369723        2.5494723070987919     
   2.9625847098082674        1.4149704298687156       -3.8155324776553652     
  0.96169312072969726       -1.3206520775394415      -0.34201136995604114     
   2.4730266768974394        4.1335113740215261        2.1350836014119006     
   3.8648022824715786        2.2985588590299804       -3.9639032643009240     
  -2.3937195732741254        1.4006391331506143       -1.4679992471179353     
  -3.7725476955208412        4.0903215141349927       -1.8085713676482178     
  -1.5846154379611848      -0.25377533500425281      -0.69796676561709003     
 -0.37831403950989118      -0.84616951035654819       0.67285976564177741     
   3.9896736278988980       -2.1799039192157554       -1.1633931821877166     
   2.4770798288825500       -1.6037717878265390        1.5824586256056026     
  0.35103815303394087        2.4554139682312028       -3.8496005312395125     
  -2.9993987235487469        4.0278540819009558        3.8509072407224312     
   3.1792342831721943      -0.53282675038200966       -2.5346561208572815     
  -3.7832243315556200        2.8322947835105072        2.4390188015370819     
   3.5305423630987711       -1.4915395208400544       -2.7186081837319471     
 -0.64704948073256996        1.2668263422036981       -2.3183114899901414     
  -1.2691913770438590       -1.2234656116212141       -4.3519732874443093E-002
   2.0914275372886100        1.5370289432056499       -1.0901061573791944     
  -1.4308499156389993        2.0029926795843771       -2.7697731140758401     
  -3.9284362639052417       -2.5358002897429133       0.96273493319403491     
   2.9514620212455922       0.36168092438103583        3.7877679913458984     
 -0.52964004230492212       -1.3688947947092180        3.2087408657884757     
  -7.0489272031975150E-002  -2.2668338667022971      -0.94047454601319225     
  -1.7920745038551613        3.3445014931277353        1.5849483038880983     
  0.34579371621417765       0.25829048013883804        2.4395094512677309     
  -2.7685357056196480       -3.4479018536144639        1.7297712442341000     
  -1.4701836685243137       -1.3687313913502666       -3.4508767197720966     
  -1.0292826318094963       -3.0388256175756143        1.3747106561356237     
   1.2225121471809191       -2.3438272040271695        3.4592658652073922     
  -2.0812954216365611        1.5000407600292065       0.17489818927021902     
   2.8770070712812208       -1.4445054875006687        3.7919494152579936     
  -2.7888851215632982        1.2588833578381631       -3.5877599968037326     
   1.8951188366135587       -2.4749487164184107       -1.6264659829348380     
  -1.7555466906425914       -3.9473856083540007        1.7587092572261331     
  -3.3676547144872764       -1.8999147583325748       -1.7065503454698476     
   2.4597084057834833        2.3040519420344188        3.8176288195124983     
  -1.8973185030920940       0.57140143280238842        1.7167926413892400     
   1.0455025524570729        3.9502097114233399       -1.8766816193951403     
  0.78033797528991589       -1.3370888417002849        1.9587974404296180     
  -1.5990124266825754       0.81955482454890438        3.9202760900490028     
  -4.0812493543129422        3.8250247748579902      -0.44463004214982860     
  -4.0767365360177132      -0.25514853499109763      -0.75048222537851439     
   2.6085402997522849        4.0671306604975390       -1.4101700012374687     
 -0.96618914879223350        1.0267159797320826       -3.4487078235840496     
   3.2655394094166086       -2.0709095167530327        2.7851826110108964     
  -2.0176832152185380        3.7949468981224634       -3.5875542717025057     
   1.5375776063852689       -1.2291248900966969        1.2182244130145905     
   2.4304132961288647       0.69627411744580814        1.7798229519092561     
  -2.1947650299272734        2.7279317566053982       0.84753879368976959     
  -2.6175783487636375       -1.5731582031800484       -2.3090249755939696     
   2.8178409601011434      -0.43660209036933839        1.6907313579847163     
  -1.9025415008377224       -3.8740518050828614       0.62939049997778418     
  -1.2274207293134158        2.7859058029933030       -4.0326113738354996     
   3.7494648920724929        1.8759790767322133        2.6743622568079459     
  -1.0706289262982034       -3.4254617808690337        3.4253283336935567     
   3.9896213402969742       -1.2693215026135383       -1.7135989115920454     
 -0.85287870084700446       -1.6936301193226246       -1.4089555366956303     
   2.7758649038633290       -2.0939943697321737       -2.1953225032297219     
  -2.4463400742640733       -3.8214285079736343       -2.8849613002758199     
  -3.1283874263282421        1.2461841407676553        9.7436780426631703E-003
   1.5471534003743836      -0.76958315095807273      -0.96689876119818241     
 -0.61282049155095730        2.7129666670885482       -2.5467315091661478     
  -4.0847232476666058       -2.4266409151822699       -2.2701090251850502     
 -0.61595560659687343       -2.0940912579544837        3.6657663826246988E-002
   1.9019213181481338       -1.8487952298082437        4.0625238981667016     
 -0.85680207493865868        2.3640286054182278       -1.3172855396744783     
  0.71290909057763985      -0.87071780121743148       -2.6204509764843671     
   1.9382393450615827       0.83004465663674598       -2.4415653308589085     
   2.4322708754836300        1.2020179110892042        3.5382676900011178     
  -4.0535031505945955       0.97520420413673070      -0.71348357389039530     
 -0.74070637652926818       -3.4337231402614861       0.27932984287020907     
  -1.7189004730405546       -1.5392356536035714      -0.88088879080157823     
  -3.5838728544950675       -1.8246405844681419        3.9342051525849953     
  0.41183486902047389       -3.4060127743964350       -3.8599043445778518     
  -2.2843933366467253        2.7766763733188240       -2.4046508607137400     
  0.87143904655327531       -8.6869712511269556E-002  -1.5118982352688000     
   2.2294163190653014       -5.8725898794135853E-002  -2.8395427588592064     
  -1.6230768235047712       -2.1875540634462718        1.3532008961968387     
  -3.5186576282895232        4.0713224099729155       0.66368583543033266     
   2.2417586378024410       0.23351023483320515        2.9786430129675607     
   3.9057805421200897      -0.28188534269609550       0.72389759791314856     
  -2.4122159978434929        1.4062958054762908        2.2585236689312618     
  -1.8390719133912288        1.8584325321299215       -3.7518606336721976     
  -2.4552998924169640      -0.43227536713763215       -2.5122584663073191     
  -9.1772426203716798E-002   3.7284068138102424      -0.78630171760661316     
   2.1808684405574685       -1.1138054462270852       0.30053538981950528     
   2.9680055198079982        2.6096658865057645       -1.9324541650802514     
   2.9403299539435732        3.5317475601749821       -2.3761777326176503     
   3.1619730848487357       -2.1040625182583090      -0.21399471168149867     
   3.1411117059262907       -2.8372164155893835        3.6067994007319268     
   2.9878791746237412       0.40542130651743574       -2.0106812183006282     
   3.6909836391850597        3.5095326264637556       0.47304795160509333     
   4.0135430148852800       -3.1563534269904290       -3.1298725805933776     
  0.29870033202517215      -0.81404416362594911        3.4093418322038951     
  -3.3116593422209437       0.14378660212200867        1.9698479690964008     
 -0.10203111967411253       -3.0066521958914549        3.3339739684591905     
  -3.2555227573497265        2.0565932573909800        4.1155043526032067     
   4.0933076838022240        3.3880190630970115       -2.4691249987982653     
   1.3505598280719426        3.7460056923313561        2.6859456291736601     
  -1.0119507098139235       0.68055980818752204        1.2543350681936354     
 -0.17742163058572441       0.36783916553986973       -4.1298320640980197     
  -1.9039993269265278       -4.0840327253627997        3.5982677624125534     
 -0.60434810811762507        1.6000805076049147        3.9538047471027711     
 -0.70191124977870123       -2.2321358980117880        2.5620947878663580     
   1.5016521649832237        2.2249716657744041       0.74243231554686862     
 -0.55806367545007851        2.1616839024550094       -3.4742975359965094     
 -0.45941005356244607      -0.93391669006666633       -2.4531525579086302     
  -2.4910793279104575        1.4596148142130598        3.5680829847752196     
  0.88545773008418982       0.83111434958615549        1.5949268695398029     
  -4.0137305232584026        2.3701042744780163       -2.3307123971319181     
  -3.8033180666601552       0.70833208895069366       -3.1965648055904161     
 -0.21342167608926355        4.1290510506558693        4.1268463393329435     
  -1.7432278731381303        3.1033096496875978      -0.32929465689138532     
  -2.0834559437296263        3.3784241306038312        2.7401431940328509     
  -3.3546160996486831        1.8672039076302442        2.4832137749455003     
  -3.1577885105538588       0.77840457361139825        3.0045491270134459     
   1.8407101814109121       -1.8435526317156490      -0.61876838001989576     
  0.53659180188030220        4.0418832850258033       0.92647056088882229     
  0.85193573864385408       -2.4635076693494047       -1.4367318745816884     
  -2.4749235827171163       0.10969665300503317       -1.5784356602479410     
  -9.7583552384849018E-002  -2.8428471602071355       -2.8025999244915361     
   3.3347565198106439        2.7792730059359738        2.1564212175508941     
 -0.16614362376777950       -2.6658360733746185       0.89736359215587391     
  -2.6327083622995699        3.5030466772112461       0.20679457193100681     
  -1.5660187939211827       -3.4876951315077269       -3.4771651512944599     
   3.7965876810388726       0.76414894349287887       -4.1192487252916150     
   3.5174890752374890       -3.8679810798341183       -1.1584789526905974     
   2.7148264659396011       0.65446227377984978      -0.81995230144726750     
  -1.7776246954112185       -2.6540555341771168       -4.0683462430097448     
 -0.68235755068278003      -0.38286335453406978        3.5222194174795911     
  -1.2801400645316687      -0.20441016429718323       -2.3260950623135108     
  0.83224931030243399       0.59495199467721349        3.4235172653032122     
  -1.2753603252163048       -2.5612070846915023      -0.90106634847878242     
  -1.3420360899201988        1.9174877724175508      -0.50428641524497975     
  -3.4992855078908280       0.27082968376559774       -4.0887386476748748     
