  -3.4984516686023319        4.4849381182056947      -0.70655731785849585     
  -3.9449162028690874        3.0088457156815949       -3.5256262605892013     
  -4.2454483680388027        2.7360037738749989       -2.5920810084147106     
  -3.4993366756227053      -0.29755001882766191       -2.3265172990545753     
  -3.6281040143102365       -2.0951275685630240       -3.9206946192926226     
   3.3387068570823479        1.9416743451050869       0.61457652394625073     
  -1.7136546817222189       0.94302252419677079        3.2660147735221989     
   2.8377810587360428       0.72738391060316754        2.8656026483033092     
  -4.2110466473606056       -3.9840927328011460       -2.4090796257535243     
  -3.5806049709374363      -0.48157586660173823        4.1946209082639259     
  -1.1349650474867934        2.1350275613852721       -4.0657919473277362     
 -0.25451565391690506        2.6430667586446881       -3.7936817869820603     
  0.60581138997814521        1.9405828304838681        4.3355614544088814     
  -3.1254830386511085       -1.3697343101055610       -4.3926655749812635     
  -2.4483689665860973        1.6381945144507000       -3.9133801453187380     
   3.6899312352409694        1.9444181578828379       -2.2575529363997950     
   2.7639924465532295       -3.7802378048301510        4.1438349385767630     
   3.7167570811191557       -4.0931852812500242       -2.3388147387476881     
  -4.3776714355099351      -0.33457635211645664       -3.2153511659672911     
  0.79393021885666093       -2.4673566720911393        1.2219728928752169     
  0.69730165600976646       0.31399121595426777        2.5841267021662597     
 -0.81914214061319779       -2.4682035317930313       0.34558355522847684     
  -1.2695614207387460       -4.1100981537489316        2.2039014517082585     
  -1.9995610507439272       0.62723610149150744       0.22406650432504016     
   1.1889102096037703       -3.2967874388471481       0.45084857859308825     
 -0.94514767162188118       -2.7849270466389515       -4.2101366194268754     
   1.9691288921729226       -1.5809353611412560        4.1567143610551902     
   3.1305443485045203       -2.5097764985730486      -0.23200270361831959     
   1.5325322983547649       -1.3065013257060407       -2.7694687708222250     
  -1.9969028467828576       -2.8629515880208705        3.9847444174966733     
  -1.2815050782369699      -0.95190350018961045       -2.7696673125913844     
   3.7777808131229671       -1.8840187838870686        2.7473077292366477     
   4.3143865325419917        2.9218836647116673        3.6407267368166276     
  -2.3723504214666691        1.4499580348094629        1.1598405447973348     
   1.5535640646136566        4.0550302411085877       -8.2854452840949874E-002
   3.5242755007536819       -4.4281585304719346        2.4699464421697965     
   1.1167350417289534        3.7559079645800328        2.0166576027566148     
  -4.3241069760642077       -3.8480624470635014        3.2102282634468637     
  -4.3888088059666046       -1.2681321491967676       -2.2046685205826457     
   4.0851033268606614        2.2424353413011762       -3.3731793341725140     
   2.2864065548883112       -2.3434719893277385       -2.6544435971518174     
  -2.6280357011640918        1.2206452388545421        3.7029900735882118     
  -1.1222058112505111        3.2583142570362051        4.0267597102747157     
 -0.56390888282741491        1.4485411944928763       -1.0548590418711365     
  -2.1213089771090998       -3.1683217356919586       -1.5623305330868817     
   2.1552610569433437       -1.6536980665080050       -1.8567941995563260     
  0.93671649067147045       -4.0404603667868422        2.5838221154990944     
  -1.5025696391671977        2.7149391586308291        2.3533749582413308     
  -1.1270965824718500       -3.1311670842973394        2.3653019795481471     
   3.1821144581252656       -1.7289355487297229        1.8802090322120841     
   3.0991084048019504       -2.5068366994014726        1.2405282412769538     
  -1.8241338855930413       -2.4350013704293807       0.59196309669071689     
  -3.2701700811536321       -3.8303903935610051       0.14026439582988950     
 -0.63540288368331355       -4.2215359133626791       -2.2487614126271227     
   4.1387113007915453        1.6659134174672418E-002   3.0400382405502766     
   1.5703083587437483        3.0278151063817180        2.5311262170694357     
  -2.2977653883807920       -2.1733737497000609        2.1797149394754665     
   2.4930862793252659       0.46598609618824238       0.10772950926379474     
   2.7568679769778628       -4.1931558237812032        1.0618847373741835     
  0.79532110125635014        2.4968589240313102       -3.6978565873233187     
   2.5808945385284274       0.37619346761681943        3.9089955380496622     
  0.41888495433823164      -0.93581758988240571       -1.9537726592813029     
   4.0699980392179880       0.19924574086399754      -0.55993030650580999     
  -3.4702859548638521        2.3190646947279183        8.9502844900256423E-002
  -1.5151488690148984       -1.6953476328082127      -0.20817948735058320     
  -3.0161286413542263       -2.8574726363444363       -4.2709459617516723     
  -3.5279353787101959        2.0893419169794103        4.3759163570609667     
  -3.7356074904929204      -0.59566421283282289        1.2131431857554766     
   3.0344315508763593        1.9071713610723282       -1.0393788323546274     
  -3.1146059301180986       0.45617263661266350        4.1403462111329707     
  -3.0813010256765079       -3.2594461941714741        1.0818201927523128     
  -1.2080202904436632        1.8446347911902656       -2.4539985359502792     
   1.0614262657060047       0.15211962115977920       -4.3873769548054824     
  -1.9732514901276852       -3.3016150977454708        2.8737535866114832     
  -1.4503258105435464        1.8668834088892785        4.0110656254098878     
   4.2926940222391172       0.37280219219256594       -2.5952137937743300     
   1.9956977947761101        2.3496560084123908       -3.9312063860246482     
  -1.6007703156740307      -0.74860015237901134      -0.69407181810012419     
  -2.0121663173253066        2.7554115092819442       -2.8657862236370701     
   4.1430982591047867       -3.1531055226954048        3.7377358655566195     
  0.71432108134046557       0.78537901484339001      -0.50439715772809202     
  0.89834169790852347        2.9305937628425887       -1.8069988077678891     
 -0.23266412886105922      -0.12116481950842929        2.8656875151197641     
   3.4806756265830114       0.69948526818000711       -3.8430837034945422     
  0.52740729919317453        4.0806294037077047        3.0326916638103110     
  -3.4681267560999118       0.76724572376531275       -2.1541961961404881     
  -3.6079412566226616        1.4407249750870863        3.5598273546017114     
   4.4346337939205904        4.2464474317107817        3.5638690960310719     
   2.8895921496858343       0.39991739038348362        1.8048244018241306     
 -0.86501033381803871      -0.56154607710649906        2.0999565644013938     
   2.9073839742363705       -3.3905583592200430       -1.6470100609538583     
   2.7585209884905910       -1.3170226492091464        3.5401157989449836     
  -1.6849798655576746       -4.3940661198625861        3.3250298022413376     
   2.6527998168760458      -0.34424085593894838       -2.9462605846775705     
   2.0421925405701198       -1.6115745366710781        2.8802958222990287     
  -3.5205008944415006       0.15146953884589548        2.3031169994416945     
   3.8976992171785421       -3.2878074882889101        1.6276844353706643     
  0.13823966538497592        1.2705220110533650        2.4099904347916885     
  0.68194283005026057        6.4056338574042165E-002  -1.2147646937845324     
   1.7923214138376664        3.9525199116387766       -1.4359513350152482     
   3.1708247817008814      -0.38740557134016756        2.6391657826834205     
  -1.5223985173343599        3.5744204624502496        1.8124310332400564     
  -3.6261230990561426       -3.4780152094601697        2.4269665923840220     
   1.6838987322163832        2.9026415890985833       -2.5151827979269576     
  0.33932740305775760        4.0530650289581374       0.88710647098192996     
 -0.11824418278366802       -1.9641784128760975       0.99275803513883787     
   2.3961165055152085        2.2389647514127331       0.81352905649894303     
  -1.7136098850603434       -6.8692436685633129E-002   1.4113425702016884     
   1.9420301748893294       -2.1365373711557032        1.8665566158085565     
  -1.4417650612438282       0.18469098627387634       -2.5004679423806699     
 -0.29105785330004685       -4.2470969083751839        4.3842591813658753     
   4.1827966548073805       -8.9874808629421557E-002   1.8283958605188662     
   4.4417371330453115        1.6608384234193703        3.1512288357887952     
 -0.61726779172610202        4.0866228596970533       -1.4995028707292417     
   3.6280350737612386       -3.4314811168873369       0.56795557294983046     
  -4.3291923519164532        2.8265160252301134      -0.42887299878817353     
   2.5909871990560069       -3.2556328980375175       -3.2136226663161844     
  0.83129509680085401       -3.0785226621376403       -1.6985953287905620     
  -3.5252605051242667       -2.6948416769443999       -2.6895215672189590     
 -0.41294564133716666       0.89586664674934402        1.5969009438160111     
 -0.66233873399201793        2.7841880326805639       -2.8845766968990025     
   2.7570105318077140       -2.4781399222663585       -1.2505411829009838     
  -3.6935099958666413        3.9446347701338538       -3.9007292554259911     
 -0.32401532519983789        3.5779945014431180      -0.60166693305330832     
   1.6019141498384328       -3.8454254042071159       -3.6392814104129387     
   2.3008587854553180       -2.2182318983787090       0.46174931361436206     
  -1.7575585206483797      -0.42937291560289081        2.7032695124746886     
   3.9385862795807678       -1.6540617730187401      -0.54943287999136259     
 -0.81473789899286664        1.8394081017443062        1.4579905243336033     
   3.0845058299382604      -0.45375456041617168        1.2623923293592951     
   3.7166844021926897      -0.31348200040033797       -3.7767964884276055     
  -3.8388190111231717        2.4167322852167583        3.1881193317500003     
  -1.3922403818843903       -1.9104493089284278       -2.0049327931984844     
  -1.2905926852987670      -0.26291816750141500        3.7194479520818056     
  -3.8055986209593078       0.34530471704350535        3.3993514944769729     
  -4.3021385693950975        1.8041173680750247        2.1581080396189014     
  -1.3806023912183050        3.4360598811580467       -2.4293456420170800     
  -2.8523989716029172       -2.8055308479423462        2.8042533734236419     
   1.1503485492427461       -3.7824104346716689        1.5959488317351183     
  -3.0061447075044385        1.6391727746156479       -1.8337947239130381     
   1.3968213513576624       -2.3092286490174909        3.2381684446517793     
  -1.1239832826170306       -3.4957837261819833       -1.7281308826422157     
  -2.5915139158352507       -1.6470956374998533      -0.28651214215640897     
  -1.5117893655586740        1.6697305847087509        2.3253421306090836     
   1.3998443873572486      -0.60856700549973552       -1.4949661132542300     
   3.6480014165032526       -4.3545748956434300       -4.2492605664910403     
   2.7426854353272505       -2.4535842240312382        2.4645638404638421     
  0.59116875112256873        3.7102114140017357      -0.10862744338747188     
 -0.15247475556341847       -3.4231099683851789        2.7302980506515131     
  -2.4042516156771745       0.42300165532829170       -2.2437177297199855     
 -0.74154640863251320        2.4075093711542230        3.5285405709631976     
   2.4989343215251814        4.4180374746400162        7.6734358844715578E-003
  -1.2293651380681880       -3.6881120241732543        4.1174932891112306     
  -3.2613631128347627        3.5481854365413854        3.3227135159898982     
  -3.0372057675556134        1.2966932993517786       0.36583082602527217     
  -1.3937904857131913        3.2808889889348447       -3.5592664507061245     
  -1.9615774820977241       -1.0645099791660235       -1.7837810439878423     
  -4.1093948701735998       -1.3052464205532746       -3.3855045215471904     
   2.5881283349103463       -3.2680734505427584       0.31384522000761683     
 -0.65634856818105336        3.7859444522729455       -4.1886138945949387     
   2.4739072029814628        3.5412987272895347        2.9979946454349058     
  -2.4669136113197836        2.7215924412872283       -1.8922018091196207     
   3.1449198749952725        1.8912154451079128       -3.6976794777011546     
  -3.5343790706834994       0.12188972336273667       0.53921809796604381     
   4.2397392361090196        3.8857399344303141       -2.0031866173541903     
   2.5954113376735193       -4.4221184815949908       -3.9503188317188456     
  -6.3783224774691255E-002   2.0616607295772544       -2.0830224676601148     
   3.9204492334551495       -1.0796990673705442       -3.1412736808983404     
  0.52441208908360193       -4.0612140863048323       -3.8135903672675213     
 -0.69634469650253217       -1.0003087950898748        3.3139515511873769     
   3.3183719621276180       -1.4716674650211119       0.90830883329678558     
  -2.3960159447405296        4.0585361133221216       -2.6542570081690782     
  -4.2323792831707756        3.4604766149614523        2.7995716385620986     
   3.6731636891207082        3.0246409118274094       -2.4120685841452434     
  -2.7804310957381504        2.6425381742197480      -0.83159240757514818     
  -2.5264187600615253       -2.1803042269154660       -2.2166751025863149     
   4.3146930571351181        1.4990530424415440        4.3630801228633951     
  -2.5613993550391800        4.0354553257326149        2.6913073611010181     
   3.4734618185771211      -0.44580653080593718        3.9190034123928297     
  -3.6802736233969866       -2.3308630466270919        1.8301875788823234     
  0.91800273949479028       -3.4662151003825752       -2.6432226971878099     
  0.95442350711921897       -3.0517862553057000      -0.66110140615067325     
  -2.9511294161933974       -4.2542406939557438        1.0951788071313924     
   1.8947541895226794       -2.1017385936170476      -0.53376857995939553     
  -2.4035317688948545       -3.9582366468370358        4.4734128878828683     
   1.4933680543803782        3.2978131514296263       -4.2372277574733461     
 -0.30773086637033686       -2.9321146693897813       -1.4359383632436664     
   1.5995137179890349       -2.8825004590160357       -4.0358612550422395     
  -1.6122904303232539        1.1610474649660116      -0.54480663236154803     
   3.2694452610418332       -2.7085719527132373       -2.6601395964800725     
  -3.4790362942219240        1.8362772391827602       -2.8004966450762314     
   1.7367967013121093       0.27115067766116724       -3.4059783534363701     
  -4.0513155295091847       -3.1197063937230949       0.15656586954555979     
   2.5608704846422041        2.3897597949940299        3.0790997107449907     
  -2.3329484324529877        3.8192903972901502       -1.5667162168800155     
  -3.6836446038932880       -1.7128792084597733      -0.45454070972447502     
   2.5833741736709093        1.4721732015103344        6.0741091002524034E-002
  -3.9096869050999175       0.57874571808362940      -0.39847834502268187     
 -0.95784579514372903       -1.3634204085184716       0.87172542751537829     
   1.8795638603721079        2.1391674182666732E-002  0.82446111249394083     
 -0.62491389061928149      -0.22685127758896501       0.99133732984037581     
   4.3749740330707221        4.3886217623632495       -3.1135035367312951     
   4.0630687795698943       -3.4123686052079463       -1.3243039356735833     
   9.1386211154656283E-002  0.81063337355078147       -1.5947301295397971     
  -3.8592779355842639        4.3698831275464185       0.83437395308284756     
  -1.0784248086280339        2.9726003127865801       0.70296722431536784     
  -1.1064273026532132       0.14662306543372750      -0.24975923124697341     
   1.1319198667870809       -1.8306186541090288       -3.9290241730821567     
   1.9748579442852450        3.1488300265800753       0.17317645174839633     
   1.6238119949372833       0.56256430037159966        2.8896701288249225     
  -1.3226276369831191        4.4081741602024058       -2.8759113915853183     
 -0.54998194877422291       0.56024470283616179        3.8306284542574933     
   2.0931753376125757      -0.52366476223928926        3.0600804459795374     
  -3.5577863490520238        4.0760730458503067        1.8870600078486679     
  -3.3908519303038860        3.2690428382295771       -2.6952922035355273     
  -1.1192386916747601       -2.9890696590957688        3.3798172005830200     
   2.1451234244935136        2.2603240133312816        4.0812841628837262     
  -2.6641294510935114        3.4026730300314996        1.7421424937722789     
  -1.9159791819466483       -1.2467000891619207        1.4905241166538792     
  -1.0897106827931113      -0.55051788600676965       -1.5645558929076193     
   3.4552502590215983       -2.2673340103888675       -3.8475310192035663     
  -1.1341181609609877E-002   3.5744005821493796E-003   1.8453702734507051     
  0.29561137351437572       -3.8071688115755116       -1.1531286236121803     
 -0.83870553189999530        1.5090494519761661        3.0525121996138393     
  -2.7100404012036825       0.39565695901088316        3.0518355178224446     
  0.16969902333012318       -5.2890098613009980E-002 -0.19830233954961152     
   2.1543162166103880       -1.9908021086905765       -3.8805942180660979     
  -1.3539599057903644       -2.7903807149670334      -0.53019732749164761     
  -1.3377531515128249       0.91010861616049865        1.1285415683320275     
  0.52171520046169273       -2.0219145088498887      -0.54180818698460897     
  -1.7374875669087124       0.68333798484328989       -3.3232279847736597     
  -1.1400707444964036       -3.1651457436713648       -2.9693928568179122     
   1.1805972302443799       -1.9524383195957009       -1.9741234203063840     
   4.1418148918534596       -3.5055416721029138       -3.1141383898694426     
  -2.2490648861282962        1.3100023832948089       -2.7000631345643837     
  -2.0376419033900577       -1.0912636667130899       0.41156809790245613     
   2.8091632960697672        3.9005117192212886       -1.0521951185467344     
   2.2578661625977907       -3.2892815457134463      -0.76963480952256613     
  -3.4193474808911097        4.2062086262639671       -2.0474518774182551     
  -5.8392051367176456E-002   3.0880016428695947       0.99455465559872003     
  0.90644159849805961        3.5139787582358846        3.9067236726235035     
   1.6675098239292023        1.3812029887796620       0.77145660539383931     
   1.8815499908302671       -3.2817920578017232       -2.4357717048307168     
   2.5338645932616792        3.0844929303864510       -1.8630748881443673     
  -4.3265641745245214       -4.2269248213518873        1.8065444490507681     
  0.59377179903707733       0.34315331596072596        3.7447416552150226     
  0.46526455841603986      -0.93363465754134700      -0.70936620234616254     
  -2.3201992153196254       0.92124937197971746        2.2181198194926228     
   1.2445474888033072       -8.5623335266536274E-002 -0.11200200376374177     
   1.5322208741199219        1.3204943856419402       -2.8746010406761688     
  0.73192601560484138        1.4699535096680050       0.25240954261976184     
  -2.0319236574145219       -3.8922463211952318       -2.4114130919209060     
  -1.2244346961962693       -2.2554698326309826        1.6240830999360196     
   2.7782714108284363        3.4882229947435710       -4.1441834741677042     
  -1.3049736502799325        4.2932328165250917      -0.70142439410029089     
  -2.7248691019573408       -1.5631344290852711        3.1135081739548500     
   8.5344609002482058E-002  -2.7835639085879023        5.8101903665862896E-002
  0.36938402407585391        2.7374369845955075       -2.8002693854427054     
  0.52254768496930593       -4.0581286741019396       0.44646767642154556     
  -4.4191655269819545      -0.97067322744307194       -1.0019082153854861     
   1.2230440547246026        1.5861431780616684        2.3952749318123097     
   2.2728161210208437        3.2492097555607193        1.7393116262848201     
  0.63263959329523256       0.38726306810904287       0.68523075458166283     
   2.3744014336189370        3.6415562500025658       -3.0375913394744001     
  -2.8578326147307300       -3.5393455573357868        3.6467283857809201     
  -4.1213128331335138       0.92405686023020706        2.6134552968089402     
   4.2279756970897484       -1.7060779205131040        3.6883923600865351     
  -1.6557469928448689        3.3172950914069879       -1.0087627414030680     
  0.30178510880866849       -1.9136078973505442       -3.1231428060220461     
 -0.13035852397290668       -2.7819068588933633        3.6029121471174608     
   3.2896623383323731        3.7449811500498802        1.9676125703846969     
  -3.4563829805641331       0.89680771963299455       -3.7743882681711027     
   4.4880248667106200       -2.7495527999864025       -2.4558871018474195     
  0.92349466745531927       -1.3532608975641711        1.0882134792478122     
 -0.75301626721980042       -1.7627269970616808       -3.4416698375622663     
  -4.3987677516268544        2.9832534076751069       0.88508191165082184     
   2.2383730561122657       -3.2405868789139287        1.2601972039183396     
   2.3340256432992290       0.71811590553279681       -2.7040622672904857     
 -0.90916767226806805        2.7080530064908164       -1.6636067614848860     
   4.8918755184954303E-002  -1.9356820363549465       -4.1045875723294296     
  -3.4968364459112187       -4.4922243029210556        2.7994995442770509     
  -3.2862185705604396       -3.8782363567971960       -2.9007746275739263     
  -4.0602675002009478        2.8244380838881096        1.9999698924568989     
  0.40755184728700405       -3.7346865245859262        3.7472140209281317     
 -0.80769541943589407       -3.7287798011892410      -0.77655666385387589     
   4.3173765807545639        3.8575970055416042        7.9306322223884652E-003
  -2.4827530675839000       -4.1257865320420652      -0.94876141868993902     
 -0.40640809650418708        2.2941437886255525        2.4818117039564567     
  0.40470564145049492       -2.5479059394918555        2.7539955197797434     
   3.1812766416500926       -3.7048546387840267      -0.59297838376761458     
   4.3880266588506229        3.5987553652094859        4.4994077757876365     
  0.26657121600407818        4.4508395567365113       -2.5928789347378962     
   1.6506261034593515        4.1990946323614065        2.7594577963557354     
   3.3729633491165241       -3.9242546445596167        3.3566556910520031     
   4.3487105389111536       0.21898106303959033       0.62494415183982055     
   3.8172915317386615        1.1604125353208961        2.0621670267513141     
   3.7847711141011673       -3.3005378537827954        2.6904776534648023     
   3.5322568592138661        2.9088094514249905       0.31284099957414824     
  0.51524346693006162       -1.0352260194927609       -3.8390246115019031     
  -2.9099194226026359        2.2969108903978541        1.2139592334803613     
   1.2819178430310809       -2.3049380097699541       0.34238737744860448     
  -3.5254937551517678        3.3573150075794791        4.3994017393832123E-002
  0.57147376631728397      -0.86452783268056455        3.0266943320669419     
  -2.8229936761625032        3.3905384759985284       -3.9480632385500858     
 -0.86521978926804677        1.2717505114402345       -3.2530492638154591     
   2.7357510842464539      -0.15720055648358827       -1.6505976094266241     
  -1.9233648816419577       -3.1937498966809317        1.6172804979994135     
   1.6221221415543261      -0.73870347004873238       -3.6263552073475873     
  -1.0994817070777125       -3.9376053248957361       -3.7278696124402217     
   2.8387995521220897       -1.5110386754235285      -0.47901576299926973     
   1.7843853559396414       0.92947958416311272        1.8769355601059969     
  -1.5818492474972130       0.71532207440214424        4.3166272519673470     
 -0.24335436539995711        1.8526503577952065      -0.15171300732552592     
  -3.7186808021770275       -2.6991672304202163        3.6129892833705446     
 -0.69041499824323815       -4.1980048297517074        1.1630246308299588     
  -4.2605052648339452       -3.4436394773337402        1.1002713987098354     
  -1.8240156848192022       -3.4713895512035200       0.30477872022107599     
  -3.0701819638529013       -1.5258177764646614        2.0727316708731047     
   3.2476354709932589       -4.0587059429399668       -3.2695521919006105     
  -1.0370975434435952       -4.2331948982655634       0.18706118595132795     
  -2.6897688256386449       -2.1272878328070224       -3.3947567740025240     
   3.2698855481126099        3.7515285750113749      -0.17434230353063285     
  0.34103248364714500        2.7681023793766681        1.8975213635823560     
  -2.8824976253821442        4.3748415614692515        3.7548603403846039     
  0.98715341818361368        3.1123855137322129        1.0135843949617895     
  -3.0870188840559551       -1.1565772692559371       -1.1960272132478666     
   4.3904556800275172       -1.1030065182890962        1.0681983508513422     
  -1.1844809012746405        1.8151708395137793       0.24025175339625093     
  -3.7771411765991023        3.3425959504555944       -1.2673190812985462     
   3.6223148029091692        3.4612370038701505        2.9474539431502422     
   4.4264134935744064       0.44144977570947530       -4.4786425823980522     
   4.3632753134915774       -3.9022974914535276      -0.50554356685307500     
   2.1423423254152008        1.4266326450739160        3.4006687734304615     
  -4.4349169321287647       0.43640284177628208       -1.4527085120499961     
  -1.0032278360627969       -1.0206636384663244E-002  -3.7672086048566191     
  -1.8437803942218276        2.2754636536077255       -1.0045391450855186     
   4.4429085392802765      -0.92658922127253818       -4.3103952395717213     
  -1.7868565130469449       -1.9535157595537294        3.0819229345891643     
  -3.4912944169956224       -1.7582680102322474       -2.0322160745611937     
  -2.2076239853694113        3.0820665231247926        3.1737542116935988     
   1.9916866439904484       -3.1894801035927594        2.3118587183711736     
  -2.2415048360267749       -4.2631140933053500       -3.4718140883176667     
  -4.2382634196476436       -1.4856797241279405        1.9512095438322057     
 -0.16514746973195529       -3.3461284384293086       -2.4062896625821679     
  -2.2111877457694495       -4.3970844435775680       0.18311170215542538     
   1.1547843703168532      -0.20823347128826461        1.7792171376380053     
  -4.1636398138381452        1.8323383012043064       -2.0706681999494130     
  -3.6027029640155845      -0.82388837936417636        2.7417766530913252     
   1.8759634898821631       -1.0482683713800802       0.84218602366093198     
   1.5154515169565859        1.3809987368794410      -0.58693107250735688     
  0.49326417815999901        3.0583669622597167        2.9467702140526644     
 -0.57742506564505702       -1.7694319413216257        2.5835647639992594     
   3.0512042504780692       -1.7331826428917350       -3.0607827611384977     
  -3.2285527573922108        1.5767840471017129        2.0199805702127898     
  -3.7020430588084481       -3.6050897505336423       -3.8359675485184583     
  -1.5133641964594173       -1.9273205768036161       -4.0784850934971786     
   1.3142598151679010        4.0096125414847767       -2.5088904082840831     
   1.4701666862514329       -3.9942418865304399      -0.63635610577784130     
   1.3571245344705547       -2.4113848016465389       -3.0828854521439744     
   2.4523018433396278       -2.9281538343758515        3.3636625239756213     
  -4.4580467142490914E-002   1.4219825165491526       -4.1066282128237370     
  -2.3751425173561422       -1.9480267212766764        4.2624171310637342     
  -2.7026811495366174      -0.15941236196114497        1.0374766579903261     
   1.3567615601488643        2.2011958768941682        1.5763435148891500     
  -3.6448205843277988       -2.1797209632531489       0.59909249758095262     
  -1.7509796113863059        4.2477006452147332        4.3575900193648165     
  0.13026810617307055        1.9918856045173878       0.97210789808645637     
  -2.4659716614435832       -2.9641350880590207      -0.29625527377362926     
 -0.90559037785211760       -2.1599383338422919        3.9398002108128565     
   2.6403668117108583        6.3496369078885583E-003  -4.1509849864205188     
  -3.8023976753436326       -3.6007640772967284        4.0856088811777758     
  -3.7479784628018993        3.0443694112641686        4.0991981104859283     
   1.6625432730265326        2.9418725138530992      -0.83751563067638501     
  -2.6300793493140695        2.2544322091871560        3.7857940624733661     
  0.32265071336594248        1.8796216358744577        3.3231388015366452     
   7.0353287495951239E-002  -3.0076793059284288       -3.3368083600203549     
 -0.74764844602747049       0.90431256199048804       -2.1400450089658531     
   3.3887599018732555        2.4438422810062348        2.4926915278893977     
   3.8148066765567221       -3.3124577484797806       -4.2479275403067689     
  -3.4845182483324058        2.6180590064460225       -1.9186437285726694     
  -4.4623630969737924       -2.3281960758660034        4.4772627317503826     
   4.4017717591048191        2.9273275339894012       -1.6608038028682086     
   4.4750571379161652       -2.4476045585899184        1.2594599110002296     
   3.3197342962466769       -1.4001675803064793        4.4373830836741988     
   2.6518982009858276      -0.69390834647343236       0.25897886182627772     
 -0.49534018977507788       -1.2144633404117433      -0.23180891892113190     
   3.3115209551661118        2.5735672822456537        4.4168592585185324     
 -0.44417579959322923       -1.4357322875861971       -1.7884526781090042     
 -0.41942050071816556        4.3485045094488024       -3.3598439983867818     
  -3.4421595989868359      -0.14403983704878343       -3.6037265874851898     
 -0.25808182401675916        3.6888504064042054        2.1707667919522953     
   2.7160984018326619       -1.1163651762346878       -3.8058994013385390     
   1.9372072115273224      -0.40163807671448493        4.2008283771157089     
   3.8515307500329552       -1.0003578750983695        2.1106583133914461     
  -4.4159940571070795        1.1315731148127333        1.2223225025231772     
   1.1375548417383889       0.82748569487622325       -1.7981181640697836     
   3.6521672851482512      -0.72421435044269200       -6.9064952312276589E-003
   1.6217652784591636        4.1441197604023197       -3.6628504325549165     
   2.3245792172289947        1.1038742993769541       -3.6617553109461722     
   1.9268536581515658        3.4436282557675111        3.8440456540909889     
   1.4069866910972573        1.5414453375705104       -3.8646077971062520     
  -1.8260111861939607       -4.3723393078832311        1.2932989231662202     
 -0.16075827951056984        3.3388971062398936       -2.1360165756405358     
 -0.16173913436155679      -0.70515207859032170       -2.9429756994142182     
  0.16991873400667670        2.7962672370036712        1.7011201228702200E-002
   4.4387441675581671        2.6054526730362766       -4.3840405533349891     
  -2.9150829809515484        2.4434475963071458       -3.3801944113041276     
   4.0828378981899407        3.2073748730389182       -3.6392832393881167     
   3.7202639708687895       -4.3695132353447619        1.3902655210440449     
   3.7237069885693832        4.3283442267887429      -0.97715726609020503     
   4.2833217449909462       -2.2843487644386147       0.14804104927806494     
  -2.7032444450136128       -1.2548220270446160       -2.6851599416713303     
   2.0882442006714954        1.8132247075405512       -2.2040259046523065     
  -3.1823711496314329       -4.3551417108911297E-003  -1.1201808470358967     
  -1.6563190233927703       -2.1728078865642209       -3.0287807753745990     
  -2.5246200779194194      -0.42986917953326259      -0.32964595274432879     
   6.3380341313322933E-003   2.9855093177652190        4.2613289329158350     
   3.6052380804218753       0.64610248844001661        3.8843137827336731     
  -2.4403563789591027      -0.48922590709789265       -4.0224227812209223     
 -0.89263521569875381        2.7798752690879716      -0.31559578916232506     
  0.28951321574607392       -1.5743118416661248        3.8894820981554727     
  -4.2513330500089896       -4.4201460988606449       -1.4100284686674147     
  -3.9990323905711787        1.7512917331542948       -3.8068948189704694     
   3.1787959080810007        2.6784798899059781        1.4016733081888806     
  -2.2502513322117732        2.1892211711651703        4.6013353226027481E-002
  -1.4790212332496366      -0.79086998481007820       -4.3237329762788219     
   1.5285020628605104        4.3878876550578108        1.1212375420150336     
  -3.9566045498421771        2.0968758434624006        1.2370338205015079     
  -3.5817118638535659       -3.4286912819069619       -1.7641181222792923     
   2.1184083483941398       -4.4312702471442806       -2.7228615183942919     
 -0.49736519588170425       0.91301065536243975       0.44358198926428233     
  -2.2266562680155615      -0.18395130890249062       -3.0468136238220067     
  -2.1103042970835979       -2.9280361071167715       -3.8126753909534927     
  0.23445484557590579      -0.95537106581575892       0.41604940645162669     
   3.2400419370636429       -1.4769831904349737       -1.9906551226405549     
  -1.8927670181588625        3.3342453736680175       0.22268529988111596     
   1.5510643005066966        2.2585846198446955       -4.6484715982475174E-002
   3.6325052757875573       0.90417680738329986       -1.6862474363276656     
   3.3557095762260150      -0.76476241404988676       -1.0052065335100191     
   2.6659480902282060       0.88320037421529429      -0.79893996761564556     
   1.6822527496393458       -2.6532706219730700       -1.3409852485050291     
  -2.8035544589450274        1.4054575257433686      -0.73384707870975474     
  0.97554613376252164      -0.76160987776492117        4.0366545543043477     
   1.7905026360899192       0.84592732251256875        4.4887875317236077     
  -2.7460372761385083       -1.9194074314131937        1.0707192701956323     
  -2.6418497281190025      -0.44474069545976558        2.0257131048813131     
  0.95491147059216896        1.8271611138696122       -1.6339848039451488     
   2.8310800436369941       -3.0076183650761519       -4.1658696830898405     
   4.3792916696863164        1.4473888355495810       0.16698368882814102     
  0.66038684357871147       0.28879426625379701       -3.4340210313127724     
   3.7463005527755038        2.9784174393039908      -0.82979991779594175     
  -1.1669338257841031       0.59710871447654013        2.3194063846179267     
  -8.8278448305433341E-002  -4.4628093416982502      -0.31075427289710378     
   1.6524425014872473       0.45275967510632270       -1.0189474754114265     
  -9.9042496759020243E-002  -2.6734419250337540        1.7104245942522256     
  -4.3756158473337639       -2.4976475804232008        2.6868823049332096     
 -0.14610956816429177       -1.0619126001244250        1.5472377662051056     
 -0.33860730199384365       0.35546615945439036       -3.0042797093554778     
  -1.8878351795131079        7.1790324572456876E-002  -1.2928400122659156     
  0.10282483491470182       -3.2555175792606028       -4.3368284560577468     
   3.5113059943282989       0.95555363197345056       -2.8425349215246474     
 -0.73715303146664479       -2.0324297005692205      -0.97102351020575839     
   4.3607639324940894        3.8206919849574601        1.6721181119793367     
   1.4953597838770682       -1.1559699893664510      -0.11701709659468001     
   3.3976846262615186        3.9018558052902317       -2.9441409823005040     
 -0.87504078511970940       -3.0982608527531217        1.2049449052894579     
  0.72255015430469960       -1.6019789563312627        2.0703725701613260     
   1.2561593503376982        2.3267895285614153        3.4010598040042308     
  -1.1767254678042653        3.6767983316773081        2.9748505874833673     
   2.1250891535220551      -0.80829488531138460      -0.82885148700938227     
   3.8293529893026172      -0.47492842013191616       -2.1567923377309834     
  -1.8974951666671696        2.6887026334509057        1.2800685920444084     
 -0.52391619953276791       -2.3691048383579445       -2.3040932412489066     
  -2.0296414731260186        2.6611576667200803       -4.1813393735656179     
  0.27850316051742813       -4.3704914811117472        1.8454992398992007     
   3.1302875208311156        4.0717149410009945       -1.9868370779360589     
  -2.5352209444344442       -4.1136672464867283        2.0224754330362273     
  0.34975457136467630        1.1128808984859604       -2.8384198699251852     
  0.82971738551634289       -2.5119535394796944        4.1789932086280244     
   2.2844635765586352        4.2489290715806138        1.7852358276584328     
  -1.6760106319122055        1.0796669412421804       -1.7104427548318433     
  0.44124685014973258        4.2706830646716485       -1.5399837495463051     
  -4.3648213551771597      -0.57113955043667486        4.1182189302947654E-002
   1.5152368250692894       -3.9869737219846968        3.4283142890196525     
   1.0680385065969757       -4.2627820374716290        4.2886668086543143     
   1.2498059457564026       -4.2011614996835034       -1.8908958671515892     
   3.2258386144153754        3.8453453692738817        3.9661599886684931     
   9.6875495895633434E-002   2.6924302277833800       -1.1177169718614961     
 -0.48637417928161486       -4.4290663778066310        2.7735810128400211     
  -2.6214326894119448       -2.1297074192944474       -1.1860052892640263     
  -3.2435265223598511       -3.4225244376704662      -0.77976720044507730     
  -2.4740297754125833        3.4252022142478253        4.0792453374812121     
  -3.6265799340623990       -1.4180053340438303        3.5712598976921606     
  -2.4120818003228148        3.8562037588757678      -0.55034096225081963     
   2.3201674507888006        1.8873078164701196        1.9268141403731989     
   1.4000044063895163      -0.31947906196804993       -2.6411178857497788     
   3.0709829801335635       -2.3338629481615478        3.8776825604384118     
  -2.4076896507426691        3.9260040922631489       0.88673538732444479     
   2.6721612643270549        2.6433317143089292       -3.0756461268794051     
   2.2033280465906295      -0.67924134721646812        1.9153719141906098     
  -2.4593300558029711       0.57319343346378959       -4.0783898322932988     
   3.2558098990732800       0.74962436155341872       0.91507684114954568     
   3.3131741760987814        3.7485895420757038       0.95208735679866918     
 -0.12379398670912697       0.12955398627162801       -4.3573394629326563     
   4.2487645539130945        1.7168048713478983      -0.91103274597029649     
  -2.6046455651152192        1.7650225889663120        2.8493262781920894     
   2.4986579182266198        4.4439365910813295        3.5031510275862674     
   3.5337020962106283        1.6189999747017088        3.6425966132645700     
  -4.4325033032164294       -2.1134096941206568       -1.3844143982969752     
  0.40559866929507377        3.9589375042097577       -4.1680551467597970     
 -0.57416004174277824       -1.2843463683004319        4.3576955046245649     
  -3.3347794167927658      -0.95764445496669781       0.21320444367900648     
