   5.0000000745058060E-002  0.87381000961398059     
  0.15000000223517418       0.87647951498009702     
  0.25000000372529030       0.87284038223922777     
  0.35000000521540642       0.87391303252254815     
  0.45000000670552254       0.87575532453457849     
  0.55000000819563866       0.87258888513890132     
  0.65000000968575478       0.87295552548997968     
  0.75000001117587090       0.86961334113262845     
  0.85000001266598701       0.86664688738299400     
  0.95000001415610313       0.86373497517318942     
   1.0500000156462193       0.86736501765742036     
   1.1500000171363354       0.86756500330346309     
   1.2500000186264515       0.86687414379895178     
   1.3500000201165676       0.86801648604983239     
   1.4500000216066837       0.86833464503217317     
   1.5500000230967999       0.87148290391457384     
   1.6500000245869160       0.87017390695865748     
   1.7500000260770321       0.87537656384131568     
   1.8500000275671482       0.87488265989730096     
   1.9500000290572643       0.87825211502456701     
   2.0500000305473804       0.88085495850866924     
   2.1500000320374966       0.88565764409924186     
   2.2500000335276127       0.89229050135966048     
   2.3500000350177288       0.89722045054316946     
   2.4500000365078449       0.90506837210757518     
   2.5500000379979610       0.91008619377192113     
   2.6500000394880772       0.91442830635948624     
   2.7500000409781933       0.92423669327222036     
   2.8500000424683094       0.93165434268907954     
   2.9500000439584255       0.94169604618886371     
   3.0500000454485416       0.95231952611349946     
   3.1500000469386578       0.96130372975769374     
   3.2500000484287739       0.96709422323629579     
   3.3500000499188900       0.97809646385419446     
   3.4500000514090061       0.98681098988478555     
   3.5500000528991222       0.99445892580314854     
   3.6500000543892384        1.0017008302583339     
   3.7500000558793545        1.0098850913183570     
   3.8500000573694706        1.0136302770533399     
   3.9500000588595867        1.0240386209042023     
   4.0500000603497028        1.0283383122941219     
   4.1500000618398190        1.0332440207932621     
   4.2500000633299351        1.0301684839639680     
   4.3500000648200512        1.0353408399911650     
   4.4500000663101673        1.0346378601444692     
   4.5500000678002834        1.0353620505899879     
   4.6500000692903996        1.0351408543451224     
   4.7500000707805157        1.0308290426130182     
   4.8500000722706318        1.0237719733761452     
   4.9500000737607479        1.0235628974734643     
   5.0500000752508640        1.0192207848858992     
   5.1500000767409801        1.0065671476453746     
   5.2500000782310963        1.0037097769753998     
   5.3500000797212124       0.99221666249903262     
   5.4500000812113285       0.98551714335659968     
   5.5500000827014446       0.97916002388087642     
   5.6500000841915607       0.97190599908350672     
   5.7500000856816769       0.96511254728914475     
   5.8500000871717930       0.95660103699014243     
   5.9500000886619091       0.95385274939982734     
   6.0500000901520252       0.95071964094515726     
   6.1500000916421413       0.94366863187937644     
   6.2500000931322575       0.94218692004733229     
   6.3500000946223736       0.94226873235707709     
   6.4500000961124897       0.94587756424248526     
   6.5500000976026058       0.94520488525125046     
   6.6500000990927219       0.95156503481251986     
   6.7500001005828381       0.96099769111753730     
   6.8500001020729542       0.96596703141314566     
   6.9500001035630703       0.97183933720149251     
   7.0500001050531864       0.98590802439204694     
   7.1500001065433025       0.99908283634650119     
   7.2500001080334187        1.0136181567111553     
   7.3500001095235348        1.0265384414797369     
   7.4500001110136509        1.0436341841308479     
   7.5500001125037670        1.0525789966629429     
   7.6500001139938831        1.0612632218380729     
   7.7500001154839993        1.0788649887753832     
   7.8500001169741154        1.0868038129061719     
   7.9500001184642315        1.0959183102288486     
   8.0500001199543476        1.0987120491023552     
   8.1500001214444637        1.1022996703889407     
   8.2500001229345798        1.1059872844985477     
   8.3500001244246960        1.1023966331264159     
   8.4500001259148121        1.0992574645006536     
   8.5500001274049282        1.0950820066181242     
   8.6500001288950443        1.0906823224051834     
   8.7500001303851604        1.0804163925749877     
   8.8500001318752766        1.0723139438247091     
   8.9500001333653927        1.0621843678440881     
   9.0500001348555088        1.0495822420578473     
   9.1500001363456249        1.0394102448795808     
   9.2500001378357410        1.0268081190933400     
   9.3500001393258572        1.0125303560001047     
   9.4500001408159733        1.0033794976508748     
   9.5500001423060894       0.99211060950491903     
   9.6500001437962055       0.98108715828819770     
   9.7500001452863216       0.97105454504505195     
   9.8500001467764378       0.96413685974329966     
   9.9500001482665539       0.95578594397824079     
   10.050000149756670       0.94848949798322579     
   10.150000151246786       0.94219298021842446     
   10.250000152736902       0.93669640503779439     
   10.350000154227018       0.93430263745637332     
   10.450000155717134       0.93232096150922217     
   10.550000157207251       0.92891514535540287     
   10.650000158697367       0.93135133413446936     
   10.750000160187483       0.92869394911053738     
   10.850000161677599       0.92538812577973939     
   10.950000163167715       0.93171191431445555     
   11.050000164657831       0.93378146274244367     
   11.150000166147947       0.93519651269247350     
   11.250000167638063       0.94701687640781984     
   11.350000169128180       0.94566242816871204     
   11.450000170618296       0.95310734835548616     
   11.550000172108412       0.95874936764232921     
   11.650000173598528       0.96530344267854917     
   11.750000175088644       0.97501183676826197     
   11.850000176578760       0.97792980914915872     
   11.950000178068876       0.99036528023036396     
   12.050000179558992       0.99529825949941897     
   12.150000181049109        1.0019038459899228     
   12.250000182539225        1.0065429069610057     
   12.350000184029341        1.0139211652657656     
   12.450000185519457        1.0200479982399850     
   12.550000187009573        1.0260172667658074     
   12.650000188499689        1.0293139998399670     
   12.750000189989805        1.0283777034062211     
   12.850000191479921        1.0327258761648785     
   12.950000192970037        1.0329228317253751     
   13.050000194460154        1.0327652672769778     
   13.150000195950270        1.0376649156050257     
   13.250000197440386        1.0312926457015719     
   13.350000198930502        1.0310078176602384     
   13.450000200420618        1.0301078822530458     
   13.550000201910734        1.0279110702321215     
   13.650000203400850        1.0214418375911924     
   13.750000204890966        1.0207873391132343     
   13.850000206381083        1.0145665734870855     
   13.950000207871199        1.0105395897963152     
   14.050000209361315        1.0033613171375981     
   14.150000210851431        1.0010523919514678     
   14.250000212341547       0.99664361748188857     
   14.350000213831663       0.99018044501205160     
   14.450000215321779       0.98796545247785061     
   14.550000216811895       0.98436874093462678     
   14.650000218302011       0.98201739455085124     
   14.750000219792128       0.98150531009355990     
   14.850000221282244       0.97874793224660650     
   14.950000222772360       0.97709956570952661     
   15.050000224262476       0.98005995928806888     
   15.150000225752592       0.98054780306099143     
   15.250000227242708       0.98215071831487977     
   15.350000228732824       0.98555956455424520     
   15.450000230222940       0.98715944972258729     
   15.550000231713057       0.99288328131917514     
   15.650000233203173       0.99659210602760484     
   15.750000234693289       0.99652847423113666     
   15.850000236183405        1.0027916610549308     
   15.950000237673521        1.0080882505895181     
   16.050000239163637        1.0121909864189411     
   16.150000240653753        1.0164997680654990     
   16.250000242143869        1.0191207920628778     
   16.350000243633986        1.0228084061724847     
   16.450000245124102        1.0258172811197646     
   16.550000246614218        1.0313774880968629     
   16.650000248104334        1.0317683691323101     
   16.750000249594450        1.0341530464570929     
   16.850000251084566        1.0322653031618709     
   16.950000252574682        1.0343560621886818     
   17.050000254064798        1.0357862625664422     
   17.150000255554914        1.0317774593889484     
   17.250000257045031        1.0329804033507510     
   17.350000258535147        1.0291352247927470     
   17.450000260025263        1.0279534914297668     
   17.550000261515379        1.0232114075501162     
   17.650000263005495        1.0181451045170327     
   17.750000264495611        1.0167330846525489     
   17.850000265985727        1.0140393386020636     
   17.950000267475843        1.0046794043501526     
   18.050000268965960        1.0023735092495687     
   18.150000270456076       0.99864650402786237     
   18.250000271946192       0.99198031582643664     
   18.350000273436308       0.98740791673736772     
   18.450000274926424       0.98653222201454405     
   18.550000276416540       0.97559664327865980     
   18.650000277906656       0.97514516053229050     
   18.750000279396772       0.96828201677036807     
   18.850000280886889       0.97142724556722260     
   18.950000282377005       0.96510042694696030     
   19.050000283867121       0.96087042752460106     
   19.150000285357237       0.96276423099091513     
   19.250000286847353       0.96065832153637387     
   19.350000288337469       0.96359144434500121     
   19.450000289827585       0.96093102923552309     
   19.550000291317701       0.95960082168078409     
   19.650000292807817       0.96689120750470692     
   19.750000294297934       0.96916074157873777     
   19.850000295788050       0.97132422265865503     
   19.950000297278166       0.97335437997454377     
   20.050000298768282       0.97604509593948297     
   20.150000300258398       0.97936303961246529     
   20.250000301748514       0.98524140557190443     
   20.350000303238630       0.99084403374664809     
   20.450000304728746       0.99611638259686663     
   20.550000306218863       0.99810411871510996     
   20.650000307708979        1.0044794187041099     
   20.750000309199095        1.0058368970287639     
   20.850000310689211        1.0091063593330085     
   20.950000312179327        1.0127091310473246     
   21.050000313669443        1.0200964796087229     
   21.150000315159559        1.0199116443904106     
   21.250000316649675        1.0223054119718316     
   21.350000318139791        1.0257991006064879     
   21.450000319629908        1.0243901108275502     
   21.550000321120024        1.0271717293588725     
   21.650000322610140        1.0285292076835264     
   21.750000324100256        1.0319653246928067     
   21.850000325590372        1.0279747020285896     
   21.950000327080488        1.0264778397688150     
   22.050000328570604        1.0230811138716338     
   22.150000330060720        1.0216600037505117     
   22.250000331550837        1.0179208781866211     
   22.350000333040953        1.0156240733426753     
   22.450000334531069        1.0125303560001047     
   22.550000336021185        1.0079428064833051     
   22.650000337511301        1.0050884658988766     
   22.750000339001417        1.0001736671430981     
   22.850000340491533       0.99964643225807626     
   22.950000341981649       0.99518917641975924     
   23.050000343471766       0.99280449909497648     
   23.150000344961882       0.99117431307117332     
   23.250000346451998       0.98891083916823463     
   23.350000347942114       0.98834421317111343     
   23.450000349432230       0.98697764458982118     
   23.550000350922346       0.98537775942147898     
   23.650000352412462       0.98353849749499467     
   23.750000353902578       0.98372030262776089     
   23.850000355392694       0.98401725101127890     
   23.950000356882811       0.98344456484306553     
   24.050000358372927       0.98412330400539250     
   24.150000359863043       0.98888659848386584     
   24.250000361353159       0.98949261559308632     
   24.350000362843275       0.98960169867274606     
   24.450000364333391       0.99284995037816803     
   24.550000365823507       0.99595275797737715     
   24.650000367313623       0.99994035055604813     
   24.750000368803740       0.99932221310464320     
   24.850000370293856       0.99915555839960757     
   24.950000371783972        1.0060883941290903     
   25.050000373274088        1.0088760728315047     
   25.150000374764204        1.0053066320581958     
   25.250000376254320        1.0121334147935652     
   25.350000377744436        1.0121061440236503     
   25.450000379234552        1.0122727987286859     
   25.550000380724669        1.0123546110384305     
   25.650000382214785        1.0149150333248873     
   25.750000383704901        1.0131181925960484     
   25.850000385195017        1.0175269670656277     
   25.950000386685133        1.0133272684987296     
   26.050000388175249        1.0148574616995114     
   26.150000389665365        1.0122515881298630     
   26.250000391155481        1.0084397405128660     
   26.350000392645597        1.0092548335247675     
   26.450000394135714        1.0071004427014887     
   26.550000395625830        1.0036188744090169     
   26.650000397115946        1.0055853999284374     
   26.750000398606062        1.0043218542557126     
   26.850000400096178       0.99937675464447306     
   26.950000401586294       0.99511645436665286     
   27.050000403076410       0.99292570251682066     
   27.150000404566526       0.99051678450766900     
   27.250000406056643       0.98959260841610774     
   27.350000407546759       0.98555350438315292     
   27.450000409036875       0.98774122614743909     
   27.550000410526991       0.98811998684070190     
   27.650000412017107       0.98765941383769429     
   27.750000413507223       0.98420814640068344     
   27.850000414997339       0.98226283148008553     
   27.950000416487455       0.98112654940029698     
   28.050000417977571       0.98496263770166292     
   28.150000419467688       0.98198406360984403     
   28.250000420957804       0.98196588309656740     
   28.350000422447920       0.98478992282553512     
   28.450000423938036       0.98632011602631686     
   28.550000425428152       0.98561107600852893     
   28.650000426918268       0.99070161972598125     
   28.750000428408384       0.99385896886502023     
   28.850000429898500       0.99445286563205637     
   28.950000431388617       0.99614668345232771     
   29.050000432878733        1.0014917543556527     
   29.150000434368849        1.0030855793529028     
   29.250000435858965        1.0037855291140525     
   29.350000437349081        1.0048915103383798     
   29.450000438839197        1.0086033651323556     
   29.550000440329313        1.0102820325248965     
   29.650000441819429        1.0130878917405874     
   29.750000443309546        1.0143514374133122     
   29.850000444799662        1.0144059789531421     
   29.950000446289778        1.0151756206818521     
   30.050000447779894        1.0202752546559428     
   30.150000449270010        1.0151331994842068     
   30.250000450760126        1.0164997680654990     
   30.350000452250242        1.0166603625994424     
   30.450000453740358        1.0139423758645885     
   30.550000455230474        1.0151271393131145     
   30.650000456720591        1.0178451260479686     
   30.750000458210707        1.0120970537670120     
   30.850000459700823        1.0093699767755195     
   30.950000461190939        1.0047915175153586     
   31.050000462681055        1.0060823339579983     
   31.150000464171171        1.0090336372799020     
   31.250000465661287        1.0038067397128752     
   31.350000467151403        1.0012311669986880     
   31.450000468641520       0.99760718468554921     
   31.550000470131636       0.99954037926396266     
   31.650000471621752       0.99333476406554444     
   31.750000473111868       0.99662846705415797     
   31.850000474601984       0.98927747951931311     
   31.950000476092100       0.99005621150466150     
   32.050000477582216       0.98830482205901415     
   32.150000479072332       0.98825634069027646     
   32.250000480562449       0.98681705005587772     
   32.350000482052565       0.98543533104685499     
   32.450000483542681       0.98709278784057308     
   32.550000485032797       0.98889568874050415     
   32.650000486522913       0.98797151264894290     
   32.750000488013029       0.98687765176679976     
   32.850000489503145       0.98949564567863246     
   32.950000490993261       0.98959563850165388     
   33.050000492483377       0.99098644776731493     
   33.150000493973494       0.99284692029262200     
   33.250000495463610       0.99349232851394176     
   33.350000496953726       0.99541946292126304     
   33.450000498443842       0.99262875413330254     
   33.550000499933958       0.99894345241138038     
   33.650000501424074       0.99919797959725309     
   33.750000502914190        1.0018311239368163     
   33.850000504404306       0.99944644661203341     
   33.950000505894423       0.99856166163257154     
   34.050000507384539        1.0076549483564254     
   34.150000508874655        1.0026795478897250     
   34.250000510364771        1.0040188457011023     
   34.350000511854887        1.0068065244035167     
   34.450000513345003        1.0075791962177729     
   34.550000514835119        1.0102668820971659     
   34.650000516325235        1.0089457647990652     
   34.750000517815351        1.0068247049167933     
   34.850000519305468        1.0087548694096606     
   34.950000520795584        1.0047097052056138     
   35.050000522285700        1.0060399127603528     
   35.150000523775816        1.0061732365243812     
   35.250000525265932        1.0060641534447217     
   35.350000526756048        1.0061005144712749     
   35.450000528246164        1.0028977140490443     
   35.550000529736280        1.0042188313471452     
   35.650000531226397        1.0036340248367472     
   35.750000532716513        1.0033582870520519     
   35.850000534206629        1.0003615324469564     
   35.950000535696745       0.99804957717528020     
   36.050000537186861        1.0014917543556527     
   36.150000538676977       0.99621031524879589     
   36.250000540167093       0.99833440521661376     
   36.350000541657209       0.99458012922499262     
   36.450000543147326       0.99697086672086765     
   36.550000544637442       0.99555278668529157     
   36.650000546127558       0.99240755788843704     
   36.750000547617674       0.99477102461439715     
   36.850000549107790       0.99482253606868087     
   36.950000550597906       0.99514372513656779     
   37.050000552088022       0.99491646872061001     
   37.150000553578138       0.99625273644644130     
   37.250000555068254       0.99445892580314854     
   37.350000556558371        1.0021795837746179     
   37.450000558048487       0.99943129618430293     
   37.550000559538603       0.99937675464447306     
   37.650000561028719        1.0020614104383201     
   37.750000562518835        1.0033128357688603     
   37.850000564008951       0.99529522941387283     
   37.950000565499067        1.0025613745534270     
   38.050000566989183       0.99806775768855671     
   38.150000568479300        1.0027128788307320     
   38.250000569969416        1.0045582009283085     
   38.350000571459532        1.0043945763088191     
   38.450000572949648        1.0055581291585225     
   38.550000574439764        1.0038946121937120     
   38.650000575929880        1.0056217609549907     
   38.750000577419996        1.0065913883297435     
   38.850000578910112        1.0071065028725810     
   38.950000580400229        1.0067671332914174     
   39.050000581890345        1.0067125917515876     
   39.150000583380461        1.0074458724537443     
   39.250000584870577        1.0013008589662482     
   39.350000586360693        1.0027765106272002     
   39.450000587850809        1.0006463604882900     
   39.550000589340925        1.0023795694206608     
   39.650000590831041        1.0037400778308609     
   39.750000592321157        1.0038127998839674     
   39.850000593811274        1.0014735738423761     
   39.950000595301390        1.0019644477008447     
   40.050000596791506        1.0016341683763195     
   40.150000598281622       0.99863438368567792     
   40.250000599771738       0.99929797242027441     
   40.350000601261854       0.99795867460889709     
   40.450000602751970       0.99600123934611473     
   40.550000604242086       0.99283479995043755     
   40.650000605732203       0.99442559486214144     
   40.750000607222319       0.98977138346332783     
   40.850000608712435       0.99215000061701830     
   40.950000610202551       0.99263481430439482     
   41.050000611692667       0.99482859623977304     
   41.150000613182783       0.99082888331891761     
   41.250000614672899       0.99113492195907393     
   41.350000616163015       0.99221666249903262     
   41.450000617653131       0.99361050185023980     
   41.550000619143248       0.99530431967051114     
   41.650000620633364       0.99368322390334629     
   41.750000622123480       0.99423772955828305     
   41.850000623613596       0.99431954186802785     
   41.950000625103712       0.99506191282682299     
   42.050000626593828       0.99926464147926730     
   42.150000628083944       0.99544976377672412     
   42.250000629574060       0.99772838810739328     
   42.350000631064177       0.99851924043492601     
   42.450000632554293       0.99670421919281060     
   42.550000634044409       0.99841924761190470     
   42.650000635534525       0.99990701961504103     
   42.750000637024641       0.99986459841739561     
   42.850000638514757        1.0040400562999250     
   42.950000640004873       0.99725266467665519     
   43.050000641494989        1.0023310880519232     
   43.150000642985106        1.0013554005060781     
   43.250000644475222        1.0033976781641514     
   43.350000645965338        1.0074095114271910     
   43.450000647455454        1.0050945260699686     
   43.550000648945570        1.0022977571109160     
   43.650000650435686        1.0042733728869748     
   43.750000651925802        1.0045794115271314     
   43.850000653415918        1.0059550703650619     
   43.950000654906034        1.0047127352911598     
   44.050000656396151        1.0019068760754688     
   44.150000657886267        1.0055126778753309     
   44.250000659376383        1.0073004283475315     
   44.350000660866499        1.0063550416571474     
   44.450000662356615        1.0043097339135281     
   44.550000663846731        1.0023765393351147     
   44.650000665336847        1.0063974628547929     
   44.750000666826963        1.0031431509782787     
   44.850000668317080        1.0040097554444640     
   44.950000669807196        1.0058884084830477     
   45.050000671297312        1.0020644405238661     
   45.150000672787428        1.0018947557332845     
   45.250000674277544        1.0045854716982234     
   45.350000675767660        1.0018705150489156     
   45.450000677257776        1.0018371841079083     
   45.550000678747892       0.99959795088933856     
   45.650000680238008        1.0032795048278533     
   45.750000681728125        1.0001615468009137     
   45.850000683218241       0.99661331662642749     
   45.950000684708357       0.99958886063270025     
   46.050000686198473       0.99811926914284055     
   46.150000687688589        1.0003191112493111     
   46.250000689178705       0.99945856695421786     
   46.350000690668821       0.99771626776520883     
   46.450000692158937       0.99651938397449835     
   46.550000693649054       0.99846469889509626     
   46.650000695139170       0.99709813031380390     
   46.750000696629286       0.99629515764408672     
   46.850000698119402        1.0007312028835809     
   46.950000699609518       0.99311356782067894     
   47.050000701099634       0.99900102403675639     
   47.150000702589750       0.99718297270909484     
   47.250000704079866        1.0007493833968575     
   47.350000705569983       0.99650120346122173     
   47.450000707060099       0.99695571629313706     
   47.550000708550215        1.0016371984618657     
   47.650000710040331       0.99937978473001920     
   47.750000711530447       0.99969794371235998     
   47.850000713020563       0.99796170469444312     
   47.950000714510679       0.99945553686867172     
   48.050000716000795       0.99759203425781862     
   48.150000717490911        1.0032098128602929     
   48.250000718981028        1.0025189533557815     
   48.350000720471144        1.0019038459899228     
   48.450000721961260        1.0039643041612725     
   48.550000723451376        1.0019189964176531     
   48.650000724941492        1.0013644907627164     
   48.750000726431608       0.99984641790411899     
   48.850000727921724        1.0027704504561081     
   48.950000729411840       0.99869801548214610     
   49.050000730901957        1.0010160309249145     
   49.150000732392073       0.99851318026383384     
   49.250000733882189       0.99833137513106773     
   49.350000735372305       0.99971612422563660     
   49.450000736862421       0.99965855260026060     
   49.550000738352537       0.99802230640536527     
   49.650000739842653       0.99764051562655631     
   49.750000741332769        1.0001524565442754     
   49.850000742822886       0.99639212038156200     
   49.950000744313002       0.99566489985049744     
   50.050000745803118       0.99363474253460859     
   50.150000747293234       0.99601638977384532     
   50.250000748783350       0.99627091695971792     
   50.350000750273466       0.99620122499215757     
   50.450000751763582       0.99533462052597221     
   50.550000753253698       0.99384987860838192     
   50.650000754743814       0.99597396857619991     
   50.750000756233931       0.99778292964722315     
   50.850000757724047       0.99550430531655398     
   50.950000759214163       0.99780111016049977     
   51.050000760704279       0.99419227827509149     
   51.150000762194395       0.99330749329562951     
   51.250000763684511       0.99724357442001688     
   51.350000765174627       0.99706782945834294     
   51.450000766664743       0.99531947009824173     
   51.550000768154860       0.99905253549104012     
   51.650000769644976       0.99648908311903728     
   51.750000771135092        1.0035855434680097     
   51.850000772625208        1.0016190179485891     
   51.950000774115324       0.99974945516664371     
   52.050000775605440        1.0026522771198101     
   52.150000777095556        1.0023492685651998     
   52.250000778585672       0.99937978473001920     
   52.350000780075788        1.0026401567776255     
   52.450000781565905        1.0058793182264094     
   52.550000783056021        1.0055672194151608     
   52.650000784546137        1.0054914672765083     
   52.750000786036253        1.0057369042057425     
   52.850000787526369        1.0041885304916840     
   52.950000789016485        1.0068792464566232     
   53.050000790506601        1.0069004570554458     
   53.150000791996717        1.0096881357578602     
   53.250000793486834        1.0082124840969082     
   53.350000794976950        1.0066732006394883     
   53.450000796467066        1.0049157510227487     
   53.550000797957182        1.0066519900406654     
   53.650000799447298        1.0059581004506080     
   53.750000800937414        1.0043976063943651     
   53.850000802427530        1.0066125989285661     
   53.950000803917646        1.0034552497895273     
   54.050000805407763        1.0081034010172487     
   54.150000806897879        1.0032764747423071     
   54.250000808387995        1.0046006221259540     
   54.350000809878111       0.99915252831406154     
   54.450000811368227       0.99811623905729441     
   54.550000812858343        1.0003160811637648     
   54.650000814348459        1.0010099707538225     
   54.750000815838575        1.0009675495561769     
   54.850000817328691       0.99892224181255773     
   54.950000818818808       0.99974339499555154     
   55.050000820308924       0.99685875355566178     
   55.150000821799040       0.99560429813957529     
   55.250000823289156       0.99404986425442465     
   55.350000824779272       0.99794352418116661     
   55.450000826269388       0.99891921172701159     
   55.550000827759504       0.99322871107143085     
   55.650000829249620       0.99450134700079396     
   55.750000830739737       0.99114704230125839     
   55.850000832229853       0.99191062385887629     
   55.950000833719969       0.99323477124252313     
   56.050000835210085       0.99434681263794278     
   56.150000836700201       0.99594669780628498     
   56.250000838190317       0.99827380350569173     
   56.350000839680433       0.99734053715749216     
   56.450000841170549       0.99456497879726213     
   56.550000842660666       0.99597699866174594     
   56.650000844150782       0.99705570911615848     
   56.750000845640898       0.99760718468554921     
   56.850000847131014       0.99914646814296926     
   56.950000848621130        1.0013038890517945     
   57.050000850111246        1.0006281799750134     
   57.150000851601362        1.0019280866742915     
   57.250000853091478        1.0016947700872416     
   57.350000854581594        1.0039612740757264     
   57.450000856071711        1.0028916538779522     
   57.550000857561827        1.0041764101494997     
   57.650000859051943       0.99961007123152301     
   57.750000860542059        1.0059005288252321     
   57.850000862032175        1.0013281297361631     
   57.950000863522291        1.0026946983174554     
   58.050000865012407        1.0054944973620543     
   58.150000866502523        1.0057793254033880     
   58.250000867992640        1.0028219619103917     
   58.350000869482756        1.0003069909071265     
   58.450000870972872        1.0022007943734408     
   58.550000872462988        1.0006706011726589     
   58.650000873953104        1.0013463102494398     
   58.750000875443220       0.99780414024604580     
   58.850000876933336       0.99709207014271173     
   58.950000878423452       0.99445589571760240     
   59.050000879913568       0.99528613915723452     
   59.150000881403685       0.99594669780628498     
   59.250000882893801       0.99391654049039613     
   59.350000884383917       0.99530128958496511     
   59.450000885874033       0.99591033677973173     
   59.550000887364149       0.99477708478548932     
   59.650000888854265       0.99679209167364757     
   59.750000890344381       0.99097129733958444     
   59.850000891834497       0.99275904781178503     
   59.950000893324614       0.99597093849065377     
   60.050000894814730       0.99912525754414661     
   60.150000896304846       0.99444377537541806     
   60.250000897794962       0.99302266525429594     
   60.350000899285078       0.99571641130478117     
   60.450000900775194       0.99712540108371883     
   60.550000902265310       0.99680421201583203     
   60.650000903755426       0.99715267185363377     
   60.750000905245543       0.99743446980942130     
   60.850000906735659        1.0023765393351147     
   60.950000908225775        1.0036915964621231     
   61.050000909715891       0.99958280046160808     
   61.150000911206007        1.0047612166598974     
   61.250000912696123        1.0027068186596400     
   61.350000914186239        1.0077246403239859     
   61.450000915676355        1.0074882936513898     
   61.550000917166471        1.0081367319582557     
   61.650000918656588        1.0079821975954046     
   61.750000920146704        1.0102002202151517     
   61.850000921636820        1.0097638878965129     
   61.950000923126936        1.0076397979286948     
   62.050000924617052        1.0077003996396170     
   62.150000926107168        1.0062732293474026     
   62.250000927597284        1.0092245326693066     
   62.350000929087400        1.0061489958400125     
   62.450000930577517        1.0094033077165268     
   62.550000932067633        1.0084488307695043     
   62.650000933557749        1.0064126132825233     
   62.750000935047865        1.0079731073387663     
   62.850000936537981        1.0050308942735007     
   62.950000938028097        1.0047490963177130     
   63.050000939518213        1.0042915534002514     
   63.150000941008329        1.0019705078719370     
   63.250000942498446       0.99927676182145175     
   63.350000943988562       0.99861923325794744     
   63.450000945478678       0.99904041514885566     
   63.550000946968794       0.99572550156141948     
   63.650000948458910       0.99578307318679538     
   63.750000949949026       0.99070767989707353     
   63.850000951439142       0.99133187751957064     
   63.950000952929258       0.99253785156691954     
   64.050000954419374       0.99252573122473509     
   64.150000955909491       0.99057435613304501     
   64.250000957399607       0.99011075304449125     
   64.350000958889723       0.99197122556979833     
   64.450000960379839       0.99014711407104450     
   64.550000961869955       0.99298327414219656     
   64.650000963360071       0.99458921948163093     
   64.750000964850187       0.99443468511877975     
   64.850000966340303       0.99405289433997079     
   64.950000967830420       0.99418318801845318     
   65.050000969320536       0.99519220650530538     
   65.150000970810652        1.0002282086829279     
   65.250000972300768       0.99587094566763235     
   65.350000973790884       0.99984944798966513     
   65.450000975281000        1.0009796698983613     
   65.550000976771116        1.0001312459454526     
   65.650000978261232        1.0026674275475405     
   65.750000979751348        1.0035946337246480     
   65.850000981241465        1.0055581291585225     
   65.950000982731581        1.0046400132380533     
   66.050000984221697        1.0051278570109758     
   66.150000985711813        1.0072792177487087     
   66.250000987201929        1.0055975202706218     
   66.350000988692045        1.0046188026392306     
   66.450000990182161        1.0068580358578005     
   66.550000991672277        1.0083851989730361     
   66.650000993162394        1.0040370262143790     
   66.750000994652510        1.0050127137602241     
   66.850000996142626       0.99937069447338089     
   66.950000997632742        1.0038127998839674     
   67.050000999122858        1.0043188241701664     
   67.150001000612974       0.99944341652648738     
   67.250001002103090        1.0008554363909712     
   67.350001003593206        1.0011493546889432     
   67.450001005083323       0.99899799395121025     
   67.550001006573439       0.99755870331681151     
   67.650001008063555       0.99586488549654018     
   67.750001009553671       0.99504070222800023     
   67.850001011043787       0.99295297328673560     
   67.950001012533903       0.99470133264683680     
   68.050001014024019       0.99513463487992948     
   68.150001015514135       0.99405592442551693     
   68.250001017004251       0.99211969976155734     
   68.350001018494368       0.99456194871171599     
   68.450001019984484       0.99074404092362678     
   68.550001021474600       0.99192577428660678     
   68.650001022964716       0.99222575275567093     
   68.750001024454832       0.99317416953160109     
   68.850001025944948       0.99101977870832203     
   68.950001027435064       0.99600426943166087     
   69.050001028925180       0.99571338121923503     
   69.150001030415297       0.99688299424003068     
   69.250001031905413       0.99717691253800256     
   69.350001033395529        1.0000645840634383     
   69.450001034885645       0.99854348111929492     
   69.550001036375761       0.99685875355566178     
   69.650001037865877        1.0026371266920795     
   69.750001039355993        1.0030280077275266     
   69.850001040846109        1.0040733872409322     
   69.950001042336226        1.0059641606217002     
   70.050001043826342        1.0062459585774877     
   70.150001045316458        1.0087791100940295     
   70.250001046806574        1.0066459298695734     
   70.350001048296690        1.0053066320581958     
   70.450001049786806        1.0104002058611945     
   70.550001051276922        1.0123212800974235     
